I,SN,gal,Chi^2,z,cSN,cgal,Av,sfrac
0,SNIa-CN/sn1996bl.m0002.dat,E,9.114003506390188e-05,0.1,0.9993933925984585,0.00023551955895091938,-0.0004208870361516224,1.0
1,SNIa-CN/sn1996bl.m0004.dat,E,0.3565027372140973,0.1,0.9931241066140606,0.05789669641799545,0.04640116624633506,1.0
2,SNIa-BL/sn2007co.m0003.dat,E,0.40689206545316525,0.1,1.1453735486561558,0.12558481731085397,0.2653741843926958,1.0
3,SNIa-BL/sn2004as.m0003.dat,E,0.49338611206031846,0.1,1.1124712467078601,0.18026402985729195,0.33595203000505,1.0
4,SNIa-BL/sn1998dh.m0004.dat,E,0.49546959504051313,0.1,0.9586425015949137,0.19775282966330202,0.19840898913904362,1.0
5,SNIa-CN/sn2002er.m0004.dat,E,0.5127447992753011,0.1,0.6867759041980211,0.11584163421094189,-0.2635950081789154,1.0
6,SNIa-BL/sn2004as.m0004.dat,E,0.516339388398518,0.1,1.2417561048282615,0.15375105391553898,0.4197270468345583,1.0
7,SNIa-BL/sn2007co.m0001.dat,E,0.5341497404211051,0.1,0.8990439787637857,0.16874513062069943,0.04970722760021154,1.0
8,SNIa-BL/sn1998dh.m0005.dat,E,0.5392601611553582,0.1,1.1895923295969133,0.1487148669204967,0.3763758629840089,1.0
9,SNIa-BL/sn2007co.m0004.dat,E,0.5600908821020731,0.1,1.2029237071336893,0.10375063817664125,0.2915048509456918,1.0
10,SNIa-BL/sn2004as.m0002.dat,E,0.5854616982920291,0.1,0.9317397348237179,0.22231898344328957,0.19517378782401465,1.0
11,SNIa-BL/sn1998ec.m0003.dat,E,0.5880637573904353,0.1,0.7405037619116307,0.13210491297366997,-0.160856462264727,1.0
12,SNIa-BL/sn2007kk.m0001.dat,E,0.6330956232521485,0.1,0.9643567311264081,0.2047774978545146,0.14638661820448293,1.0
13,SNIa-CN/sn2001br.p0003.dat,E,0.6859609357554535,0.1,0.36582645129729935,0.19172935562986293,-0.3396030282013215,1.0
14,SNIa-BL/sn1998ef.p0001.dat,E,0.7353431310449503,0.1,0.5418837682722883,0.20537755869524654,-0.41508309955612804,1.0
15,SNIa-BL/sn2001en.p0002.dat,E,0.7405771843164666,0.1,0.5404032261704566,0.26676389245596643,-0.33955785659835935,1.0
16,SNIa-BL/sn2001da.m0002.dat,E,0.7451621587571583,0.1,0.6442720914707,0.19405844151793697,-0.22455527618970467,1.0
17,SNIa-BL/sn2004as.m0005.dat,E,0.7551929488965621,0.1,1.2917947911558643,0.11664006122407349,0.41856620375848397,1.0
18,SNIa-BL/sn2007af.p0003.dat,E,0.7631545168660662,0.09000000000000001,0.6724977476345981,0.294098816476358,-0.07939988608773069,1.0
19,SNIa-BL/sn2007kk.p0001.dat,E,0.7643753463408066,0.1,0.7235283384847346,0.2882175623175779,-0.052592525916043374,1.0
20,SNIa-BL/sn2001ep.p0001.dat,E,0.7767105978146456,0.09000000000000001,0.6932635700899588,0.2838064902280774,-0.03905626643775684,1.0
21,SNIa-BL/sn2004as.m0001.dat,E,0.7871007707620594,0.1,0.7688233161627543,0.2466893666764585,0.03487809102656215,1.0
22,SNIa-CN/sn2002G.m0003.dat,E,0.7975578993135313,0.1,0.7443165647817079,0.035072700234101785,-0.24887939960435645,1.0
23,SNIa-CN/sn1997dt.m0005.dat,E,0.798859227448978,0.1,0.5452706939915194,0.0,-0.6419558283255167,1.0
24,SNIa-CN/sn1999gd.p0001.dat,E,0.8073537726280862,0.09000000000000001,0.29301304376112686,0.22695891653903819,-1.0325230044147278,1.0
25,SNIa-BL/sn1998ec.m0004.dat,E,0.8095246666229547,0.1,0.6463837064015875,0.12026191729018094,-0.32369884085872036,1.0
26,SNIa-BL/sn2007co.m0000.dat,E,0.8327013598860266,0.1,0.6781864301132903,0.25011688635499174,-0.1323308231317815,1.0
27,SNIa-BL/sn2007co.m0005.dat,E,0.8355420910612201,0.1,0.9904066838156464,0.10973730885791436,0.09301487043849574,1.0
28,SNIa-BL/sn2001ep.m0000.dat,E,0.838699936588587,0.09000000000000001,0.8545954748238336,0.2624070010919425,0.15408119853595445,1.0
29,SNIa-BL/sn2006sr.m0001.dat,E,0.8464177686348707,0.1,1.119034917467527,0.1425800440014861,0.21525239337484664,1.0
30,SNIa-BL/sn2007af.p0002.dat,E,0.8544734904772159,0.09000000000000001,0.812646892593762,0.2974363924535417,0.12898391780304388,1.0
31,SNIa-BL/sn1994M.p0002.dat,E,0.8567685788471943,0.1,0.26769501648265454,0.3000974931660775,-0.9739321229569007,1.0
32,SNIa-CN/sn2006cf.p0004.dat,E,0.8624629135910161,0.09000000000000001,0.9639029581401124,0.19397759790463093,0.13848044841750876,1.0
33,SNIa-BL/sn2003ch.p0004.dat,E,0.8680565706366623,0.09000000000000001,0.907418086448263,0.3110431505391876,0.2632025552841048,1.0
34,SNIa-BL/sn2007bd.p0002.dat,E,0.8724572217162228,0.1,0.9300770682006586,0.16119589743670631,0.06109105896526228,1.0
35,SNIa-BL/sn1994M.p0003.dat,E,0.8747075035225957,0.1,0.37441915770403106,0.2712777996836344,-0.6839624213505282,1.0
36,SNIa-BL/sn2007kk.m0002.dat,E,0.8958140834844933,0.1,1.0007275300053204,0.17862472318800462,0.16604053913693298,1.0
37,SNIa-BL/sn2004ef.m0002.dat,E,0.9065299527970991,0.1,0.8714269939796774,0.15657551494696587,0.004202243045569267,1.0
38,SNIa-BL/sn1999cc.m0003.dat,E,0.9069817719548172,0.1,1.3588907291481016,0.19343832911357048,0.554172620866314,1.0
39,SNIa-BL/sn2001ep.p0002.dat,E,0.9102518903407171,0.09000000000000001,0.6678964485668151,0.28304619750356,-0.08884182521322893,1.0
40,SNIa-BL/sn2006sr.p0001.dat,E,0.9182849460657534,0.1,0.9271642422874659,0.21067494815439738,0.1032861054948332,1.0
41,SNIa-BL/sn2000cf.p0003.dat,E,0.9228812867982116,0.09000000000000001,1.2487374452007964,0.2985299776832703,0.5556206197827706,1.0
42,SNIa-BL/sn2000cw.p0004.dat,E,0.9282356634737174,0.09000000000000001,0.6379093680986809,0.3200050905456555,-0.08240496998049346,1.0
43,SNIa-BL/sn2002bo.m0003.dat,E,0.9286789736082605,0.1,0.36119125056032275,0.30345215578881585,-0.6593456335039507,1.0
44,SNIa-BL/sn2007bd.m0001.dat,E,0.9303845809346694,0.1,0.9877091822885228,0.14676416902744305,0.07874458149923366,1.0
45,SNIa-CN/sn1994D.m0003.dat,E,0.9420313749470903,0.1,2.171104712745272,0.05826052835123973,0.9173252215403027,1.0
46,SNIa-CN/sn2002G.m0004.dat,E,0.9460791104488244,0.1,0.715924543680456,0.0,-0.33960539568198866,1.0
47,SNIa-BL/sn1998ef.m0004.dat,E,0.9518718198831797,0.1,1.0061458851961698,0.12570289380223523,0.12930442996427438,1.0
48,SNIa-BL/sn2003kc.m0001.dat,E,0.9583280634438724,0.1,0.7912028427216473,0.1519731287635998,-0.0625653472790754,1.0
49,SNIa-BL/sn1998dh.m0007.dat,E,0.9615087280928523,0.1,1.1058529231870438,0.13385781668948907,0.28067273783283003,1.0
50,SNIa-BL/sn2003ch.p0005.dat,E,0.9745018822434354,0.09000000000000001,0.8878659991331171,0.2780464655704976,0.17817357512218596,1.0
51,SNIa-CN/sn1994D.m0004.dat,E,0.9775900971385981,0.1,2.476410760915057,0.0,1.0075302684846144,1.0
52,SNIa-BL/sn2002cs.p0003.dat,E,0.9808271033306404,0.1,0.9568184022137766,0.10844223374799426,0.06087672940953713,1.0
53,SNIa-BL/sn2006sr.p0002.dat,E,0.981212507013935,0.1,0.9071926805911493,0.2157391579676806,0.09209861716879073,1.0
54,SNIa-CN/sn1999ek.p0003.dat,E,0.9833591757749056,0.09000000000000001,0.10787974720482575,0.24112541105495391,-2.0,1.0
55,SNIa-BL/sn2007kk.p0002.dat,E,0.9969438616006199,0.1,0.5597568541747754,0.30899708712271345,-0.2654185789683826,1.0
56,SNIa-BL/sn1999cc.m0001.dat,E,1.0091591911344742,0.1,1.1505811201686846,0.25398794276501646,0.4499405795859529,1.0
57,SNIa-BL/sn2007co.p0001.dat,E,1.0220498133989202,0.1,0.631639173088593,0.2737148553192034,-0.17742829537942237,1.0
58,SNIa-CN/sn2003it.m0000.dat,E,1.0247471303487024,0.1,1.2660644896483906,0.10310346943541081,0.3440675755293601,1.0
59,SNIa-BL/sn2007af.p0004.dat,E,1.0293736710534702,0.09000000000000001,0.5810142427527683,0.30912491844196477,-0.20089797894195502,1.0
60,SNIa-BL/sn2003ch.p0006.dat,E,1.0303378405094925,0.09000000000000001,0.49130941765491387,0.24709324701045424,-0.0802606967825212,1.0
61,SNIa-BL/sn2003cq.m0002.dat,E,1.0317101110376206,0.1,0.9976287455917624,0.2260766493501105,0.265524822156549,1.0
62,SNIa-BL/sn2002bo.m0002.dat,E,1.0321470889142783,0.1,0.29298862156799166,0.3432923019039726,-0.8100864929591587,1.0
63,SNIa-CN/sn2003it.m0001.dat,E,1.0328703453303154,0.1,1.506059628732088,0.01940486660118505,0.44595028643065054,1.0
64,SNIa-BL/sn2005am.p0002.dat,E,1.0340227924990422,0.1,0.8161160933015403,0.2632150317759813,0.05725987415842653,1.0
65,SNIa-BL/sn2001ep.m0001.dat,E,1.0374567537095138,0.09000000000000001,0.8808686534998201,0.23985827699146423,0.15762573283171472,1.0
66,SNIa-BL/sn2001da.m0001.dat,E,1.0441039898023503,0.1,0.47404401984832095,0.23293464707986306,-0.16686880539329935,1.0
67,SNIa-BL/sn2004ef.m0003.dat,E,1.0540802000383227,0.1,0.904788367616046,0.18974956121272835,0.07220415747126332,1.0
68,SNIa-CN/sn2001br.m0000.dat,E,1.0711457804564963,0.1,1.1158758644561597,0.0,0.13655091619815451,1.0
69,SNIa-CN/sn2005cf.p0005.dat,E,1.074011242483996,0.09000000000000001,0.6613077056145971,0.2633729646285807,-0.12624722084725065,1.0
70,SNIa-BL/sn1998dh.m0001.dat,E,1.0804080732604255,0.1,0.6724239635972288,0.29168701517894524,-0.05054929714134692,1.0
71,SNIa-CN/sn2008ar.p0004.dat,E,1.0815586089059261,0.09000000000000001,0.5490697921672919,0.26314886791502595,-0.31623266798539795,1.0
72,SNIa-CN/sn2008Q.m0001.dat,E,1.0895617995873057,0.1,2.1254569019524925,0.07066497768530557,0.8338612235728006,1.0
73,SNIa-CN/sn2008Q.m0002.dat,E,1.094283435803717,0.1,2.143508242632163,0.01587674182021704,0.7909530394521476,1.0
74,SNIa-CN/sn2006cf.p0005.dat,E,1.0944780806274537,0.09000000000000001,1.1656024976197517,0.09489790766275316,0.23692777429045422,1.0
75,SNIa-CN/sn1994D.m0005.dat,E,1.0959725331264725,0.1,2.385136135671962,0.0,0.9822540321253205,1.0
76,SNIa-BL/sn2004ef.m0000.dat,E,1.111223447485108,0.1,0.6806731866304486,0.2649849006451415,-0.12025622826145935,1.0
77,SNIa-BL/sn2004as.m0000.dat,E,1.1204256797907235,0.1,0.6658971326809823,0.2886941114968349,-0.06648235657145031,1.0
78,SNIa-CN/sn1998eg.p0004.dat,E,1.1224216509524871,0.09000000000000001,0.5507847606703692,0.236078179530108,-0.3712515216604615,1.0
79,SNIa-BL/sn2002bo.m0004.dat,E,1.130057848052457,0.1,0.3074552049718225,0.2774738292681802,-0.8664469893324158,1.0
80,SNIa-CN/sn2003it.m0002.dat,E,1.1326698679827847,0.1,1.6569741903229271,0.0,0.5362803015960381,1.0
81,SNIa-BL/sn1999cc.m0000.dat,E,1.1395055982472135,0.1,0.9772132885397528,0.2345612917463847,0.23704055538978236,1.0
82,SNIa-CN/sn2006cf.p0002.dat,E,1.1406884680994878,0.09000000000000001,1.5520348664961194,0.0584616097313232,0.4775514444088977,1.0
83,SNIa-BL/sn2000cf.p0004.dat,E,1.1432361647866491,0.09000000000000001,1.041913629062597,0.2673086515443117,0.34653354581337475,1.0
84,SNIa-BL/sn2007af.m0006.dat,E,1.1508547453233056,0.1,1.2170950115798027,0.08243247372626039,0.29801766231518495,1.0
85,SNIa-CN/sn2002cr.p0001.dat,E,1.153147006302793,0.09000000000000001,1.7066560340709147,0.18685048732958245,0.8049177239552675,1.0
86,SNIa-CN/sn2008Q.m0000.dat,E,1.1543383732132502,0.1,1.6083538631037073,0.12814345720445647,0.5837748812471819,1.0
87,SNIa-CN/sn2003it.p0001.dat,E,1.1691069133705938,0.1,1.1733770432196187,0.10851934363561666,0.2713016476340636,1.0
88,SNIa-CN/sn2008bf.p0003.dat,E,1.1773286733791983,0.1,1.594058594882668,0.20077218301157845,0.6522227288975891,1.0
89,SNIa-BL/sn2003ch.p0003.dat,E,1.1827535282524981,0.09000000000000001,0.7179176368402904,0.33952034140324566,0.04975891722486568,1.0
90,SNIa-BL/sn2001ep.p0003.dat,E,1.1831288215939184,0.09000000000000001,0.5802209178008771,0.30007539585557796,-0.21285772055383734,1.0
91,SNIa-BL/sn2002bo.m0008.dat,E,1.1893980185503763,0.11000000000000001,0.29850447156381726,0.30312891381243273,-0.885032291318487,1.0
92,SNIa-BL/sn2002dj.m0007.dat,E,1.189527147967928,0.11000000000000001,0.9391447159545491,0.0,-0.03660933100753787,1.0
93,SNIa-BL/sn2007af.max.dat,E,1.19320365464415,0.09000000000000001,0.8833047509053761,0.2639723197809791,0.15423436472294016,1.0
94,SNIa-CN/sn2000fa.p0002.dat,E,1.193331546215644,0.1,0.5993273346173265,0.19542992644080845,-0.28794593613611924,1.0
95,SNIa-BL/sn2006sr.p0003.dat,E,1.1958456321194029,0.1,0.7432692260475822,0.23618490185627675,-0.06293617371291566,1.0
96,SNIa-BL/sn2007kk.p0003.dat,E,1.1958549466640682,0.1,0.562769317685178,0.2666887110644801,-0.31433704086507797,1.0
97,SNIa-CN/sn2008bf.p0004.dat,E,1.197420450910846,0.1,1.5164497830266526,0.20414115699210753,0.6100637955404232,1.0
98,SNIa-BL/sn2003cq.m0001.dat,E,1.202852102050124,0.1,1.109978755509976,0.1856503646401983,0.3295698539194547,1.0
99,SNIa-BL/sn1998dh.m0008.dat,E,1.2053210847515285,0.1,1.0389732446918793,0.14005427680956148,0.2177565793697192,1.0
100,SNIa-CN/sn2002fk.p0005.dat,E,1.2097369229855732,0.09000000000000001,1.1581240690807713,0.22922970117498098,0.45282995600990095,1.0
101,SNIa-BL/sn2007af.m0005.dat,E,1.2111456108048606,0.1,1.3959647195745908,0.10923629330021359,0.47783155279217737,1.0
102,SNIa-BL/sn2004fu.m0003.dat,E,1.21455318105756,0.1,0.504307249351504,0.2212834332541592,-0.4903872559904582,1.0
103,SNIa-CN/sn2000fa.p0001.dat,E,1.2164077054272013,0.1,0.7706710725351227,0.3156883582516397,0.09611903646742756,1.0
104,SNIa-CN/sn2008ar.p0003.dat,E,1.2284795088746343,0.09000000000000001,0.4489294867158125,0.31193996608522995,-0.4640245183979463,1.0
105,SNIa-CN/sn2002ef.m0003.dat,E,1.2285368501864171,0.1,0.6133471300323102,0.0,-0.504020120054014,1.0
106,SNIa-CN/sn2003kf.m0005.dat,E,1.2314108968486914,0.1,1.2117165321703478,0.0,0.2014563064057516,1.0
107,SNIa-BL/sn1997do.m0007.dat,E,1.2314861733018752,0.11000000000000001,1.5267109575347413,0.07024256193715309,0.5675912727115239,1.0
108,SNIa-CN/sn1999ek.m0001.dat,E,1.2365755755142418,0.09000000000000001,0.11983186391730713,0.2567573111165701,-1.8853845251906496,1.0
109,SNIa-CN/sn2005cf.p0004.dat,E,1.2396698718211874,0.09000000000000001,0.6475495894621727,0.2923147797948018,-0.12589880898872727,1.0
110,SNIa-CN/sn2003it.p0002.dat,E,1.2400441310332007,0.1,1.0361716815718618,0.1475624019192124,0.19325037154029504,1.0
111,SNIa-SS/sn2002de.m0003.dat,E,1.2451334269843588,0.1,0.9244022863586187,0.0,-0.08231540633576143,1.0
112,SNIa-BL/sn1997do.m0008.dat,E,1.2473667459043307,0.11000000000000001,1.4285980054500769,0.03702102503542062,0.45658267814069814,1.0
113,SNIa-BL/sn2004ef.p0001.dat,E,1.2474413712016097,0.1,0.5699287004746404,0.2797178438013447,-0.27686629030537835,1.0
114,SNIa-BL/sn2002bo.m0007.dat,E,1.2525832973313968,0.11000000000000001,0.3575347596538527,0.2755677166121525,-0.7208924978141897,1.0
115,SNIa-CN/sn2003kf.m0003.dat,E,1.2556873290360506,0.1,0.9796368919819075,0.05853017747088883,0.05502055820044867,1.0
116,SNIa-CN/sn2007A.p0004.dat,E,1.2618936342445264,0.09000000000000001,0.5412051133087058,0.24552797700893672,-0.38752130870805557,1.0
117,SNIa-CN/sn2008Q.m0003.dat,E,1.273543296526986,0.1,2.0858897153023386,0.0,0.7540964997775208,1.0
118,SNIa-BL/sn2003kc.m0006.dat,E,1.2767815138418719,0.1,0.8064766448843996,0.31137966537356987,0.1613080420400848,1.0
119,SNIa-BL/sn2007co.p0004.dat,E,1.2841730199925654,0.09000000000000001,0.5357033516913601,0.30795803141173733,-0.2960273514614743,1.0
120,SNIa-BL/sn2007le.m0008.dat,E,1.286337706092992,0.11000000000000001,0.420647130822031,0.1139475266665041,-0.7525373404455572,1.0
121,SNIa-CN/sn1996X.m0004.dat,E,1.287038287471671,0.1,2.1152084876738098,0.04960938795541589,0.8729369301544994,1.0
122,SNIa-BL/sn2003ch.p0001.dat,E,1.288014553988622,0.09000000000000001,0.907068846444104,0.269559840160121,0.1875121074846608,1.0
123,SNIa-SS/sn2006gr.m0002.dat,E,1.3040432808363365,0.1,2.4474958078298847,0.036638212741006676,0.9468932377690913,1.0
124,SNIa-CN/sn1997dt.p0002.dat,E,1.3107070691177367,0.09000000000000001,0.364114962859086,0.11680579477171146,-0.9215132437663258,1.0
125,SNIa-BL/sn2001ep.m0002.dat,E,1.3108073295203084,0.09000000000000001,0.9059933471075151,0.23027019483013475,0.16895997832295373,1.0
126,SNIa-BL/sn1998ef.m0005.dat,E,1.3164057254052293,0.1,1.0463558434678086,0.12728802377728413,0.17597884900973107,1.0
127,SNIa-BL/sn1994M.p0004.dat,E,1.3216484296398339,0.1,0.625255654126553,0.2740815391282773,-0.14197626702031788,1.0
128,SNIa-BL/sn1999ej.p0003.dat,E,1.3266730330782266,0.09000000000000001,0.7930198351830192,0.22262160458243366,-0.009280925590472704,1.0
129,SNIa-CN/sn2008ar.m0004.dat,E,1.3330189332310844,0.1,1.6185115423223695,0.011214346971104662,0.5190176341803042,1.0
130,SNIa-BL/sn1997bp.m0003.dat,E,1.334521936861948,0.11000000000000001,0.6831556378142861,0.3235088404980365,0.29249120982272764,1.0
131,SNIa-BL/sn2005am.p0003.dat,E,1.3361165885453137,0.1,0.9052235953312997,0.2508357051290141,0.13572779142106137,1.0
132,SNIa-CN/sn2008ar.p0005.dat,E,1.3362779729647303,0.09000000000000001,0.6211002291260351,0.35121968265213405,-0.08177382838166253,1.0
133,SNIa-CN/sn1998bu.m0004.dat,E,1.3388184056074297,0.1,1.052571403911168,0.03567085014717672,0.125685404019813,1.0
134,SNIa-BL/sn2004as.m0006.dat,E,1.3393165978975337,0.1,1.0587529846699624,0.15276300283161093,0.2471385051045144,1.0
135,SNIa-BL/sn2007co.p0002.dat,E,1.3431160531748447,0.1,0.4492561408352172,0.27400281648863567,-0.5185733821125322,1.0
136,SNIa-BL/sn2002dj.m0008.dat,E,1.3445129048328557,0.11000000000000001,0.8337985582361213,0.0,-0.1616988113455496,1.0
137,SNIa-BL/sn2002dj.m0006.dat,E,1.3487673089385326,0.11000000000000001,0.9327044279664056,0.0012707044557029206,-0.03665184141450948,1.0
138,SNIa-BL/sn2002he.m0003.dat,E,1.3524248003009482,0.1,1.155346409557991,0.12184993741835032,0.3888085033106341,1.0
139,SNIa-CN/sn2004bg.p0003.dat,E,1.3529658636258353,0.09000000000000001,1.2633361553651048,0.21167395644684633,0.4804508684995127,1.0
140,SNIa-CN/sn2008bf.p0005.dat,E,1.3557596030497336,0.1,1.335873682713002,0.2149995760377177,0.5055093277024024,1.0
141,SNIa-BL/sn2003cq.max.dat,E,1.3565821525477442,0.1,0.8198735865176139,0.26327624071225986,0.1161988493102818,1.0
142,SNIa-CN/sn1997Y.p0003.dat,E,1.3648338380576825,0.09000000000000001,0.4899865263151168,0.24647470828711726,-0.42980239470854914,1.0
143,SNIa-CN/sn2003it.m0003.dat,E,1.370433798041047,0.1,1.8292846731527774,0.0,0.6342912237421351,1.0
144,SNIa-CN/sn2008bf.p0001.dat,E,1.3740547344432519,0.1,1.788475423100886,0.1732505225989992,0.7386446001423813,1.0
145,SNIa-CN/sn1997Y.p0002.dat,E,1.3790008973778547,0.09000000000000001,0.5550654019248314,0.15281460452849685,-0.4065168896163275,1.0
146,SNIa-CN/sn2005bo.m0000.dat,E,1.3856641811023527,0.09000000000000001,0.4918627584221268,0.19099234433162904,-0.5703562084631076,1.0
147,SNIa-CN/sn2002jy.p0006.dat,E,1.3891356051271464,0.09000000000000001,0.7782627045034024,0.29170089188183357,0.07862172114262599,1.0
148,SNIa-CL/sn2003iv.p0003.dat,E,1.3923601163730088,0.09000000000000001,0.8847456281532873,0.21783433576497652,0.08046375829624333,1.0
149,SNIa-CN/sn2002fk.p0003.dat,E,1.3935418491747837,0.09000000000000001,1.2222273939913526,0.21643229048613072,0.4705081072427608,1.0
150,SNIa-CN/sn1995E.p0004.dat,E,1.3946396430611776,0.09000000000000001,0.12973728925401792,0.2817068133139687,-1.803205323497501,0.9696653372434014
151,SNIa-CN/sn2008ar.m0005.dat,E,1.3959000490035165,0.1,1.3871748592854847,0.0,0.3474151050367377,1.0
152,SNIa-CN/sn2005cf.p0003.dat,E,1.3959395220263633,0.09000000000000001,0.7309109596976705,0.29353638821757466,-0.002942506030703356,1.0
153,SNIa-CN/sn2004bg.p0006.dat,E,1.3998729715480018,0.09000000000000001,0.9590469016483089,0.2955078904596399,0.3035261556426007,1.0
154,SNIa-CN/sn2008ar.p0001.dat,E,1.4028901127612758,0.09000000000000001,0.7040535435015296,0.30956357447732025,-0.009778397379111632,1.0
155,SNIa-BL/sn2002he.p0004.dat,E,1.4069234078334725,0.1,0.8166118739595,0.277387114574767,0.11114635315635901,1.0
156,SNIa-BL/sn2002bo.m0005.dat,E,1.4136262432560547,0.1,0.38205930497440943,0.29401455019722783,-0.6285073163412501,1.0
157,SNIa-CN/sn2006lf.m0005.dat,E,1.4150056685877683,0.1,0.20051022150815745,0.013794275133592868,-1.6874185162804236,1.0
158,SNIa-BL/sn2007af.m0001.dat,E,1.420685391275069,0.09000000000000001,0.5874193545995872,0.26221442681290963,-0.3096983843416805,1.0
159,SNIa-CN/sn2003it.p0003.dat,E,1.4263952277821668,0.1,0.8979240730369467,0.13136383660887355,0.018165426753602137,1.0
160,SNIa-CN/sn2007ca.p0006.dat,E,1.427634985603135,0.09000000000000001,0.2880810809536574,0.24069758617805853,-1.008352823814961,1.0
161,SNIa-BL/sn1997bq.m0007.dat,E,1.4292995381595024,0.11000000000000001,1.2914055880358624,0.24470039016427225,0.604253286130774,1.0
162,SNIa-BL/sn2001da.p0002.dat,E,1.435825515414813,0.09000000000000001,0.34965309591332616,0.33404002684033973,-0.6880455496142102,1.0
163,SNIa-BL/sn2007jg.m0002.dat,E,1.4365526080679034,0.1,1.4173542749930497,0.0999415337818101,0.4629292845833116,1.0
164,SNIa-BL/sn2006ev.p0006.dat,E,1.4401034109621427,0.09000000000000001,0.40455916806392267,0.335581502249161,-0.5361910849817089,1.0
165,SNIa-BL/sn1999ej.p0001.dat,E,1.442711784595439,0.09000000000000001,0.8762984173666997,0.2325908930126122,0.12569974442473558,1.0
166,SNIa-BL/sn2007co.p0003.dat,E,1.4429226723495427,0.09000000000000001,0.3340483923710482,0.34849812863104057,-0.7319100732092366,1.0
167,SNIa-CN/sn1997dt.m0008.dat,E,1.444450770995656,0.1,0.5385927507092784,0.0,-0.6656788422510863,1.0
168,SNIa-CL/sn2004gs.m0000.dat,E,1.4478262645162623,0.09000000000000001,0.5661745594942487,0.3184910015793321,-0.2618695360655979,1.0
169,SNIa-CN/sn2008ar.m0007.dat,E,1.4488035445499448,0.1,1.151375059684649,0.0,0.15229900852198627,1.0
170,SNIa-BL/sn2006sr.p0004.dat,E,1.4501936676279423,0.1,0.5927297856250262,0.2659766633820174,-0.2542706503015679,1.0
171,SNIa-CN/sn1994D.m0000.dat,E,1.4502145317169575,0.1,1.0557204005579572,0.18899883669707593,0.2974655131085617,1.0
172,SNIa-CL/sn2007ci.m0004.dat,E,1.456981597760247,0.1,1.9639332437804233,0.1496091661314031,0.8365957290965388,1.0
173,SNIa-CN/sn2008ar.m0003.dat,E,1.4589658028234358,0.1,1.3225499673836347,0.0925815789921964,0.3922606271737527,1.0
174,SNIa-BL/sn2001da.p0003.dat,E,1.459610288652586,0.09000000000000001,0.32942946123739986,0.3263563469468397,-0.7536301113533461,1.0
175,SNIa-BL/sn2001da.max.dat,E,1.4604507408986762,0.1,0.5949169066886192,0.2744275145636959,-0.19374146928366665,1.0
176,SNIa-CN/sn2007fs.p0005.dat,E,1.4710768247229973,0.09000000000000001,0.5927003476375421,0.306774056559993,-0.20825613602411602,1.0
177,SNIa-CN/sn2006N.m0003.dat,E,1.4790885983332278,0.1,0.9573494903301271,0.0,-0.08712549013791451,1.0
178,SNIa-CN/sn2006le.p0003.dat,E,1.4855948343930874,0.1,0.47878353213720287,0.23782053328134425,-0.49517678697127854,1.0
179,SNIa-BL/sn1998dh.m0009.dat,E,1.486306271431014,0.1,0.9749064940676089,0.1627810322698116,0.18417116294703248,1.0
180,SNIa-BL/sn2004fu.p0002.dat,E,1.4873436683065473,0.1,0.18398353570442694,0.3341060708400798,-1.3187104843041975,1.0
181,SNIa-CN/sn1998bu.m0003.dat,E,1.4877265369082555,0.1,0.78373883266768,0.10963638926401896,-0.11162273436869052,1.0
182,SNIa-BL/sn2002cd.m0005.dat,E,1.490635231565685,0.11000000000000001,0.11294992300019978,0.1905685371206759,-2.0,1.0
183,SNIa-CN/sn2002ck.p0002.dat,E,1.4921701975585915,0.09000000000000001,0.7295535246320233,0.2751134542501157,-0.027403609610450727,1.0
184,SNIa-BL/sn2005am.m0003.dat,E,1.4949345173202002,0.1,1.0853274855697752,0.25113543638288677,0.3833126585327378,1.0
185,SNIa-CN/sn2003ic.m0002.dat,E,1.4951208904384918,0.1,1.6767813183489533,0.15972556533253773,0.6438102878896655,1.0
186,SNIa-CN/sn2006N.m0001.dat,E,1.496467570133495,0.1,1.1183387728972445,0.0,0.08159051605422032,1.0
187,SNIa-BL/sn2003ch.p0002.dat,E,1.4969312978320957,0.09000000000000001,1.1161933943532063,0.11667537746031441,0.22335848028448552,1.0
188,SNIa-CN/sn2008C.p0004.dat,E,1.4981494796152839,0.09000000000000001,0.5701026726063473,0.07034512278641203,-0.49454780209947635,1.0
189,SNIa-CN/sn2007F.m0002.dat,E,1.4986536783812845,0.1,2.4318201269679105,0.028680663257316937,0.9173580404956326,1.0
190,SNIa-BL/sn2007af.m0004.dat,E,1.5033542425197979,0.1,1.4159132577860687,0.14864002731640943,0.5409972124895944,1.0
191,SNIa-SS/sn2006S.m0003.dat,E,1.5041420117657416,0.1,1.9949763996688918,0.0,0.701268200187774,1.0
192,SNIa-CN/sn1997dt.m0009.dat,E,1.5076626578310575,0.1,0.5380115292782878,0.0,-0.6644600854572246,1.0
193,SNIa-CN/sn2001ck.p0005.dat,E,1.5086540819623586,0.09000000000000001,0.7920641115449569,0.2558262174311591,0.031918388044818835,1.0
194,SNIa-BL/sn2007le.m0006.dat,E,1.5110495115274338,0.11000000000000001,0.6660822987412146,0.1023088709703199,-0.3040493816226829,1.0
195,SNIa-SS/sn2001az.m0003.dat,E,1.521078462066757,0.1,1.677048702719341,0.0,0.5227248962666344,1.0
196,SNIa-BL/sn2004ef.p0002.dat,E,1.5276349165178296,0.1,0.5456735937731132,0.27594023123910205,-0.3211132795756866,1.0
197,SNIa-CN/sn2006cf.p0007.dat,E,1.531291878507278,0.09000000000000001,1.078870231967583,0.19551163756564954,0.2752036221686114,1.0
198,SNIa-CN/sn2005cf.p0002.dat,E,1.5375008208188923,0.09000000000000001,0.9511478888359544,0.2903567284937165,0.2645159113280449,1.0
199,SNIa-BL/sn2002cd.m0006.dat,E,1.5376457638866599,0.11000000000000001,0.14421070512613748,0.14778099644724882,-1.8114069874669458,1.0
200,SNIa-BL/sn2004as.p0003.dat,E,1.5376861967887119,0.09000000000000001,0.3318001302307368,0.371967717297965,-0.6875465041989514,1.0
201,SNIa-BL/sn2007co.p0005.dat,E,1.537766432663678,0.09000000000000001,0.3548082575984116,0.34164743904381406,-0.6620802958244222,1.0
202,SNIa-CN/sn2005el.p0004.dat,E,1.5392420681374273,0.09000000000000001,0.9264453647449918,0.2146472020974458,0.11931284200601558,1.0
203,SNIa-CN/sn1994ae.p0004.dat,E,1.544739748950366,0.09000000000000001,0.7380578719568014,0.3254566676247665,-0.021065424280483087,0.9666318768328445
204,SNIa-CN/sn2002aw.p0001.dat,E,1.5476109798543272,0.09000000000000001,1.2074987240097896,0.1422663742274355,0.3411884731540984,1.0
205,SNIa-CN/sn2006ax.p0001.dat,E,1.5547347617128144,0.09000000000000001,1.7839718379625606,0.1950228328025346,0.7480471035985972,1.0
206,SNIa-CN/sn2002er.p0004.dat,E,1.5555417479811815,0.09000000000000001,0.21783750371449392,0.34654671081808075,-1.1508569768469596,1.0
207,SNIa-BL/sn2003ch.m0000.dat,E,1.5656941862585185,0.09000000000000001,0.891752041865171,0.26189575204723936,0.15435756243582063,1.0
208,SNIa-CN/sn1994ae.p0005.dat,E,1.5681216266287832,0.09000000000000001,0.6994809694755401,0.34237800387700934,-0.032017005776989,0.9675684457478007
209,SNIa-CN/sn1996X.m0001.dat,E,1.5683926055856257,0.1,1.0229343642858462,0.2100748832173358,0.28686947934146284,1.0
210,SNIa-BL/sn2001ep.m0007.dat,E,1.572212313932586,0.1,0.7026643123808204,0.14568807863622618,-0.1926414862894836,1.0
211,SNIa-BL/sn2007bm.m0009.dat,E,1.5743589609038158,0.1,0.5589002816730777,0.0,-0.6027182560670239,1.0
212,SNIa-BL/sn1997bq.m0009.dat,E,1.577980196673546,0.11000000000000001,1.000265897377937,0.2657026368589018,0.3516230483774795,1.0
213,SNIa-CN/sn2002jy.p0007.dat,E,1.5808692408843141,0.09000000000000001,0.5826070799468264,0.29480642589716405,-0.21614399649268978,1.0
214,SNIa-CN/sn2007A.m0003.dat,E,1.5813143107604266,0.1,1.430971479255802,0.0,0.3491074571368096,1.0
215,SNIa-BL/sn1997bp.m0001.dat,E,1.5813525210990984,0.11000000000000001,0.24137315136516266,0.3699414722178807,-0.9738533543837146,1.0
216,SNIa-BL/sn2004as.p0002.dat,E,1.5841722048735263,0.09000000000000001,0.47492655246953436,0.3992581634187793,-0.2716029512369591,1.0
217,SNIa-CN/sn1998dm.p0007.dat,E,1.5872581576507756,0.09000000000000001,0.3048841255842765,0.32847915615415707,-0.8243521866033872,1.0
218,SNIa-CN/sn1995E.m0001.dat,E,1.5882154742689714,0.1,0.1791795584118399,0.1981703158710385,-1.5545885027280155,0.9919774193548387
219,SNIa-CN/sn2006lf.m0007.dat,E,1.6001250410191252,0.1,0.1476035604078364,0.05891537135104484,-1.9968809281082744,1.0
220,SNIa-BL/sn2007af.p0005.dat,E,1.6031710356687499,0.09000000000000001,0.4401681817167095,0.3418331885663455,-0.42498436957100827,1.0
221,SNIa-SS/sn2006gr.m0001.dat,E,1.6069097181421805,0.1,1.815008431740506,0.1122755066213087,0.694144172976108,1.0
222,SNIa-BL/sn2002hd.p0001.dat,E,1.6094532443220317,0.09000000000000001,0.8458283556662564,0.30508856163799736,0.1744454531279931,1.0
223,SNIa-CN/sn2001G.m0005.dat,E,1.6123294004940307,0.1,2.432674413957562,0.0,0.9423344340462032,1.0
224,SNIa-BL/sn2003W.m0005.dat,E,1.6124197061689811,0.11000000000000001,0.7865946967794938,0.19842604785172943,0.006313408548083313,1.0
225,SNIa-CN/sn2004L.p0002.dat,E,1.6138817574697661,0.09000000000000001,0.7537080454700397,0.0,-0.29545100516921463,1.0
226,SNIa-CN/sn1996C.p0005.dat,E,1.61685955776823,0.09000000000000001,0.37465470064249584,0.2698615810540236,-0.6992409787091867,1.0
227,SNIa-BL/sn2006cp.m0009.dat,E,1.6241803939097368,0.11000000000000001,0.7786089832754877,0.2528951520319485,0.03224873711394377,1.0
228,SNIa-BL/sn2001ep.m0003.dat,E,1.6248643565357548,0.09000000000000001,0.9650173063021787,0.21522053899741955,0.22282747355546542,1.0
229,SNIa-BL/sn2004as.m0007.dat,E,1.6279859933010727,0.1,0.9726347982321467,0.1582778384615561,0.1602975607608677,1.0
230,SNIa-SS/sn2006gr.m0004.dat,E,1.6325720398545625,0.1,1.7259968376433217,0.0,0.5491124815210352,1.0
231,SNIa-CN/sn2005cf.p0001.dat,E,1.6341273493282742,0.09000000000000001,1.0416680808874046,0.27688631229117205,0.34895423003017767,1.0
232,SNIa-CN/sn2003kf.m0008.dat,E,1.6390531296914188,0.1,1.0858135913439304,0.0,0.09444334407771691,1.0
233,SNIa-CN/sn1994S.m0004.dat,E,1.6429317644147239,0.1,2.5078645128226977,0.002283357150020373,1.037887722822653,1.0
234,SNIa-CN/sn2001cp.m0004.dat,E,1.6429430714706923,0.1,1.9687490183593814,0.0,0.7077399676411102,1.0
235,SNIa-CN/sn2002cr.m0002.dat,E,1.6441002314363642,0.09000000000000001,2.0362555176158863,0.10964998185099596,0.9111213203090371,1.0
236,SNIa-BL/sn1997bq.m0008.dat,E,1.6456366161893476,0.11000000000000001,0.894492439847208,0.2631422055408348,0.24555697000070592,1.0
237,SNIa-SS/sn2002de.p0002.dat,E,1.6493543175758738,0.1,0.85631272385837,0.0,-0.15697059049255613,1.0
238,SNIa-CN/sn2004at.m0005.dat,E,1.6509054994611039,0.1,2.8906656049465145,0.0014046371028124895,1.1592006205780878,1.0
239,SNIa-BL/sn2001bg.p0004.dat,E,1.6564123733465586,0.09000000000000001,0.25193100021487774,0.41673539107238194,-0.8885809154991275,1.0
240,SNIa-CN/sn2006N.p0001.dat,E,1.6598277993738226,0.1,1.033442965691281,0.04300388859668748,0.05841337851275858,1.0
241,SNIa-CN/sn2004at.m0004.dat,E,1.6616864072404394,0.1,2.9041381094495557,0.0,1.1569284757686469,1.0
242,SNIa-BL/sn2002bo.m0006.dat,E,1.6631600201255194,0.11000000000000001,0.3447985210161654,0.30365917607107573,-0.7146447842208201,1.0
243,SNIa-BL/sn2002ha.p0006.dat,E,1.6651828462030225,0.09000000000000001,0.732949955637936,0.2756448086058052,0.003241718242455174,1.0
244,SNIa-CN/sn2004L.p0003.dat,E,1.6681989136822988,0.09000000000000001,0.6757196221099467,0.0,-0.4026620533158068,1.0
245,SNIa-SS/sn2002de.m0002.dat,E,1.6718045074163828,0.1,1.105470294636217,0.0,0.09643361139150913,1.0
246,SNIa-CN/sn2006N.p0006.dat,E,1.6731694925162297,0.09000000000000001,0.699990843780742,0.11059741999931473,-0.24897505047412488,1.0
247,SNIa-CN/sn1994ae.p0003.dat,E,1.6735799172090764,0.09000000000000001,0.8214418313148529,0.33931734229810384,0.12152975684609774,0.9727147800586509
248,SNIa-BL/sn2007bm.m0011.dat,E,1.6791235030669511,0.1,0.4560155901905491,0.05408046782444774,-0.7732626056145441,1.0
249,SNIa-BL/sn2006cp.m0008.dat,E,1.6792296511210592,0.11000000000000001,0.8392116606461637,0.23740757006318225,0.07996193359244606,1.0
250,SNIa-BL/sn2004ef.m0004.dat,E,1.6809761890714496,0.1,0.8498871301349016,0.20948759350403134,0.03403814675015137,1.0
251,SNIa-BL/sn2001ep.p0004.dat,E,1.6818925967553204,0.09000000000000001,0.45496543092378106,0.3269115065958623,-0.42396882331576285,1.0
252,SNIa-BL/sn1997bq.m0006.dat,E,1.6823448691219012,0.11000000000000001,0.8069572218304003,0.2694766574222735,0.12805140612264437,1.0
253,SNIa-CN/sn2003kf.m0007.dat,E,1.6835607552789031,0.1,1.4803005075701345,0.0,0.4281846268867763,1.0
254,SNIa-BL/sn2007bd.m0004.dat,E,1.6839671563421574,0.1,1.6198669028829882,0.06536667619881179,0.5422095368186058,1.0
255,SNIa-CN/sn1996X.m0003.dat,E,1.6845514575056442,0.1,2.7837118413285737,0.1518671781569101,1.3234941562761995,1.0
256,SNIa-BL/sn2003cq.p0001.dat,E,1.6849615210474815,0.1,0.9408140456463886,0.26015068126208485,0.2420544547326786,1.0
257,SNIa-CN/sn2005cf.m0005.dat,E,1.6852615843501777,0.1,1.9336164143251637,0.0,0.7221524264769243,1.0
258,SNIa-CN/sn1998bu.m0002.dat,E,1.6878883699314546,0.1,0.6952277888394999,0.16610718542240743,-0.16951962712738394,1.0
259,SNIa-BL/sn2002dp.m0005.dat,E,1.6896673015126362,0.1,1.5284074514647141,0.08369705863873211,0.6000971256396763,1.0
260,SNIa-CL/sn2007bc.m0003.dat,E,1.6914145724072487,0.09000000000000001,1.6534670152185431,0.15058980115829437,0.6386773794299414,1.0
261,SNIa-CL/sn2007ci.m0002.dat,E,1.6929385194477127,0.1,1.5868467017543946,0.22131352497209208,0.7040935138055198,1.0
262,SNIa-BL/sn2007af.m0003.dat,E,1.6960074211642469,0.1,1.820384266541549,0.18519456527120248,0.8700916557835405,1.0
263,SNIa-CN/sn2007F.m0001.dat,E,1.6984823635980535,0.1,2.2339309772703797,0.107209010467287,0.9047845671186487,1.0
264,SNIa-CN/sn2006N.p0005.dat,E,1.7010966905454852,0.09000000000000001,0.766933547926135,0.04597123688109567,-0.22060055985351656,1.0
265,SNIa-BL/sn2007le.m0007.dat,E,1.703839942154698,0.11000000000000001,0.6266706642402367,0.13345937248802422,-0.34513499191258573,1.0
266,SNIa-CN/sn2006et.p0002.dat,E,1.7141284167012059,0.09000000000000001,0.6108303287533339,0.36118451566552495,-0.09426790643729656,1.0
267,SNIa-CN/sn1998V.p0002.dat,E,1.7154495652276875,0.09000000000000001,0.47331231719405437,0.3136961952889702,-0.4179194844649045,1.0
268,SNIa-SS/sn2006S.m0001.dat,E,1.7185604359410416,0.1,1.6037590847721206,0.08382090811358325,0.5453676121522045,1.0
269,SNIa-CN/sn2007fs.p0004.dat,E,1.7187472426299966,0.09000000000000001,0.1681767741686808,0.3615832325865564,-1.3578445894602067,1.0
270,SNIa-CN/sn2007A.m0002.dat,E,1.7194571904394986,0.1,1.2307042585622325,0.024682780956762452,0.21551676553901256,1.0
271,SNIa-CN/sn2002ck.max.dat,E,1.7217512478598413,0.09000000000000001,0.8784099495081019,0.2681538694286022,0.15438228240669746,1.0
272,SNIa-CN/sn1995D.p0006.dat,E,1.7226603946043104,0.09000000000000001,1.100492452858494,0.32496618724677057,0.43875276442115096,0.9818599120234602
273,SNIa-SS/sn2002de.p0003.dat,E,1.7244993086579206,0.1,0.7697824485401903,0.0,-0.26168727218387744,1.0
274,SNIa-CN/sn1998dx.m0002.dat,E,1.7249734676732098,0.1,2.145608366314143,0.09666822626702817,0.855057812445893,1.0
275,SNIa-CN/sn1997dt.max.dat,E,1.7253086320990425,0.1,0.49316225456511403,0.0004000873647394958,-0.72273249192034,1.0
276,SNIa-CN/sn2001fh.p0004.dat,E,1.72551072451362,0.09000000000000001,0.16717439739767934,0.0,-1.8707919570950828,1.0
277,SNIa-SS/sn2006S.max.dat,E,1.7274599192403532,0.1,1.4020759360291848,0.12136050508669165,0.43950785207003246,1.0
278,SNIa-CN/sn2002cr.p0005.dat,E,1.7365473821524664,0.09000000000000001,1.0612730509157828,0.26336697898075007,0.40761789126355336,1.0
279,SNIa-BL/sn2002cd.m0004.dat,E,1.7387016387367467,0.11000000000000001,0.10927638501438358,0.20105957870174465,-2.0,1.0
280,SNIa-CN/sn2003du.m0010.dat,E,1.7387133102818986,0.1,2.878403633306088,0.0,1.184729154805742,1.0
281,SNIa-CL/sn2007ci.m0005.dat,E,1.7398883476041025,0.1,1.8417068877421283,0.1285671651269104,0.7477921259839216,1.0
282,SNIa-CN/sn2005cf.m0004.dat,E,1.7425929533553148,0.1,1.7991365759998201,0.0342479143079052,0.6712913543020206,1.0
283,SNIa-CL/sn2004gs.m0001.dat,E,1.7451541457567514,0.09000000000000001,0.6850965855465068,0.30873798840720584,-0.09489000951665236,1.0
284,SNIa-CN/sn2006az.m0001.dat,E,1.7509803315626566,0.09000000000000001,1.6707073868670959,0.027840334150135836,0.518864247769408,1.0
285,SNIa-CN/sn2003it.p0004.dat,E,1.7526109682211053,0.1,0.8690822125567557,0.1776480214852926,0.03987124019678135,1.0
286,SNIa-BL/sn2003gn.m0003.dat,E,1.753142295438915,0.1,0.737539262750799,0.29660696718009133,0.04555409341717533,1.0
287,SNIa-CN/sn1998dx.m0001.dat,E,1.7546257357949497,0.1,1.1843771131050482,0.22397510906251766,0.36569553286230433,1.0
288,SNIa-CN/sn2006le.p0004.dat,E,1.756319221586962,0.1,0.41622422933017084,0.24589161534080145,-0.6324785449908904,1.0
289,SNIa-CN/sn2008ar.m0001.dat,E,1.7567671229498378,0.09000000000000001,1.278861220615127,0.1479536770561227,0.3898630774870162,1.0
290,SNIa-BL/sn2004as.m0008.dat,E,1.757787080483641,0.11000000000000001,0.9682805034883553,0.16316773149038813,0.16426701474824404,1.0
291,SNIa-CN/sn2001cp.m0005.dat,E,1.7584596600074227,0.1,1.8880407306332272,0.0,0.6644177946921173,1.0
292,SNIa-BL/sn2006cp.m0006.dat,E,1.7607706897979405,0.11000000000000001,0.9393568051064196,0.24094641267725814,0.21482246158780632,1.0
293,SNIa-CN/sn2005na.p0003.dat,E,1.7626424203674436,0.09000000000000001,1.0715105807029972,0.14898016540021997,0.1891036042247422,1.0
294,SNIa-BL/sn2005am.p0004.dat,E,1.762860418604224,0.1,0.7278385708397193,0.2741206243750114,-0.041577638268196916,1.0
295,SNIa-BL/sn2008L.p0006.dat,E,1.7634324902094771,0.09000000000000001,0.5570307252867123,0.28317673650301056,-0.2983603686284868,1.0
296,SNIa-CL/sn2006gj.p0003.dat,E,1.7659832827980626,0.09000000000000001,0.39382963276339006,0.12803884650780273,-0.8288089332057013,1.0
297,SNIa-CN/sn2005ki.p0001.dat,E,1.766983474980727,0.1,1.1979761929729664,0.1857887885057295,0.35045048408369284,1.0
298,SNIa-BL/sn2007kk.p0004.dat,E,1.7796974037595215,0.1,0.35554535022490963,0.34284707393990727,-0.6707660081641413,1.0
299,SNIa-BL/sn2004ef.p0003.dat,E,1.7808476276636929,0.09000000000000001,0.3890647668180626,0.3582400144315368,-0.5672820357620525,1.0
300,SNIa-SS/sn2006S.p0001.dat,E,1.7825554541884958,0.1,1.2109684744534934,0.16786821458582313,0.33031475951838307,1.0
301,SNIa-CN/sn1994D.m0008.dat,E,1.7833426734466251,0.1,1.6876952224607988,0.0,0.6187726943197362,1.0
302,SNIa-CN/sn1995E.p0001.dat,E,1.7862076378974676,0.1,0.16652621614704677,0.26939013802691053,-1.5474557697306066,0.9877612903225808
303,SNIa-BL/sn2007af.m0002.dat,E,1.7871568983765334,0.09000000000000001,0.6247894316033336,0.24308710615480364,-0.2765397066712303,1.0
304,SNIa-CN/sn2006N.p0002.dat,E,1.7879228659884063,0.1,0.956493249386739,0.08165424822435799,0.013068172808843948,1.0
305,SNIa-CN/sn2005el.m0004.dat,E,1.7895926240609463,0.1,2.170250064238937,0.0,0.8084307802416917,1.0
306,SNIa-CN/sn2003du.p0002.dat,E,1.791064446247569,0.09000000000000001,0.9982860069027004,0.3090336209244182,0.36052331736683824,1.0
307,SNIa-BL/sn2004fu.p0004.dat,E,1.7932221307142748,0.09000000000000001,0.15673264490476438,0.39566782786022486,-1.424813500518833,1.0
308,SNIa-CN/sn2001ck.p0006.dat,E,1.7952862138515266,0.09000000000000001,0.5109367809332178,0.3038964322041583,-0.10816524514551625,1.0
309,SNIa-CN/sn2002jy.p0008.dat,E,1.7964538456463006,0.09000000000000001,0.6398326312413659,0.32211004970249046,-0.07820885032431363,1.0
310,SNIa-CN/sn1998aq.p0005.dat,E,1.8011969516689919,0.09000000000000001,1.1172651675652145,0.2963542859495631,0.4726381537402938,1.0
311,SNIa-SS/sn2006cz.m0004.dat,E,1.8035884099129957,0.1,1.2630180282985255,0.14738425314143047,0.34453785888275557,1.0
312,SNIa-CN/sn1998dx.p0002.dat,E,1.8088829318410782,0.1,0.976100595416679,0.253435008266121,0.2011208302344791,1.0
313,SNIa-CL/sn2007bc.p0004.dat,E,1.8104939233260502,0.09000000000000001,0.6904372965468296,0.2658585354879375,-0.10420758859016917,1.0
314,SNIa-BL/sn1993ac.p0007.dat,E,1.8164087455579847,0.1,0.6253666096998366,0.3516785762430007,0.103668831965548,1.0
315,SNIa-CL/sn2000dk.p0001.dat,E,1.8183110653000578,0.09000000000000001,1.0298678334738967,0.254712688327336,0.34555176197390924,1.0
316,SNIa-BL/sn2006br.p0003.dat,E,1.8203906180267015,0.1,0.11667675474417866,0.13187148541670038,-2.0,1.0
317,SNIa-CN/sn2000dg.max.dat,E,1.8233171438121023,0.1,0.9247554257852478,0.0,-0.0901367694576252,1.0
318,SNIa-CN/sn1998aq.p0004.dat,E,1.825385566152792,0.09000000000000001,1.1489522404431594,0.29163270347257647,0.4865874470682795,1.0
319,SNIa-SS/sn1999gp.max.dat,E,1.8293572282828203,0.1,1.097860113077452,0.0,0.09232846427245661,1.0
320,SNIa-CL/sn2004gs.p0002.dat,E,1.836893093320648,0.09000000000000001,0.39962445821309783,0.38019662791659287,-0.5128548240678223,1.0
321,SNIa-CN/sn2000dn.m0001.dat,E,1.8405244895826007,0.09000000000000001,1.5760939770765943,0.15323133288012705,0.6462806256439263,1.0
322,SNIa-CN/sn2006cf.p0003.dat,E,1.840540379545232,0.09000000000000001,0.9360185086488083,0.0,-0.09843318390062057,1.0
323,SNIa-CN/sn2006lf.m0006.dat,E,1.84443969838082,0.1,0.21844007732668572,0.0,-1.6257921167788825,1.0
324,SNIa-BL/sn2003U.m0006.dat,E,1.8469903883811143,0.1,1.5827696352743117,0.11371215784371472,0.6405791729237753,1.0
325,SNIa-CN/sn1994S.p0001.dat,E,1.8494417144955086,0.09000000000000001,1.198294722834184,0.27062767173247043,0.5294460838736393,1.0
326,SNIa-CL/sn2007ci.m0001.dat,E,1.8513642999383109,0.1,1.3841317624282963,0.25104203153055615,0.5995595922698292,1.0
327,SNIa-CN/sn2006cq.m0003.dat,E,1.8531640015450843,0.1,2.022708950828894,0.06515059631207368,0.7600929331937943,1.0
328,SNIa-CN/sn2002jy.max.dat,E,1.8627909826698827,0.1,1.096065707386031,0.20927608258203587,0.32391073763359857,1.0
329,SNIa-BL/sn2002ha.m0004.dat,E,1.8782779219044785,0.1,1.9239861237837128,0.04229445946473675,0.7696455943944797,1.0
330,SNIa-CN/sn2002ck.p0004.dat,E,1.8783925781379507,0.09000000000000001,0.5105851200237467,0.2824112172603415,-0.38667342748276456,1.0
331,SNIa-SS/sn2002de.m0006.dat,E,1.886752720373789,0.1,2.048986254167514,0.02271054921874417,0.7986948817886169,1.0
332,SNIa-CN/sn2002jy.p0001.dat,E,1.887187877216605,0.1,1.1277732421277593,0.23845961854487355,0.39271077804580506,1.0
333,SNIa-CN/sn2000cp.m0001.dat,E,1.8902046392143461,0.09000000000000001,0.4873670346876108,0.0,-0.7478699584536737,1.0
334,SNIa-CN/sn1998co.p0001.dat,E,1.8935660041565099,0.09000000000000001,0.7521947802504485,0.19349646947308918,-0.08218912214923549,1.0
335,SNIa-CN/sn2007F.m0006.dat,E,1.8944529515925845,0.1,3.0,0.0,1.1413986309762292,1.0
336,SNIa-BL/sn2003ch.p0007.dat,E,1.8949491907775449,0.09000000000000001,0.6741195713510513,0.31015741331352115,-0.05410997228404068,1.0
337,SNIa-CN/sn2005el.m0006.dat,E,1.8988911547291103,0.1,1.7877472903703073,0.0,0.6055859971960523,1.0
338,SNIa-CN/sn2003it.p0006.dat,E,1.9001615706415174,0.09000000000000001,0.6426985790537294,0.2520904270652597,-0.189688007176891,1.0
339,SNIa-CN/sn2006le.m0007.dat,E,1.9007902783384805,0.1,1.0291370275492329,0.0,0.026831747954894715,1.0
340,SNIa-CN/sn2003du.m0009.dat,E,1.903106994822941,0.1,3.0,0.0,1.2412941590081352,1.0
341,SNIa-BL/sn2001en.p0004.dat,E,1.9035619564492476,0.09000000000000001,0.33777388454443175,0.38610276752064365,-0.6476972699535656,1.0
342,SNIa-BL/sn1999cc.p0002.dat,E,1.9041352492230565,0.09000000000000001,0.7780810828364412,0.33682033065050226,0.12290543751073572,1.0
343,SNIa-CN/sn2002ck.m0001.dat,E,1.9074993882113067,0.09000000000000001,1.2787115204985315,0.1280707202402563,0.3748893822086796,1.0
344,SNIa-BL/sn2002cu.m0003.dat,E,1.909630018827011,0.1,1.000826888423366,0.21413865670519006,0.27664028634516946,1.0
345,SNIa-SS/sn2006S.m0005.dat,E,1.9151398444430474,0.1,2.291999551633032,0.0,0.8476563983666097,1.0
346,SNIa-SS/sn1999gp.p0003.dat,E,1.9168879862438661,0.1,0.7968409473590657,0.1768574965030125,-0.0506903412467648,1.0
347,SNIa-SS/sn2006gr.m0005.dat,E,1.9172376037174796,0.1,1.5224484228023103,0.0,0.427384645121196,1.0
348,SNIa-BL/sn2002cs.m0005.dat,E,1.919394383548853,0.11000000000000001,1.6074921241507913,0.055941604025593734,0.5774375253150698,1.0
349,SNIa-CN/sn2003du.m0011.dat,E,1.9194005729235295,0.1,2.8318807420034933,0.0,1.1786082542428085,1.0
350,SNIa-BL/sn2003cq.p0002.dat,E,1.921138488318677,0.09000000000000001,0.5409379811908698,0.3261951626323048,-0.2486864029995152,1.0
351,SNIa-SS/sn2003fa.p0008.dat,E,1.9232591809225514,0.09000000000000001,1.1487708772399174,0.2639510545372977,0.4189313893493268,1.0
352,SNIa-BL/sn2006cp.m0010.dat,E,1.9278448843171567,0.11000000000000001,0.6370747150982613,0.2854851272009274,-0.1392035909552739,1.0
353,SNIa-CN/sn2005cf.m0003.dat,E,1.9314207515080999,0.1,1.6257233102103252,0.08479755424374052,0.6083370300150441,1.0
354,SNIa-BL/sn2006cj.p0004.dat,E,1.9329943152477933,0.1,1.2001962716789345,0.0,0.1397046363046781,0.9804967741935483
355,SNIa-BL/sn1994M.p0005.dat,E,1.9340225802814155,0.1,0.38899896045098403,0.3255282234115368,-0.5303509897100023,1.0
356,SNIa-CN/sn2005cf.m0000.dat,E,1.934430339327487,0.09000000000000001,1.1315820496514568,0.25530280785017123,0.4079256666924829,1.0
357,SNIa-CN/sn2004bg.m0003.dat,E,1.9345057368035081,0.1,2.262831376883058,0.0596176736141778,0.9317582760542091,1.0
358,SNIa-CN/sn2005el.m0005.dat,E,1.934821747894036,0.1,2.1551065250321964,0.0,0.8046080570837892,1.0
359,SNIa-CN/sn2005el.p0002.dat,E,1.9375501383907137,0.09000000000000001,1.0339208443320667,0.23782945940009137,0.26195107803007556,1.0
360,SNIa-CN/sn2007ca.p0004.dat,E,1.9422612674332096,0.09000000000000001,0.31399007530118406,0.2846770564547783,-0.8834455253743266,1.0
361,SNIa-CN/sn2008ar.m0002.dat,E,1.944293355070847,0.1,1.0070152996993784,0.10062179828015265,0.11379510497557319,1.0
362,SNIa-CN/sn1998aq.p0003.dat,E,1.944383338696621,0.09000000000000001,1.1479200092999293,0.2900146234087158,0.4810270932423294,1.0
363,SNIa-CN/sn1998aq.p0006.dat,E,1.946999196575085,0.09000000000000001,0.9536814119325167,0.3088180361111781,0.32538653633218884,1.0
364,SNIa-CL/sn2003iv.p0001.dat,E,1.9478896758764959,0.09000000000000001,0.7489661919479441,0.24955268384128715,-0.0845338846892709,1.0
365,SNIa-CN/sn2003du.m0002.dat,E,1.9492671619634612,0.1,1.6195729390837537,0.15286091100193258,0.7069096363278327,1.0
366,SNIa-SS/sn2001eh.m0000.dat,E,1.9545051215962728,0.1,1.06682105486702,0.19701452746553333,0.25496024588666144,1.0
367,SNIa-BL/sn2003W.m0008.dat,E,1.9566432400699552,0.12000000000000001,0.9144285554063952,0.0,-0.06416801233939337,1.0
368,SNIa-CL/sn2007ci.m0006.dat,E,1.9571329390114953,0.1,1.4906281432235957,0.17542550797723638,0.573448649258324,1.0
369,SNIa-CL/sn2002jg.p0005.dat,E,1.9598397635406037,0.09000000000000001,0.13229847135000652,0.2363159243571758,-1.794047623261123,1.0
370,SNIa-CN/sn1998V.p0001.dat,E,1.9606797124147881,0.09000000000000001,0.5213120382740041,0.30154336365135537,-0.3340084951102478,1.0
371,SNIa-BL/sn1997bq.m0010.dat,E,1.9609507736265535,0.11000000000000001,0.6591040676955213,0.28306019335281446,-0.07018111833591577,1.0
372,SNIa-CN/sn2002fk.m0001.dat,E,1.9623947725336,0.09000000000000001,2.4796708393163756,0.08963621889838047,1.0910052165467723,1.0
373,SNIa-BL/sn2001bg.p0005.dat,E,1.9657918939930008,0.09000000000000001,0.17656960495769633,0.4432810792600519,-1.1898539113058946,1.0
374,SNIa-CN/sn2007fs.p0003.dat,E,1.9791119021070438,0.09000000000000001,0.7637800629274236,0.38729347228932615,0.1735364067603581,1.0
375,SNIa-SS/sn2006S.p0004.dat,E,1.9796642240849982,0.1,0.8175324713882035,0.22950764429033263,0.14212634633095736,1.0
376,SNIa-CN/sn2001G.p0005.dat,E,1.984996904414724,0.1,1.1084903530325312,0.1967263004107173,0.3362394713358041,1.0
377,SNIa-CN/sn1996C.p0002.dat,E,1.9878905425545343,0.09000000000000001,0.7015804823516837,0.2630686014754387,-0.0807279457396261,1.0
378,SNIa-CN/sn2004at.m0001.dat,E,1.9898241456329444,0.1,2.0222817134055555,0.16581196766215017,0.945370003476383,1.0
379,SNIa-BL/sn1999ej.m0002.dat,E,1.9951141767404112,0.1,1.1958709398813172,0.1252673867049649,0.3398451731870965,1.0
380,SNIa-CN/sn1994ae.max.dat,E,2.003783479733203,0.1,1.0373847243768959,0.285733477153682,0.30101735525675083,0.9931806451612901
381,SNIa-CN/sn2000cp.m0003.dat,E,2.004826681671319,0.1,0.4898912327109039,0.01410906654304789,-0.7204937698259095,1.0
382,SNIa-CN/sn2008ar.m0008.dat,E,2.0065197476272023,0.1,0.99845240506677,0.07871110685227603,0.10890371173589058,1.0
383,SNIa-CN/sn2002jy.p0003.dat,E,2.0080832638999584,0.1,0.8175944772671717,0.26143347756210167,0.0836686225072126,1.0
384,SNIa-CL/sn2007fb.p0006.dat,E,2.0096024629116664,0.09000000000000001,0.5064286447748276,0.29611465621993377,-0.38182978582181515,1.0
385,SNIa-BL/sn2003ch.m0002.dat,E,2.014181424980543,0.09000000000000001,1.2795212385717627,0.2077187681789414,0.49309655757878273,1.0
386,SNIa-SS/sn2006cz.m0002.dat,E,2.015043987804081,0.1,0.5580528576830183,0.15530134475313934,-0.4477769402687183,1.0
387,SNIa-CL/sn2002eu.p0003.dat,E,2.0156827844208838,0.09000000000000001,0.7344226564876517,0.24264177667062561,-0.07830742988571117,1.0
388,SNIa-CN/sn1996X.m0002.dat,E,2.0175636041301965,0.1,1.3940549360456018,0.21512005719495977,0.6549707881608059,1.0
389,SNIa-CN/sn2007F.p0003.dat,E,2.0188937133084,0.1,1.0300536905264954,0.26618110173372167,0.29465461967631923,1.0
390,SNIa-CN/sn1998eg.p0005.dat,E,2.0205917820166333,0.09000000000000001,0.3780849024740389,0.28442759107869037,-0.6825414509103824,1.0
391,SNIa-BL/sn2001en.p0005.dat,E,2.0206125092786364,0.09000000000000001,0.279371463000202,0.40857562197629443,-0.8019661325707883,1.0
392,SNIa-SS/sn2003fa.p0007.dat,E,2.038121215380669,0.09000000000000001,0.9886825678148428,0.2803191897609013,0.27381500590030217,1.0
393,SNIa-CN/sn2006lf.p0005.dat,E,2.0388481878273246,0.09000000000000001,0.10493906201599858,0.22930654531108885,-2.0,1.0
394,SNIa-CN/sn1994ae.p0002.dat,E,2.039345239492625,0.09000000000000001,0.779879161159011,0.3479698851583636,0.07986024747001273,0.974587917888563
395,SNIa-CN/sn1998V.max.dat,E,2.041798598023054,0.1,0.6134384565449605,0.24131406701439173,-0.22508713065216288,1.0
396,SNIa-CN/sn2006N.p0003.dat,E,2.043565456503213,0.1,0.8739973489884617,0.0419914030059994,-0.10715541580084344,1.0
397,SNIa-CL/sn2007hj.p0002.dat,E,2.047182156510095,0.09000000000000001,0.3966893280928924,0.33173884303987833,-0.5533142338628031,1.0
398,SNIa-BL/sn2003W.m0003.dat,E,2.0472401999543672,0.11000000000000001,0.6949686293550138,0.0,-0.3470548125068381,1.0
399,SNIa-SS/sn1999gp.m0002.dat,E,2.0485651885338405,0.1,1.450695564643266,0.03265256024739613,0.41973683772343484,1.0
400,SNIa-CN/sn2004at.p0002.dat,E,2.05079651487124,0.09000000000000001,1.1254115184808817,0.2759948596634415,0.4267468240919347,1.0
401,SNIa-CN/sn2006al.p0004.dat,E,2.051981540830493,0.09000000000000001,0.7448105484706627,0.21008529580739155,-0.1282003052936118,0.9623102346041056
402,SNIa-BL/sn2002cd.m0007.dat,E,2.052017013610154,0.11000000000000001,0.16305780532706088,0.15365554067917175,-1.7012352401435673,1.0
403,SNIa-CN/sn1999ac.m0001.dat,E,2.0531101366553104,0.09000000000000001,1.707630332509851,0.16005105386961688,0.7977288664260168,1.0
404,SNIa-BL/sn2003W.m0009.dat,E,2.0561054587018925,0.12000000000000001,0.8370589140616748,0.0,-0.14935033217447882,1.0
405,SNIa-CN/sn1996X.max.dat,E,2.061749193034194,0.1,0.8021221046606256,0.28169102550772274,0.14149069550490967,1.0
406,SNIa-CN/sn2006al.p0003.dat,E,2.072630367180567,0.09000000000000001,0.9729496594632037,0.14917637168032963,0.06511498991899364,0.9611115542521995
407,SNIa-BL/sn2003W.m0006.dat,E,2.074021535499892,0.11000000000000001,0.695791717321826,0.0,-0.3576951299963611,1.0
408,SNIa-BL/sn2002cd.m0009.dat,E,2.07545863832629,0.12000000000000001,0.14169526812968394,0.14534912709001185,-1.869163241236976,1.0
409,SNIa-CN/sn2003it.p0007.dat,E,2.0758458579748957,0.09000000000000001,0.5344939253131673,0.2591690336787546,-0.36782850099735576,1.0
410,SNIa-CN/sn1998aq.m0001.dat,E,2.075967675385682,0.1,2.266512456100519,0.13682718828700605,1.04395670801595,1.0
411,SNIa-CN/sn1994ae.p0001.dat,E,2.0789292682477813,0.1,0.8652559827299755,0.30314684436451844,0.13766057678067986,0.9936516129032255
412,SNIa-CN/sn2002aw.m0001.dat,E,2.085665483130269,0.09000000000000001,1.142268711010183,0.0,0.14114724784105095,1.0
413,SNIa-CN/sn1997dt.m0010.dat,E,2.087007355063759,0.1,0.5429125558356187,0.0,-0.6492208091666828,1.0
414,SNIa-SS/sn1999dq.max.dat,E,2.087878149978846,0.1,0.7629240314015103,0.1356957026973786,-0.13346387484756383,1.0
415,SNIa-CN/sn2000dm.m0003.dat,E,2.090226993113209,0.1,1.3211517275810831,0.02967377463694745,0.3507754938378942,1.0
416,SNIa-BL/sn1997bp.m0000.dat,E,2.0923364735240177,0.11000000000000001,0.24107324569893795,0.4016691936643504,-0.9248328671774824,1.0
417,SNIa-CN/sn2003du.p0001.dat,E,2.094028614007928,0.09000000000000001,1.1430464124060522,0.30417723225197035,0.5008247844064736,1.0
418,SNIa-CN/sn2005na.m0002.dat,E,2.0954998066107158,0.1,2.1609684416938273,0.1033082088823745,0.8802261397898247,1.0
419,SNIa-CL/sn2006kf.m0005.dat,E,2.0978115840298854,0.1,0.8128835925621751,0.13646565780488887,-0.11345090939593462,1.0
420,SNIa-CN/sn2005na.p0001.dat,E,2.097889910403093,0.09000000000000001,1.30626017150669,0.23316895132286614,0.4931732291372988,1.0
421,SNIa-CN/sn1995E.p0006.dat,E,2.1054964359864257,0.09000000000000001,0.09573728359991104,0.3411323644024907,-1.9989065368170524,0.9705923167155425
422,SNIa-CN/sn2006et.p0006.dat,E,2.107151885189428,0.09000000000000001,0.15617659594306954,0.42329518244064157,-1.3533095830117448,1.0
423,SNIa-SS/sn2001eh.p0004.dat,E,2.1071800556167157,0.1,0.786301925279019,0.2586325780334198,0.011769629706942411,1.0
424,SNIa-SS/sn2001eh.p0003.dat,E,2.1099162740443878,0.1,0.8231329323029377,0.2683167559990862,0.0782103715742914,1.0
425,SNIa-CN/sn2005cf.m0002.dat,E,2.1120119779894866,0.09000000000000001,1.081191934338317,0.18906051668762638,0.2708637121394019,1.0
426,SNIa-CN/sn2006ax.m0008.dat,E,2.113097870327249,0.1,2.5583731200420368,0.0,0.9999835472298046,1.0
427,SNIa-CN/sn2006al.p0005.dat,E,2.114301148380675,0.09000000000000001,0.8696055861171306,0.1430609583030623,-0.022095919651897472,0.9611115542521995
428,SNIa-CN/sn2006ax.m0009.dat,E,2.116055422694192,0.1,2.842842294839999,0.004207694279813889,1.1218217649220477,1.0
429,SNIa-CN/sn2005cf.m0001.dat,E,2.1212518983316095,0.09000000000000001,1.2034610845908038,0.2232328610913969,0.42626576918360404,1.0
430,SNIa-CN/sn2000fa.p0004.dat,E,2.1225986676110224,0.1,0.5050484382377728,0.211163763010018,-0.4594625249494402,1.0
431,SNIa-SS/sn2007S.p0006.dat,E,2.1228935102447997,0.09000000000000001,0.2727457998320601,0.2066836936337375,-1.0984532795506488,1.0
432,SNIa-CN/sn2001fe.max.dat,E,2.12599531231544,0.1,1.0267889771054417,0.212652444680892,0.24838083960413865,1.0
433,SNIa-CN/sn2000cp.m0002.dat,E,2.1316759163561763,0.1,0.477435270051698,0.0,-0.7730244291274837,1.0
434,SNIa-CN/sn2004at.m0007.dat,E,2.13381828219582,0.1,2.3737057684674427,0.0,0.9522683075286935,1.0
435,SNIa-SS/sn1999dq.p0001.dat,E,2.1421546061361814,0.1,0.6406037509108978,0.16343761172199184,-0.27054867346413664,1.0
436,SNIa-CN/sn2006ax.m0006.dat,E,2.1427197882253806,0.1,2.7653084909471746,0.0,1.0742439757410285,1.0
437,SNIa-CN/sn2004at.max.dat,E,2.1480737147320643,0.1,1.7768914267338136,0.19540096402294319,0.8341285010364592,1.0
438,SNIa-BL/sn2003W.m0007.dat,E,2.148199040801165,0.12000000000000001,0.7050849989675615,0.2284946185024644,-0.07228484836038779,1.0
439,SNIa-CN/sn1998eg.m0001.dat,E,2.153654923276699,0.09000000000000001,0.8924456177304839,0.21598498911942604,0.10568883132900776,1.0
440,SNIa-SS/sn2002de.p0004.dat,E,2.1580485648169487,0.1,0.6498020523725114,0.05839240748026684,-0.3731642117751194,1.0
441,SNIa-BL/sn2005am.p0005.dat,E,2.1638486146375318,0.09000000000000001,0.36278216315575934,0.36815802548897575,-0.6254317072946447,1.0
442,SNIa-BL/sn2002cd.m0008.dat,E,2.1639493579114806,0.11000000000000001,0.14832007957213642,0.1133298766686946,-1.8442222000784436,1.0
443,SNIa-SS/sn2006S.p0003.dat,E,2.1645757415412805,0.1,0.8427632595607544,0.29100177092657936,0.0987154493380741,1.0
444,SNIa-SS/sn2006cz.m0001.dat,E,2.1650731024327463,0.1,0.7418564227880857,0.21671502206418353,-0.12774425926385663,1.0
445,SNIa-CL/sn2007hj.p0001.dat,E,2.1706315581071065,0.09000000000000001,0.5244865796219497,0.2840477938083445,-0.3378827491842131,1.0
446,SNIa-SS/sn2002de.m0005.dat,E,2.1808316182226424,0.1,0.7859017984000467,0.0,-0.24169781445403646,1.0
447,SNIa-CN/sn1998aq.max.dat,E,2.183218667750346,0.1,1.88706993412505,0.1866025823156191,0.9028472523409125,1.0
448,SNIa-CN/sn2004at.m0009.dat,E,2.184812984322369,0.1,2.344220767441083,0.0,0.9478330231136772,1.0
449,SNIa-CN/sn2001cp.m0001.dat,E,2.18972115641802,0.1,0.9570621974283096,0.15704335423200505,0.10805532367708647,1.0
450,SNIa-SS/sn1999dq.p0003.dat,E,2.196794164796963,0.09000000000000001,0.48416147473690035,0.21045926427339373,-0.504767426802661,1.0
451,SNIa-CN/sn2007F.m0007.dat,E,2.200500957755869,0.1,3.0,0.0,1.1266956759992044,1.0
452,SNIa-SS/sn2006gz.p0007.dat,E,2.203055704907639,0.09000000000000001,1.6785320974637215,0.002111997442717941,0.5267257356593681,1.0
453,SNIa-CN/sn1996X.p0002.dat,E,2.203645900523189,0.09000000000000001,0.6397036909503381,0.3455794914672764,-0.03483975174184621,1.0
454,SNIa-CN/sn2001cp.p0001.dat,E,2.209186337820605,0.1,0.8158506312282208,0.19497480721548707,-0.013238197265778736,1.0
455,SNIa-BL/sn2004fu.m0005.dat,E,2.210546377701917,0.1,0.41939894747037754,0.2021515635276537,-0.7029949335673258,1.0
456,SNIa-CN/sn1998co.max.dat,E,2.211961466958346,0.09000000000000001,0.7411047317000412,0.1854260208059068,-0.10597502517782348,1.0
457,SNIa-BL/sn1997bp.p0001.dat,E,2.2127429684284063,0.1,0.17978232674481887,0.42603974031974257,-1.1886597722184142,1.0
458,SNIa-CL/sn2002jg.m0004.dat,E,2.2152112984947463,0.1,0.238252240217687,0.1701351571994521,-1.3155362428402322,1.0
459,SNIa-CN/sn1998aq.p0002.dat,E,2.215837283528493,0.09000000000000001,1.1891711540572907,0.2965498542092964,0.5351721190104315,1.0
460,SNIa-CN/sn1998aq.p0001.dat,E,2.2189101223998886,0.1,1.8059919007731042,0.22252188364428557,0.9102507856552235,1.0
461,SNIa-BL/sn2007co.p0006.dat,E,2.219442957277898,0.09000000000000001,0.2178726574260121,0.398049605695228,-1.0487156998756257,1.0
462,SNIa-CN/sn2008Q.m0006.dat,E,2.2206436367117957,0.1,1.9520416960689584,0.0,0.7171811795218039,1.0
463,SNIa-SS/sn1998es.p0002.dat,E,2.2289021394453874,0.09000000000000001,0.6834691739188031,0.3017798182928729,-0.10573837850439442,1.0
464,SNIa-SS/sn1999dq.p0002.dat,E,2.234909881431536,0.1,0.6499828628227189,0.14277851741413486,-0.2799288511211245,1.0
465,SNIa-BL/sn2003W.m0002.dat,E,2.2383519446907867,0.11000000000000001,0.5570214867401342,0.21809762948401923,-0.3219535454582168,1.0
466,SNIa-CN/sn2004at.p0001.dat,E,2.251901815801547,0.09000000000000001,1.3845923456410076,0.2763803583255262,0.6522246795421529,1.0
467,SNIa-BL/sn1994M.p0006.dat,E,2.2527180194800964,0.09000000000000001,0.4456379423479097,0.37104581243652335,-0.36085831027102616,1.0
468,SNIa-BL/sn2001N.p0001.dat,E,2.269686278851971,0.1,0.39886117287828693,0.0,-0.9025002575991761,1.0
469,SNIa-CN/sn1995D.p0008.dat,E,2.2831107260235575,0.09000000000000001,0.752885866806873,0.3747853271655944,0.1216850659083897,0.982793284457478
470,SNIa-CN/sn2001fe.m0002.dat,E,2.2901225911548586,0.1,1.4060076437266582,0.17372914252067725,0.5362431413618264,1.0
471,SNIa-CN/sn2003kf.m0009.dat,E,2.295170156729565,0.1,0.8906312394030153,0.0,0.25863321095853664,1.0
472,SNIa-CN/sn2000dg.m0001.dat,E,2.295459990910911,0.1,0.8056926533009076,0.05228925666540242,-0.192597663383069,1.0
473,SNIa-CN/sn2007F.m0008.dat,E,2.2999202322037733,0.1,2.6373751870160818,0.0,1.0041209031756846,1.0
474,SNIa-SS/sn1999aa.m0000.dat,E,2.304268954670797,0.1,1.3924720177976209,0.17809129572377566,0.545230819143781,1.0
475,SNIa-CN/sn2006N.p0007.dat,E,2.3047074371664293,0.09000000000000001,0.6564362383180309,0.03517467655062184,-0.3703000152753829,1.0
476,SNIa-BL/sn2003U.m0001.dat,E,2.310050016635905,0.09000000000000001,1.0610191198934298,0.2781801992187632,0.3926674163992117,1.0
477,SNIa-CN/sn2000dg.p0003.dat,E,2.3104481497042793,0.09000000000000001,1.1761335206998191,0.02536508031649506,0.18407979064822566,1.0
478,SNIa-CN/sn1996X.p0001.dat,E,2.3174498628951885,0.1,0.5259776218839204,0.31743638090241805,-0.25160030193028954,1.0
479,SNIa-SS/sn2002hu.m0004.dat,E,2.318886881763143,0.1,2.367821773134595,0.0,0.9084549656777994,1.0
480,SNIa-BL/sn2002he.p0006.dat,E,2.3264691453190807,0.09000000000000001,0.46714690261942415,0.3774189337841805,-0.35376106699405163,1.0
481,SNIa-BL/sn2001bf.p0001.dat,E,2.3271308120241914,0.09000000000000001,1.6385179756558153,0.1444822997190716,0.6724955809629138,1.0
482,SNIa-BL/sn1997bp.p0002.dat,E,2.3389022570585065,0.1,0.153394427476769,0.44119439721730486,-1.3218520023864022,1.0
483,SNIa-BL/sn2002ha.p0002.dat,E,2.3389351248076142,0.09000000000000001,0.46042080657770657,0.2988275275271863,-0.2398550874898227,1.0
484,SNIa-BL/sn2001gc.m0009.dat,E,2.339438731054775,0.11000000000000001,0.4119970277767149,0.3461124296438315,-0.47996683938389856,1.0
485,SNIa-CN/sn2002fk.m0003.dat,E,2.3428089705478623,0.09000000000000001,2.8575091473332144,0.0,1.1521610787351613,1.0
486,SNIa-CL/sn2007fb.p0002.dat,E,2.3449075108430324,0.1,0.7393634226092674,0.2667936595197574,-0.05904734414542849,1.0
487,SNIa-SS/sn1999dq.m0003.dat,E,2.345550596691081,0.1,1.0755438183987933,0.0,0.0761212099705682,1.0
488,SNIa-CN/sn2001cp.m0007.dat,E,2.346035798929555,0.1,1.4321349756721726,0.0,0.38372271594401086,1.0
489,SNIa-CL/sn2007ci.m0008.dat,E,2.3484646842240116,0.1,1.256336923940577,0.1982839073517469,0.4258065012296114,1.0
490,SNIa-SS/sn2005M.p0005.dat,E,2.3496497898006643,0.09000000000000001,0.5770111713180989,0.3920256802020682,-0.10903107480055545,1.0
491,SNIa-BL/sn2006ot.m0000.dat,E,2.351343203274802,0.1,0.8601941459006962,0.256372101340585,0.11756822971707392,1.0
492,SNIa-BL/sn2002dj.m0010.dat,E,2.353447844440251,0.11000000000000001,0.5405352218502213,0.0,-0.6022906178656405,1.0
493,SNIa-BL/sn2003kc.m0008.dat,E,2.359364577132235,0.11000000000000001,0.9629280303181283,0.0,-0.0025119060011250605,1.0
494,SNIa-SS/sn2001eh.m0002.dat,E,2.3712285444354597,0.1,1.0004971578951642,0.17882305119763126,0.16666619496585847,1.0
495,SNIa-CN/sn2006az.p0002.dat,E,2.372949847047101,0.09000000000000001,0.5514122159171294,0.7335407212746158,0.35702226618449573,1.0
496,SNIa-SS/sn2003fa.p0009.dat,E,2.380490951884002,0.09000000000000001,0.7514619176826011,0.3032619794044705,0.020602692930698482,1.0
497,SNIa-SS/sn1999gp.p0005.dat,E,2.3811938298086144,0.09000000000000001,0.4767143347192332,0.26002521227470055,-0.4801284651248521,1.0
498,SNIa-CN/sn2006D.p0005.dat,E,2.3833635290359396,0.09000000000000001,0.6265160126251489,0.2972945529383973,-0.0982428424815507,1.0
499,SNIa-SS/sn2001V.m0003.dat,E,2.3859891571131704,0.1,1.47494644921354,0.11955423561980746,0.5657225439570434,1.0
500,SNIa-BL/sn2002cs.m0007.dat,E,2.3877594556408703,0.11000000000000001,1.3421943154885367,0.07346421529975693,0.4046944014271023,1.0
501,SNIa-CN/sn1999ac.m0003.dat,E,2.3900168784580904,0.09000000000000001,2.539579892600028,0.0631013568676962,1.1173507427592857,1.0
502,SNIa-SS/sn2006S.m0006.dat,E,2.390646857436243,0.1,2.326945170924357,0.0,0.8687750092706181,1.0
503,SNIa-CL/sn2007ci.m0007.dat,E,2.396609043542409,0.1,1.4931838559175103,0.22711681180861382,0.6613151500811107,1.0
504,SNIa-BL/sn2002he.m0008.dat,E,2.3994261063248135,0.11000000000000001,1.3347686938064498,0.19857989504815024,0.5744118495397711,1.0
505,SNIa-BL/sn2001en.p0006.dat,E,2.4024134331512723,0.09000000000000001,0.25672659790859936,0.4101710851088805,-0.8710718896923763,1.0
506,SNIa-SS/sn1998es.m0001.dat,E,2.4051856507248925,0.1,1.2773337096718165,0.14759693985214645,0.39059956309874067,1.0
507,SNIa-CN/sn1997dt.m0011.dat,E,2.4076920864412075,0.1,0.5000602076724451,0.0,-0.7334519360198875,1.0
508,SNIa-BL/sn1997bq.m0011.dat,E,2.4118330299736757,0.12000000000000001,0.3898525210223939,0.36213046358335604,-0.5057932025756523,1.0
509,SNIa-BL/sn2007nq.p0006.dat,E,2.4118738870319576,0.09000000000000001,0.6200813414213773,0.32062568354271326,-0.15028633690589244,1.0
510,SNIa-BL/sn2007kk.p0005.dat,E,2.4129168797228244,0.1,0.3179793618938022,0.3564813933068357,-0.7658053557976806,1.0
511,SNIa-SS/sn1998es.p0001.dat,E,2.414787030743935,0.09000000000000001,0.7509556177914274,0.276090399326463,-0.03979918750740859,1.0
512,SNIa-SS/sn2007ae.p0002.dat,E,2.420499799499579,0.1,1.4143959689251462,0.11595013142981245,0.44255799081303326,0.9878354838709675
513,SNIa-CL/sn2004gs.p0003.dat,E,2.4285882509550856,0.09000000000000001,0.39162308849091854,0.37961011663893934,-0.5270752290682564,1.0
514,SNIa-BL/sn2001ay.m0002.dat,E,2.4322852418661327,0.1,1.15948515253895,0.23949970673812596,0.39414931777719364,1.0
515,SNIa-CN/sn2005hc.p0005.dat,E,2.4354435751412,0.09000000000000001,0.5836883834327674,0.3070575411987244,-0.2430403634945712,1.0
516,SNIa-BL/sn2002bf.p0002.dat,E,2.436463184787499,0.1,0.3092634720504928,0.3199743309279107,-0.7827238979697022,1.0
517,SNIa-SS/sn2001eh.m0005.dat,E,2.4399170887140595,0.1,2.7803135868420825,0.0,1.0788660172217943,1.0
518,SNIa-SS/sn2001eh.p0005.dat,E,2.451907056158137,0.1,0.7366588951327371,0.27717902299875996,-0.020322559854514706,1.0
519,SNIa-CN/sn2008Q.m0007.dat,E,2.4520942895371323,0.1,1.7913253119267534,0.0,0.6282017065243012,1.0
520,SNIa-SS/sn2007S.m0001.dat,E,2.4542950673886805,0.1,0.47175951932141247,0.14764539207128383,-0.6233712472897925,1.0
521,SNIa-BL/sn2006cj.m0000.dat,E,2.457897982752952,0.1,1.7129000647644628,0.42685848246557795,0.9140871567603983,0.9798935483870967
522,SNIa-SS/sn2006gr.m0006.dat,E,2.4584291130931755,0.1,1.3764291899967587,0.0,0.3256966852146277,1.0
523,SNIa-CN/sn2005bc.m0005.dat,E,2.4587426850449305,0.1,0.6698121014571553,0.04716962045376637,-0.42158135755837867,1.0
524,SNIa-CN/sn2001fe.p0003.dat,E,2.4681583448412128,0.1,0.9131507991380742,0.2819299131702173,0.23280727871465692,1.0
525,SNIa-CN/sn2002fk.p0007.dat,E,2.4731208378352085,0.09000000000000001,0.6222310661958574,0.3168209402676129,-0.07873204672602137,1.0
526,SNIa-BL/sn2002cu.m0006.dat,E,2.474281930980731,0.11000000000000001,0.865343861277349,0.2228620292987676,0.1365166696468597,1.0
527,SNIa-CN/sn2004fz.m0007.dat,E,2.482452596963865,0.1,2.0844970179131503,4.720144633081903e-05,0.7690209599362676,1.0
528,SNIa-CN/sn1998aq.m0009.dat,E,2.4832766323469135,0.1,2.9915835561457937,0.0,1.1445750551414426,1.0
529,SNIa-SS/sn2006gz.p0008.dat,E,2.4871371787054555,0.09000000000000001,1.2050043821347434,0.02047069137864854,0.20259912584842457,1.0
530,SNIa-CL/sn2002eu.p0001.dat,E,2.4894033880523567,0.09000000000000001,0.7490505916061743,0.2404004600792418,-0.054685473601195106,1.0
531,SNIa-CL/sn2007hj.m0003.dat,E,2.4911033477155806,0.1,0.6645157071060207,0.2578980601743918,-0.16388056388498728,1.0
532,SNIa-BL/sn2004ef.m0005.dat,E,2.4924736855499616,0.1,0.8291469851529623,0.2105227354170057,0.04915272623332745,1.0
533,SNIa-CN/sn1998co.p0004.dat,E,2.5044383155676266,0.09000000000000001,0.4060739709549692,0.15672242423651978,-0.7301578467685594,1.0
534,SNIa-CL/sn1998bp.m0001.dat,E,2.5071725461956302,0.09000000000000001,0.7765323607871284,0.21508015604890765,-0.0182630524852303,1.0
535,SNIa-CN/sn2006le.m0008.dat,E,2.5093505068654265,0.1,1.295815023518502,0.0,0.2718583718581829,1.0
536,SNIa-BL/sn2008af.p0006.dat,E,2.5115681534799963,0.09000000000000001,0.332942480686765,0.3849331823223187,-0.6675876298463255,1.0
537,SNIa-SS/sn1999gp.m0005.dat,E,2.5129374613996935,0.1,2.4472216710345784,0.0,0.9575276805189653,1.0
538,SNIa-SS/sn2007S.m0004.dat,E,2.5137955127013534,0.1,0.9367537682711059,0.0,-0.08137394615533118,1.0
539,SNIa-CL/sn2007hj.p0003.dat,E,2.516444846815224,0.09000000000000001,0.33658410860318744,0.3054464667092136,-0.7396199785636617,1.0
540,SNIa-CN/sn1994D.m0006.dat,E,2.5196331690948237,0.1,3.0,0.1554041157510884,1.4099670051434936,1.0
541,SNIa-BL/sn1997bq.m0012.dat,E,2.5206044906325675,0.12000000000000001,0.6007029452030682,0.3759659351985597,0.2116403020266139,1.0
542,SNIa-CL/sn2004gs.m0003.dat,E,2.5244576704917767,0.1,0.8657700174503334,0.21561601528539387,0.04524185371359637,1.0
543,SNIa-CL/sn1998bp.m0002.dat,E,2.5247425691970693,0.09000000000000001,0.769864421507192,0.20744575479975358,-0.027837058635977054,1.0
544,SNIa-BL/sn2002cs.m0009.dat,E,2.5263238747860495,0.11000000000000001,1.1848426682774613,0.11143770866389069,0.3197447873169079,1.0
545,SNIa-BL/sn2003W.m0000.dat,E,2.5275246712001476,0.1,0.36032198968011975,0.24735677391281283,-0.7342131712956351,1.0
546,SNIa-CN/sn2001fh.m0002.dat,E,2.5283899953736344,0.09000000000000001,0.21944649010920383,0.00360107649230009,-1.6124661222505865,1.0
547,SNIa-CN/sn2002cr.m0006.dat,E,2.5320018041144707,0.09000000000000001,1.7867549943981902,0.08188064926581297,0.7324676005917894,1.0
548,SNIa-SS/sn2008Z.m0005.dat,E,2.5348484962426943,0.1,1.6434743299837393,0.0,0.49187230410479854,1.0
549,SNIa-CN/sn1998dx.p0006.dat,E,2.5376838653512506,0.09000000000000001,0.47967686065946136,0.37859825858012464,-0.35228824303978934,1.0
550,SNIa-SS/sn2005eq.max.dat,E,2.538618896079432,0.09000000000000001,1.2315063734320737,0.2033356909389692,0.38777900984685204,1.0
551,SNIa-BL/sn2003U.m0009.dat,E,2.541039994331712,0.1,0.9586876626521278,0.20630916202877836,0.318815918823973,1.0
552,SNIa-CL/sn2003iv.m0002.dat,E,2.542842517996939,0.1,1.3270854950708133,0.17793254471323255,0.4767379200035131,1.0
553,SNIa-SS/sn2007S.m0003.dat,E,2.545528596845589,0.1,0.7460960819452755,0.04911782303309076,-0.27536535619990893,1.0
554,SNIa-SS/sn1999dq.m0004.dat,E,2.549193386898847,0.1,1.2381600830420003,0.0,0.22934807884649108,1.0
555,SNIa-CL/sn2007au.p0001.dat,E,2.5549120684896267,0.09000000000000001,0.663905060149107,0.266049183056291,-0.12552419722149047,1.0
556,SNIa-BL/sn1997E.m0004.dat,E,2.5580062162141415,0.1,0.6925625450184504,0.15442069678563103,-0.1357359583774959,1.0
557,SNIa-CL/sn2007ux.p0006.dat,E,2.5671473158248572,0.09000000000000001,0.9339666499433897,0.06148470787641738,-0.0127866548486858,1.0
558,SNIa-CL/sn2006gj.m0001.dat,E,2.569667835103955,0.09000000000000001,0.4147272078645848,0.21601581088015073,-0.7361931678648643,1.0
559,SNIa-CL/sn2003iv.m0001.dat,E,2.57188320082944,0.09000000000000001,0.8618959402994737,0.2654705582805172,0.09033354722136544,1.0
560,SNIa-SS/sn2005eq.p0001.dat,E,2.5725950346143156,0.09000000000000001,0.6312570561608452,0.28421491105881774,-0.2144144295553803,1.0
561,SNIa-SS/sn1999aa.m0002.dat,E,2.5794981625842492,0.1,2.121106502177108,0.10893217083099128,0.919556566096737,1.0
562,SNIa-CN/sn2007ca.p0009.dat,E,2.5841806070635776,0.09000000000000001,0.17410481185171436,0.36459986737331657,-1.3202435759896067,1.0
563,SNIa-BL/sn2001E.p0003.dat,E,2.600816869642422,0.1,0.11271644391586084,0.3840763226891463,-1.746105562280182,1.0
564,SNIa-BL/sn2003cq.m0006.dat,E,2.6076525971038675,0.1,1.5653598416602088,0.0,0.49427218070453627,1.0
565,SNIa-BL/sn2001bf.p0005.dat,E,2.60936922050562,0.09000000000000001,1.360041317513653,0.16653660651292357,0.5152352371432215,1.0
566,SNIa-CL/sn2000dk.m0005.dat,E,2.6185664602933225,0.1,1.0828101827933607,0.16473085044371466,0.30193886523604013,1.0
567,SNIa-CL/sn2006mo.p0005.dat,E,2.6220637629018015,0.09000000000000001,0.8258635747219074,0.0008424824055048288,-0.19412156115033796,1.0
568,SNIa-CN/sn2005cf.m0009.dat,E,2.622997653123251,0.1,1.3341660080974984,0.11061879263806255,0.47846937871180373,1.0
569,SNIa-BL/sn2006cp.m0011.dat,E,2.631715478000283,0.11000000000000001,0.49859509115059447,0.32549148064452293,-0.33278913807032795,1.0
570,SNIa-BL/sn2004fu.m0006.dat,E,2.6342349525205693,0.1,0.5752286149283378,0.22686484246140617,-0.3213695485167067,1.0
571,SNIa-SS/sn1999dq.p0005.dat,E,2.637395826160432,0.09000000000000001,0.46355369648981914,0.2473295789851041,-0.5195702385773306,1.0
572,SNIa-SS/sn1998es.m0002.dat,E,2.6378499721930577,0.1,1.4959890500767283,0.09713326973572216,0.4991423936237971,1.0
573,SNIa-CN/sn1999ac.m0004.dat,E,2.6389241287876937,0.09000000000000001,2.6820175929836374,0.05944027730131672,1.182999130960896,1.0
574,SNIa-CN/sn2000dn.m0008.dat,E,2.6401723606720338,0.1,1.9161891173570997,0.08076228609723225,0.8004453193334549,1.0
575,SNIa-SS/sn2001eh.p0006.dat,E,2.652811497404726,0.09000000000000001,0.5176376746645346,0.32466966662965935,-0.33757701730510803,1.0
576,SNIa-BL/sn2005am.p0007.dat,E,2.657343309262049,0.09000000000000001,0.3527130927796839,0.3654971201382352,-0.618511476355499,1.0
577,SNIa-BL/sn2001ep.p0005.dat,E,2.6684667283675045,0.09000000000000001,0.3370759813041815,0.367720333912082,-0.6597868063256973,1.0
578,SNIa-CL/sn1998bp.max.dat,E,2.675326025785684,0.09000000000000001,0.681330102137585,0.2237935973548752,-0.15466463385004137,1.0
579,SNIa-CN/sn2008ar.m0009.dat,E,2.6797804480667153,0.1,1.1915242383216778,0.13866974526553696,0.35435051708487497,1.0
580,SNIa-SS/sn1999gp.p0007.dat,E,2.6838808460238885,0.09000000000000001,0.4264749521178581,0.2425972579629957,-0.6056796550216694,1.0
581,SNIa-SS/sn2007S.m0005.dat,E,2.690010069238091,0.1,0.8684232930111346,0.0,-0.15483962734647588,1.0
582,SNIa-BL/sn2007le.m0010.dat,E,2.6919611257500455,0.11000000000000001,0.30151774803674997,0.3216623109574952,-0.8339837198864952,1.0
583,SNIa-CN/sn2001fh.m0003.dat,E,2.694255958736359,0.1,0.20863724079904444,0.0,-1.6664398796544195,1.0
584,SNIa-BL/sn2007bd.m0009.dat,E,2.6996739987833926,0.11000000000000001,1.2821126487389594,0.03048774094550191,0.27901292024946783,1.0
585,SNIa-BL/sn1994M.p0007.dat,E,2.7015076050521505,0.09000000000000001,0.2508973368766836,0.38737846916560614,-0.9173675124001656,1.0
586,SNIa-CN/sn2007F.m0009.dat,E,2.7064057638003822,0.1,2.991481042901732,0.0,1.1285528844770338,1.0
587,SNIa-CN/sn2001fh.m0004.dat,E,2.7121988968976485,0.1,0.2396248340178096,0.0,-1.5161966922935834,1.0
588,SNIa-BL/sn2003W.p0001.dat,E,2.725569576410799,0.1,0.29009458326710147,0.3059130600327788,-0.864090386652398,1.0
589,SNIa-CN/sn2000fa.m0010.dat,E,2.726887125068826,0.11000000000000001,1.2918140888020573,0.22793466683943475,0.5991172281357664,1.0
590,SNIa-CL/sn2006gt.p0001.dat,E,2.7359987262761645,0.09000000000000001,0.8721926993755986,0.2770530630372928,0.16155208001825677,1.0
591,SNIa-CL/sn2007hj.m0002.dat,E,2.737377703852454,0.1,0.6601864435363715,0.2569455643988447,-0.14614837214748824,1.0
592,SNIa-BL/sn1997bp.p0003.dat,E,2.745371359182687,0.1,0.12211571929876446,0.4604948708769357,-1.499430481435826,1.0
593,SNIa-CN/sn2003it.p0008.dat,E,2.7604082269395054,0.09000000000000001,0.4324464144991153,0.31068465726436334,-0.5182797607425812,1.0
594,SNIa-BL/sn1994T.m0000.dat,E,2.761624742507067,0.1,0.27055677733792594,0.40457793760726074,-0.7842345832852067,1.0
595,SNIa-SS/sn2006gr.m0007.dat,E,2.7682490475878083,0.11000000000000001,1.650129262653032,0.0,0.5263409377172467,1.0
596,SNIa-CN/sn2000ce.p0007.dat,E,2.7842110006726726,0.09000000000000001,0.10079942721201252,0.2922149526209798,-2.0,1.0
597,SNIa-CL/sn2002hw.m0005.dat,E,2.7881394433669318,0.1,0.32361529415812484,0.293976232744633,-0.8511397945610201,1.0
598,SNIa-BL/sn2006cj.m0001.dat,E,2.7883737221807277,0.1,1.5129327455821717,0.0,0.3408146517313002,0.9792870967741935
599,SNIa-CN/sn2002do.p0002.dat,E,2.7885728541915906,0.09000000000000001,0.4378317602839638,0.01414603556380075,-0.8678297735951628,1.0
600,SNIa-CL/sn1998bp.m0003.dat,E,2.796436840873419,0.09000000000000001,0.8960760016950712,0.21169775496862087,0.13523111828113893,1.0
601,SNIa-BL/sn1997do.m0011.dat,E,2.7964478108200996,0.11000000000000001,0.7994651818387859,0.2281971070599456,0.0715552091772982,1.0
602,SNIa-SS/sn2005M.max.dat,E,2.7972278539317754,0.09000000000000001,1.5113010676869532,0.17522829479542432,0.6200790184522601,1.0
603,SNIa-CL/sn2007hj.m0001.dat,E,2.8000661903478217,0.1,0.55288561973031,0.3186057865426717,-0.2288167284136455,1.0
604,SNIa-BL/sn2006cp.p0006.dat,E,2.8027288330888807,0.09000000000000001,0.1734086894949997,0.4829388034552613,-1.164362325108338,1.0
605,SNIa-CN/sn2006le.p0006.dat,E,2.804594201019669,0.09000000000000001,0.193364453061139,0.36597231060899066,-1.243764510764477,1.0
606,SNIa-CL/sn2000dk.p0004.dat,E,2.812824068391218,0.09000000000000001,0.5834115814587579,0.2812659449777422,-0.2300169438804306,1.0
607,SNIa-CN/sn2008bf.p0008.dat,E,2.8162823654324183,0.1,0.8135321616222576,0.3029067178162929,0.12334327825794089,1.0
608,SNIa-SS/sn1998es.m0003.dat,E,2.8173908903100413,0.1,1.7205670511449265,0.05772016238911351,0.6083404327873442,1.0
609,SNIa-CN/sn1998aq.m0010.dat,E,2.8486232458844505,0.1,2.8594621784493324,0.019399391077363513,1.1900095075857235,1.0
610,SNIa-SS/sn2008Z.m0006.dat,E,2.850834689369706,0.1,1.6866705385257987,0.0,0.5281900377250335,1.0
611,SNIa-BL/sn2006ac.p0006.dat,E,2.8528137039292156,0.09000000000000001,0.1943191770183299,0.48193652125658826,-1.0420647394666078,1.0
612,SNIa-SS/sn2002hu.m0001.dat,E,2.857835921910408,0.09000000000000001,1.548266461372335,0.236090676759786,0.6896641702469977,1.0
613,SNIa-SS/sn2002hu.m0005.dat,E,2.8578666840389664,0.1,3.0,0.030550161439266386,1.1980772199105267,1.0
614,SNIa-BL/sn1994T.p0001.dat,E,2.8613666822793,0.09000000000000001,0.11851263821008236,0.48256026963486354,-1.1858858911602939,1.0
615,SNIa-CN/sn2002aw.m0002.dat,E,2.8712640883570035,0.1,1.144278184399386,0.1083875982123001,0.26425395253663175,1.0
616,SNIa-CSM/sn2011km.max.dat,E,2.8790398089692077,0.1,1.704830370223121,0.0,0.6179939622644632,1.0
617,SNIa-CN/sn2008ar.p0007.dat,E,2.8822793440956795,0.09000000000000001,0.4658375778379436,0.3338152860648418,-0.38753749469707716,1.0
618,SNIa-CL/sn2000dk.m0004.dat,E,2.8886356257980648,0.1,1.2355984708521779,0.1898760841926348,0.48080437435437096,1.0
619,SNIa-BL/sn2003W.m0010.dat,E,2.890504762620123,0.12000000000000001,0.4151492131757252,0.4000456981875973,-0.3690761186631165,1.0
620,SNIa-CSM/sn2011km.m0002.dat,E,2.8926796962284573,0.1,1.1764327007525914,0.00710584246491444,0.23097164911884793,1.0
621,SNIa-BL/sn2007co.p0007.dat,E,2.893417022105938,0.09000000000000001,0.13880971770400347,0.47206465174149387,-1.376126643466883,1.0
622,SNIa-CL/sn2002hw.m0003.dat,E,2.901922422286085,0.1,0.2940785063420911,0.27685337360013745,-0.9668938658847158,1.0
623,SNIa-CL/sn2007au.m0006.dat,E,2.904095076376972,0.1,1.0136613148137266,0.15139981343664252,0.15022906219877047,1.0
624,SNIa-CN/sn2005hc.p0006.dat,E,2.914393134154409,0.09000000000000001,0.5320235754002781,0.29969956119446384,-0.331874648513174,1.0
625,SNIa-BL/sn1996bo.p0003.dat,E,2.9193137735920462,0.09000000000000001,0.07730181571658759,0.4853430140409501,-2.0,1.0
626,SNIa-CN/sn2006al.p0006.dat,E,2.920332991619096,0.09000000000000001,0.8589485561537012,0.2181768243974347,0.035002437720333686,0.9587173900293253
627,SNIa-SS/sn1998es.m0004.dat,E,2.9268151329353502,0.1,1.6896393075581881,0.0,0.5340218501636042,1.0
628,SNIa-BL/sn2006bq.p0005.dat,E,2.9360694721862712,0.09000000000000001,0.11716854073573951,0.5088471093692896,-1.5400176156877188,1.0
629,SNIa-CN/sn1998dm.p0010.dat,E,2.9439431637891387,0.09000000000000001,0.1120075782686741,0.4174565315367677,-1.6903592597149815,1.0
630,SNIa-CN/sn1994D.m0010.dat,E,2.9518165704611388,0.11000000000000001,1.021678499292749,0.22696616926994148,0.3781267267419553,1.0
631,SNIa-CN/sn2002cr.m0008.dat,E,2.9547050786309694,0.1,2.2015663969627233,0.07823298492196834,0.9659306536039726,1.0
632,SNIa-CN/sn2005iq.m0006.dat,E,2.968577484877737,0.1,2.5941588302800667,0.08866093724886816,1.053331966822977,1.0
633,SNIa-BL/sn2004ef.m0006.dat,E,2.982004997460707,0.11000000000000001,0.6737121660381625,0.26749498691722484,-0.08635117972665654,1.0
634,SNIa-CN/sn2003du.m0013.dat,E,3.0001174671547988,0.1,1.7739948851465324,0.11146145768905025,0.8131072802793093,1.0
635,SNIa-CL/sn2007au.m0004.dat,E,3.0174301216194563,0.1,0.807262011417417,0.2168925456135024,-0.010696989591403461,1.0
636,SNIa-BL/sn2003W.m0011.dat,E,3.0206865924203337,0.13,0.2122969312741038,0.35459665969396165,-0.9410629729979535,1.0
637,SNIa-CL/sn2006bt.p0002.dat,E,3.028483477829874,0.09000000000000001,1.0304935569428197,0.25765667690851635,0.30706882808043434,1.0
638,SNIa-SS/sn2005M.m0002.dat,E,3.0325791159171955,0.09000000000000001,1.661287474408602,0.18130836457936333,0.7435483549038406,1.0
639,SNIa-BL/sn2004as.p0006.dat,E,3.033164703866571,0.09000000000000001,0.17976901990191324,0.450952691761033,-1.1622475962110528,1.0
640,SNIa-CL/sn2006bw.p0005.dat,E,3.0341222744907794,0.09000000000000001,0.31547785748348933,0.358607571691149,-0.7675599994971494,1.0
641,SNIa-CN/sn2006lf.p0006.dat,E,3.0345788614660694,0.09000000000000001,0.1072862060498553,0.21585171897083705,-1.9645126180750796,1.0
642,SNIa-SS/sn1999aa.m0003.dat,E,3.04048045791506,0.1,2.1900069696900575,0.13557252267301267,0.9397729362946633,1.0
643,SNIa-BL/sn2006br.max.dat,E,3.0423793065323457,0.1,0.15517795336951448,0.0,-1.886097398230194,1.0
644,SNIa-SS/sn2006gz.p0009.dat,E,3.046289764675913,0.09000000000000001,1.2928306257124769,0.04047904231700768,0.2958888620802798,1.0
645,SNIa-SS/sn2008Z.p0008.dat,E,3.0498661162349174,0.1,0.5933401533466804,0.2074748253712253,-0.3297597676247811,1.0
646,SNIa-BL/sn2002dj.m0011.dat,E,3.0742862450909323,0.11000000000000001,0.1107927309512421,0.24767353213700125,-2.0,1.0
647,SNIa-BL/sn2001ay.p0001.dat,E,3.077074214619194,0.1,0.9599808168000921,0.2738413792135325,0.24056710899094763,1.0
648,SNIa-CL/sn2007au.m0005.dat,E,3.080455384858106,0.1,0.8773167922822763,0.19702403103212307,0.03226990159748967,1.0
649,SNIa-SS/sn2006gr.m0008.dat,E,3.083414292704325,0.11000000000000001,1.5349955802574857,0.0,0.4551717181881234,1.0
650,SNIa-SS/sn1999dq.m0005.dat,E,3.0883414986732065,0.1,1.1350909950687902,0.0,0.1476908571613083,1.0
651,SNIa-BL/sn2007kk.p0006.dat,E,3.0892759039271533,0.09000000000000001,0.2049207506363577,0.46077668248382636,-1.0744877277686178,1.0
652,SNIa-BL/sn2006cj.p0008.dat,E,3.091875714231903,0.09000000000000001,0.3032840906148198,0.5283022516166904,-0.6379343558682032,0.9592480058651025
653,SNIa-SS/sn2007S.p0008.dat,E,3.0928618748858954,0.09000000000000001,0.12511767973466226,0.3499320850608579,-1.670425239940421,1.0
654,SNIa-CL/sn2006bt.p0003.dat,E,3.0943225763895224,0.09000000000000001,0.9749692732051416,0.2754992776435341,0.2873472262402211,1.0
655,SNIa-CN/sn1998dx.p0001.dat,E,3.0985527613708315,0.1,0.8112186049994121,0.32230840405292505,0.08469893534974625,1.0
656,SNIa-CN/sn2002cr.m0011.dat,E,3.102796034831936,0.1,1.7310511234033092,0.15808820646791172,0.8603267199283544,1.0
657,SNIa-CN/sn1996C.p0008.dat,E,3.1112039953218633,0.09000000000000001,0.39599451452433027,0.3906246007367643,-0.08652594569979835,1.0
658,SNIa-SS/sn2002de.m0004.dat,E,3.1163786051192544,0.1,0.909810512414096,0.0,-0.10233901340125462,1.0
659,SNIa-BL/sn1994T.p0002.dat,E,3.13234523781696,0.09000000000000001,0.10136491534141175,0.4761830703624139,-1.688760374196703,1.0
660,SNIa-CL/sn2002eu.p0005.dat,E,3.143379369114415,0.09000000000000001,0.5619557513103329,0.21971854790254405,-0.37439658311121343,1.0
661,SNIa-CN/sn2005bc.m0006.dat,E,3.1492335644102196,0.1,0.5341468338108724,0.11621621739610842,-0.5439540025515333,1.0
662,SNIa-CN/sn2006le.m0009.dat,E,3.1499796397884756,0.11000000000000001,1.1189583623318622,0.0,0.14051110094070815,1.0
663,SNIa-CL/sn2006gt.p0002.dat,E,3.1569531876588695,0.09000000000000001,0.7859631567029657,0.2683788116099223,0.05917493993647525,1.0
664,SNIa-CN/sn2003cg.m0005.dat,E,3.1706921199925326,0.1,0.14603437899965716,0.0,-2.0,1.0
665,SNIa-SS/sn2008Z.m0007.dat,E,3.1708238249785667,0.1,1.5436259990883445,0.0,0.4392269383123421,1.0
666,SNIa-CL/sn2006bt.p0001.dat,E,3.1876060722786876,0.09000000000000001,1.1737203287326265,0.26691462038070596,0.45309545126285383,1.0
667,SNIa-CN/sn2006N.p0008.dat,E,3.207679113856201,0.09000000000000001,0.4485377384799499,0.19271869265728506,-0.5801770191008154,1.0
668,SNIa-SS/sn2005M.m0003.dat,E,3.2342394118540243,0.09000000000000001,1.9171528848558796,0.12008167731036198,0.8201352537279465,1.0
669,SNIa-SS/sn1998es.m0005.dat,E,3.239980312665796,0.1,2.0102834371957528,0.0,0.7202151430414293,1.0
670,SNIa-CL/sn1998bp.p0001.dat,E,3.2423234857684227,0.09000000000000001,0.504335846558328,0.25071805144545795,-0.42769766705947393,1.0
671,SNIa-BL/sn2004ef.m0007.dat,E,3.2608929075723445,0.11000000000000001,0.3615181619651389,0.3874637661415738,-0.6115294070269051,1.0
672,SNIa-CN/sn2001fe.p0006.dat,E,3.2669150167982335,0.09000000000000001,0.47622958093107065,0.38462448310992364,-0.3096796636713555,1.0
673,SNIa-BL/sn2002bo.m0012.dat,E,3.2690356364096407,0.12000000000000001,0.10523225806379481,0.43489387605477436,-1.7298664065764955,1.0
674,SNIa-BL/sn2001N.p0004.dat,E,3.288636646540273,0.09000000000000001,0.07898757495351388,0.4731962086196773,-2.0,0.9898031671554249
675,SNIa-CL/sn2002hw.m0006.dat,E,3.292383278179398,0.1,0.46278798329686144,0.0,-0.8284151411681375,1.0
676,SNIa-BL/sn2007le.p0005.dat,E,3.29402564882367,0.09000000000000001,0.11993781811357078,0.4587691240223653,-1.5604531937178407,1.0
677,SNIa-SS/sn2006gr.m0009.dat,E,3.297512922688055,0.11000000000000001,2.0577762010233562,0.0,0.7631452716902841,1.0
678,SNIa-SS/sn2006gz.m0008.dat,E,3.300935635429675,0.1,2.589047508267539,0.0,0.9798791470326265,1.0
679,SNIa-CN/sn2006le.p0007.dat,E,3.30277053315374,0.09000000000000001,0.1669738822774141,0.4030880366447051,-1.3292264814273635,1.0
680,SNIa-CN/sn2005kc.p0007.dat,E,3.302913457252855,0.09000000000000001,0.2259960259044954,0.3065641774060079,-1.1655588250536826,1.0
681,SNIa-CL/sn2004gs.p0004.dat,E,3.3041632577961138,0.09000000000000001,0.27256987894373574,0.42942145410856164,-0.8000267258727563,1.0
682,SNIa-SS/sn2001V.m0005.dat,E,3.3071451972145733,0.1,2.1221254364107516,0.12024179580453515,0.9833668622106175,1.0
683,SNIa-CN/sn2005cf.m0010.dat,E,3.3114062623823957,0.1,0.8218300723204993,0.233556452560234,0.13239919545800663,1.0
684,SNIa-SS/sn1999aa.m0004.dat,E,3.313828685403073,0.1,2.56766232440014,0.10239870916594505,1.0634572247734564,1.0
685,SNIa-BL/sn2002cu.m0008.dat,E,3.326415389777373,0.12000000000000001,0.45526665011699036,0.3596272390676004,-0.3592910613265944,1.0
686,SNIa-CN/sn2003kf.p0009.dat,E,3.335952886981342,0.09000000000000001,0.14507180950080747,0.44959180669513066,-1.3840820239337723,1.0
687,SNIa-BL/sn1995al.p0006.dat,E,3.3449212995344775,0.09000000000000001,0.14050537987952644,0.469148364515126,-1.3650502529636026,1.0
688,SNIa-SS/sn2008Z.m0008.dat,E,3.3668051072522216,0.1,1.56316031340022,0.0,0.4536087132015514,1.0
689,SNIa-BL/sn2007bd.m0008.dat,E,3.36868809168121,0.11000000000000001,1.13677748371473,0.21113534286278557,0.3326968172632796,1.0
690,SNIa-CL/sn2006bt.m0000.dat,E,3.3734855320342163,0.09000000000000001,1.0659510221620019,0.23569610695763313,0.3129833725690473,1.0
691,SNIa-CN/sn2004L.p0005.dat,E,3.376608396778884,0.09000000000000001,0.6754135789450737,0.0011700694566390687,-0.37652653765461186,1.0
692,SNIa-SS/sn2003fa.m0006.dat,E,3.378855775438717,0.1,2.71300905256549,0.0,1.1356596820491958,0.9713387096774192
693,SNIa-BL/sn1997bp.p0004.dat,E,3.381105959842685,0.1,0.08497344582891361,0.501869496411085,-1.7619177296234578,1.0
694,SNIa-CN/sn2003cg.m0004.dat,E,3.3829076925410844,0.1,0.14488042990979824,0.0,-2.0,1.0
695,SNIa-BL/sn2001N.p0003.dat,E,3.386285371035809,0.1,0.2112693213311789,0.17879949024461353,-1.333813741480494,1.0
696,SNIa-CL/sn2007hj.p0004.dat,E,3.407985429430198,0.09000000000000001,0.19853499181983364,0.37788246899545896,-1.1693620428879163,1.0
697,SNIa-SS/sn1999aa.m0005.dat,E,3.409488063735206,0.1,3.0,0.02416813144117191,1.1453138140911627,1.0
698,SNIa-SS/sn1998es.m0006.dat,E,3.4314721166539464,0.1,1.8721972827980313,0.0,0.640037147399125,1.0
699,SNIa-CSM/sn2002ic.p0016.dat,E,3.443158614804675,0.09000000000000001,1.3584659592493427,0.0,0.3597122484266673,1.0
700,SNIa-CN/sn2002fk.p0008.dat,E,3.450750564536343,0.09000000000000001,0.4322815309214466,0.3935760521592175,-0.33327998146027904,1.0
701,SNIa-CN/sn1999ef.p0007.dat,E,3.453233485746972,0.09000000000000001,0.24774550106400514,0.4377883985120611,-0.9002002645259032,1.0
702,SNIa-BL/sn2002dp.p0007.dat,E,3.461906788128846,0.09000000000000001,0.2794877534151,0.4018523316643291,-0.7673200624057035,1.0
703,SNIa-CN/sn1994ae.p0008.dat,E,3.4656777114858386,0.09000000000000001,0.19931992074282856,0.5031336400767298,-0.44337739369782325,1.0
704,SNIa-CL/sn2008R.p0005.dat,E,3.477898325720824,0.09000000000000001,0.5062675368967073,0.3031307974649783,-0.3607779270395187,1.0
705,SNIa-CN/sn2002jy.p0010.dat,E,3.494062108962651,0.09000000000000001,0.23053054912696286,0.4798021673058174,-0.8597050569526882,1.0
706,SNIa-CN/sn2003it.p0009.dat,E,3.5021735712443656,0.09000000000000001,0.18755478133436998,0.47330759846991366,-1.1151306178414488,1.0
707,SNIa-BL/sn2001ay.p0003.dat,E,3.5049481203016923,0.1,0.6489266990278275,0.2708500738355342,0.02289252149852671,1.0
708,SNIa-BL/sn2004ef.p0006.dat,E,3.5093055536285567,0.09000000000000001,0.1599154779847739,0.42925031467396096,-1.2986998612249698,1.0
709,SNIa-SS/sn2005eq.m0004.dat,E,3.5108188783412024,0.09000000000000001,2.1795773576222737,0.04205074615305282,0.8212409670696992,1.0
710,SNIa-BL/sn2006cj.p0009.dat,E,3.5121818676769267,0.09000000000000001,0.7183395501883829,0.15654054403615636,-0.20911504215231513,0.9592480058651025
711,SNIa-CN/sn2006lf.m0008.dat,E,3.5130341718090916,0.1,0.15181800500496886,0.20150316026315213,-1.792734184044181,1.0
712,SNIa-CN/sn2000dn.m0004.dat,E,3.5217528264571394,0.09000000000000001,1.2521377566340648,0.21674853776036693,0.4506462227960417,1.0
713,SNIa-SS/sn2005M.p0010.dat,E,3.525037283759827,0.08,0.18138158571523258,0.504009229121864,-1.119205611697196,1.0
714,SNIa-CL/sn2006hb.p0007.dat,E,3.5426992765656204,0.09000000000000001,0.4428803969747434,0.34638717196091096,-0.40773040853207465,1.0
715,SNIa-BL/sn2006ot.p0003.dat,E,3.5764638060221188,0.1,1.048791598527257,0.0,0.022505116733480504,1.0
716,SNIa-BL/sn1996Z.p0004.dat,E,3.580541273711887,0.09000000000000001,0.07797278251262559,0.37014021826627835,-2.0,1.0
717,SNIa-CN/sn2005mc.m0002.dat,E,3.5934630555510187,0.09000000000000001,0.4696354358031466,0.0,-0.7885792896289713,1.0
718,SNIa-CL/sn2006bt.m0001.dat,E,3.606289366692888,0.09000000000000001,1.065049841068157,0.24159224303190752,0.31560189660688215,1.0
719,SNIa-CN/sn1996X.p0007.dat,E,3.6073458845509396,0.09000000000000001,0.2447903323383769,0.4605133645043255,-0.8013785418039854,1.0
720,SNIa-CL/sn2006bt.p0006.dat,E,3.6112813714432592,0.09000000000000001,0.5562953700135062,0.28614889549960415,-0.27330116273775096,1.0
721,SNIa-SS/sn2005eu.m0005.dat,E,3.631074659767722,0.1,1.830539653902216,0.0,0.5923942590895412,1.0
722,SNIa-BL/sn1997do.m0012.dat,E,3.634619047845156,0.12000000000000001,0.39316446771918195,0.3685116584134435,-0.45090109682896307,1.0
723,SNIa-BL/sn2007bd.p0008.dat,E,3.653638878940166,0.09000000000000001,0.312498456607818,0.3857978593248702,-0.7289318804267009,1.0
724,SNIa-CL/sn2006gt.p0003.dat,E,3.6619147894125144,0.09000000000000001,0.5854188848261458,0.32495566315923335,-0.17200278866505767,1.0
725,SNIa-BL/sn2004as.p0007.dat,E,3.693264321364586,0.09000000000000001,0.13271068520088383,0.48163796749561116,-1.4087285463043442,1.0
726,SNIa-BL/sn2001ep.p0006.dat,E,3.6934197276003626,0.08,0.1213677763486758,0.5200592476411431,-1.4777283315241052,1.0
727,SNIa-SS/sn2007ae.p0003.dat,E,3.6934873534935586,0.09000000000000001,1.1085943862621168,0.28248507534659256,0.354261367704476,0.9688949853372433
728,SNIa-BL/sn2007cg.p0006.dat,E,3.6965483739355003,0.1,0.22501769902011068,0.008461810054254434,-1.4982953148797085,1.0
729,SNIa-BL/sn2006cp.p0007.dat,E,3.7072893438735046,0.09000000000000001,0.10411707376094385,0.53535810510131,-1.5597711061661048,1.0
730,SNIa-BL/sn2002bo.m0013.dat,E,3.720889488569772,0.12000000000000001,0.08052807308112961,0.4339321148943078,-2.0,1.0
731,SNIa-SS/sn2006gz.p0010.dat,E,3.7455495557674103,0.09000000000000001,0.7993015679144895,0.1262649807453764,-0.1155717660082336,1.0
732,SNIa-SS/sn2003hu.max.dat,E,3.7517633805537374,0.09000000000000001,1.0348907170714738,0.01364883650952733,-0.005725738279274698,0.9840814662756596
733,SNIa-CN/sn1999ef.p0008.dat,E,3.756448060945806,0.09000000000000001,0.2011157940819206,0.4654996560310905,-1.0630609683118226,1.0
734,SNIa-BL/sn2006ac.p0007.dat,E,3.783402412415758,0.09000000000000001,0.10780049023113614,0.5405069647710351,-1.5074991666202375,1.0
735,SNIa-CN/sn2006le.p0008.dat,E,3.784171253061368,0.09000000000000001,0.12090406669648271,0.45775499708131284,-1.5594670294193858,1.0
736,SNIa-CN/sn1994D.m0011.dat,E,3.785223510237839,0.11000000000000001,0.3863237952717731,0.3765979360956514,-0.2578500982603997,1.0
737,SNIa-SS/sn2008Z.m0009.dat,E,3.8109358866351872,0.1,1.4809242316758033,0.0,0.402740673702657,1.0
738,SNIa-SS/sn2001V.m0006.dat,E,3.849119903109163,0.1,2.064458393977868,0.14894857463670633,0.9954976772158025,1.0
739,SNIa-SS/sn2005eq.m0005.dat,E,3.8542224493371537,0.1,2.224087002691803,0.0,0.8265605266634136,1.0
740,SNIa-BL/sn2005am.p0008.dat,E,3.859462677104754,0.09000000000000001,0.17489531639636122,0.44957656515174216,-1.1732068220874043,1.0
741,SNIa-BL/sn2007co.p0008.dat,E,3.8677729079968137,0.09000000000000001,0.11570852140592239,0.4911433317132418,-1.5213275830743922,1.0
742,SNIa-SS/sn1999aa.m0006.dat,E,3.870451540668646,0.1,3.0,0.055983257666108344,1.170251648867858,1.0
743,SNIa-CN/sn1994ae.p0009.dat,E,3.872781904979971,0.09000000000000001,0.20795669955915952,0.5195970126205578,-0.9479357441309015,0.9666318768328445
744,SNIa-BL/sn2004ef.m0008.dat,E,3.873424006299297,0.11000000000000001,0.2953259267151213,0.3981950520882938,-0.7657397692590039,1.0
745,SNIa-CL/sn2001ex.m0004.dat,E,3.875004615518417,0.09000000000000001,0.6905213234355313,0.2770338543782654,-0.08113236093400583,1.0
746,SNIa-CN/sn2006lf.p0007.dat,E,3.8764890723470016,0.09000000000000001,0.10133218631665164,0.24396640482501866,-2.0,1.0
747,SNIa-SS/sn2001eh.p0009.dat,E,3.8891521048634807,0.09000000000000001,0.20760940866262723,0.43801253293357956,-0.7888508189433324,1.0
748,SNIa-CN/sn2004bk.p0006.dat,E,3.898979077874015,0.09000000000000001,0.3818914897027577,0.350371625125344,-0.5867768567544507,1.0
749,SNIa-SS/sn1999dq.m0006.dat,E,3.929694529573731,0.1,1.0540838530493815,0.0,0.07372462208900717,1.0
750,SNIa-CN/sn1998dx.p0008.dat,E,3.95958578530939,0.09000000000000001,0.30784327879197965,0.4766781937392235,-0.6518125351944543,1.0
751,SNIa-CL/sn2007ba.p0003.dat,E,3.975497141796695,0.09000000000000001,0.5200045311536866,0.26609979896075775,-0.33975058109423384,1.0
752,SNIa-CL/sn2006bt.p0005.dat,E,3.9861127675845025,0.09000000000000001,0.6332032230299982,0.32137526431820107,-0.07248343403795975,1.0
753,SNIa-BL/sn2006cj.p0005.dat,E,3.987396438992324,0.09000000000000001,0.6399451373550583,0.0,-0.5003874320245815,0.9598457478005864
754,SNIa-SS/sn2003fa.p0011.dat,E,4.018829698461211,0.09000000000000001,0.3176498696378499,0.4546617831161593,-0.6307596284025229,1.0
755,SNIa-BL/sn2001bf.p0008.dat,E,4.020556132955503,0.08,0.27224924662212296,0.47897644733812395,-0.7506062846426669,1.0
756,SNIa-SS/sn2003hu.p0008.dat,E,4.023145252105662,0.09000000000000001,0.6030921362058785,0.1658598166090787,-0.3807269639618866,0.9840814662756596
757,SNIa-BL/sn2001en.p0008.dat,E,4.0278460489841414,0.09000000000000001,0.08829619036662278,0.551370385472319,-1.6603482914548153,1.0
758,SNIa-CL/sn2002dl.m0008.dat,E,4.028929807872896,0.1,1.3985681014089317,0.06117426057517594,0.4619828599304967,1.0
759,SNIa-SS/sn2001V.m0007.dat,E,4.0346492848398094,0.1,1.8293283135368377,0.14483792731568043,0.8688201791843425,1.0
760,SNIa-SS/sn2000cx.m0000.dat,E,4.04898250262284,0.1,1.085715897485555,0.2505860356087261,0.37885084155234366,1.0
761,SNIa-CL/sn2002dl.m0007.dat,E,4.050766463719787,0.1,0.913100182487767,0.0,-0.07358699533978444,1.0
762,SNIa-CL/sn2007bc.p0006.dat,E,4.054136149072544,0.09000000000000001,0.4254899864299394,0.37027265245703955,-0.4313309697282014,1.0
763,SNIa-BL/sn2001ay.p0004.dat,E,4.072970467385883,0.09000000000000001,0.2790343997770354,0.4400722341371471,-0.8014868223402185,1.0
764,SNIa-CN/sn1995D.p0010.dat,E,4.07958344976609,0.09000000000000001,0.27143143065483644,0.5160219250080915,-0.6856117658159694,0.982793284457478
765,SNIa-SS/sn2006gz.m0009.dat,E,4.088015337852902,0.1,3.0,0.04231729684956985,1.1942054466432857,1.0
766,SNIa-SS/sn2000cx.m0001.dat,E,4.092063813014338,0.1,1.542643562869975,0.1770993166377206,0.6707636107501422,1.0
767,SNIa-SS/sn2007cq.m0004.dat,E,4.093643836499255,0.09000000000000001,3.0,0.01831965171265843,1.1167154596934379,1.0
768,SNIa-SS/sn2005eu.p0008.dat,E,4.1142314861158065,0.09000000000000001,1.0855554376626946,0.11817229771135951,0.19107404059443445,1.0
769,SNIa-CN/sn2005cf.m0011.dat,E,4.133072559117613,0.1,0.40741355584375927,0.36307823407570056,-0.4142225014531023,1.0
770,SNIa-SS/sn2005hk.m0001.dat,E,4.145548353319624,0.08,2.0710696260470405,0.0,0.772094565550798,1.0
771,SNIa-CN/sn2003ic.p0004.dat,E,4.152119350445098,0.09000000000000001,0.7078327007585069,0.0,-0.36716962554115834,1.0
772,SNIa-CL/sn1999da.m0003.dat,E,4.155838746348696,0.09000000000000001,0.4753784705830912,0.2927097099614215,-0.37893436303614625,1.0
773,SNIa-SS/sn1999dq.m0007.dat,E,4.164449804716119,0.1,1.0100527190473996,0.0,0.035454975660203475,1.0
774,SNIa-CL/sn2003iv.p0007.dat,E,4.1955429065577885,0.09000000000000001,0.30625959271846126,0.3974917114762105,-0.7453490264163521,1.0
775,SNIa-SS/sn2003fa.m0007.dat,E,4.210119640317304,0.1,2.4965210219000875,0.0,0.9703507012423018,1.0
776,SNIa-BL/sn2001ep.p0007.dat,E,4.21773377047301,0.08,0.07903278601436607,0.5553859255963496,-1.838316284664744,1.0
777,SNIa-CL/sn1999by.m0003.dat,E,4.246259122872762,0.09000000000000001,0.6889665165471884,0.16209230980665779,0.18806753839931822,1.0
778,SNIa-SS/sn1998es.m0007.dat,E,4.253125640268477,0.1,1.9665230970244356,0.031741299763207574,0.7610444100403179,1.0
779,SNIa-CN/sn1994S.m0003.dat,E,4.266707565509437,0.1,0.9867962236053338,0.3501382724577454,0.57451177996811,1.0
780,SNIa-CSM/sn2011km.p0005.dat,E,4.283358746641465,0.09000000000000001,0.4255997609247058,0.2633900597041973,-0.5493648976101728,1.0
781,SNIa-CL/sn1999by.m0004.dat,E,4.284699883561274,0.09000000000000001,1.3114106230764804,0.11982156197419318,0.4700942647151445,1.0
782,SNIa-CL/sn2006bt.m0003.dat,E,4.285069239544145,0.1,1.2333674109925024,0.20260806104630993,0.44192656193720287,1.0
783,SNIa-CN/sn1998bu.p0009.dat,E,4.289085340415886,0.09000000000000001,0.09801609747150455,0.49098610596869047,-1.678223505471401,1.0
784,SNIa-BL/sn2007cg.p0007.dat,E,4.289188782397863,0.09000000000000001,0.10395411743548391,0.2599961223467509,-2.0,1.0
785,SNIa-SS/sn2001V.m0013.dat,E,4.313188194466177,0.1,0.9048436160820019,0.1898585582663672,0.17371454998610047,1.0
786,SNIa-SS/sn1999aa.m0007.dat,E,4.330839546688145,0.1,3.0,0.04556018512157503,1.1572399546642467,1.0
787,SNIa-BL/sn2002cd.max.dat,E,4.33781258759124,0.1,0.10323545568320079,0.23688242481728974,-2.0,1.0
788,SNIa-SS/sn2001V.m0011.dat,E,4.363978973738711,0.1,1.365228788481408,0.16601316947347533,0.5767503196365424,1.0
789,SNIa-CN/sn2003cg.m0002.dat,E,4.364188190385468,0.1,0.13115723461727682,0.1209559813111343,-2.0,1.0
790,SNIa-SS/sn2005hk.m0002.dat,E,4.3693438688253075,0.08,2.3136627421101275,0.0,0.8810948938024387,1.0
791,SNIa-SS/sn2001V.m0009.dat,E,4.3870831099858005,0.1,1.939309282176757,0.12371252441914381,0.914833966160167,1.0
792,SNIa-CN/sn1997Y.p0007.dat,E,4.422607894141645,0.09000000000000001,0.11506095949621326,0.393592931648333,-1.6468024066539044,1.0
793,SNIa-SS/sn2006gz.m0011.dat,E,4.422787046028355,0.1,1.970379787833389,0.0,0.6947950530256809,1.0
794,SNIa-SS/sn2006gr.m0010.dat,E,4.427321664176116,0.11000000000000001,2.0761883024779513,0.009773204223031925,0.7872410839252052,1.0
795,SNIa-CN/sn2006le.p0009.dat,E,4.434477155773265,0.09000000000000001,0.07518800114238174,0.49889818210464276,-1.9458192894675093,1.0
796,SNIa-CL/sn2002cf.m0005.dat,E,4.435890614467372,0.09000000000000001,0.829679095831454,0.15368766302016304,-0.0037072025735578823,1.0
797,SNIa-SS/sn2008Z.p0010.dat,E,4.460747639342003,0.09000000000000001,0.1995429266211363,0.4398568564509104,-1.1165466225347698,1.0
798,SNIa-SS/sn2001V.m0010.dat,E,4.4834010404322235,0.1,1.6730311404550768,0.14817299368622244,0.7867657729439737,1.0
799,SNIa-BL/sn2001bf.p0009.dat,E,4.487065883222652,0.08,0.0910436560380426,0.5169744558745613,-1.2320623956547925,1.0
800,SNIa-SS/sn2005hk.m0003.dat,E,4.488936703620885,0.08,2.5061261043607086,0.0,0.9642678476218205,1.0
801,SNIa-CSM/sn2002ic.p0020.dat,E,4.504062034008841,0.09000000000000001,1.0380743876289606,0.007290396131738336,0.03419972880694741,1.0
802,SNIa-SS/sn2001V.m0012.dat,E,4.5062963300279755,0.1,1.0094887175537892,0.2547058630915881,0.34821789144478227,1.0
803,SNIa-CL/sn2006hb.p0008.dat,E,4.507742931986337,0.08,0.11810089375978465,0.5499695308090337,-1.4430404354692468,1.0
804,SNIa-CN/sn2003cg.m0001.dat,E,4.507859764116442,0.1,0.14210488156543452,0.0,-2.0,1.0
805,SNIa-CN/sn2003ic.m0004.dat,E,4.516879996657067,0.1,0.7917205252387098,0.0,-0.26871638762631794,1.0
806,SNIa-BL/sn1995al.p0008.dat,E,4.517503383689993,0.09000000000000001,0.06561034847327811,0.561831294921461,-1.9426213701067416,1.0
807,SNIa-BL/sn1999gh.p0006.dat,E,4.522592793238399,0.08,0.06313952608283883,0.5823070597303157,-2.0,1.0
808,SNIa-CN/sn2003ic.p0003.dat,E,4.54703908095998,0.1,0.6078413153765816,0.0,-0.5245358485896142,1.0
809,SNIa-SS/sn2008Z.m0004.dat,E,4.548950068745032,0.09000000000000001,1.38701411700077,0.0,0.29972347871805965,1.0
810,SNIa-SS/sn1999aa.m0008.dat,E,4.59033009495495,0.1,3.0,0.04675873921964795,1.157858446783921,1.0
811,SNIa-CL/sn2002fb.m0003.dat,E,4.592949162212279,0.09000000000000001,0.6721910016468583,0.26265654050193354,-0.0293494852831738,1.0
812,SNIa-SS/sn1998es.m0008.dat,E,4.608753586780978,0.1,2.261698554166285,0.03546907230524288,0.9023775016510498,1.0
813,SNIa-SS/sn2002de.p0009.dat,E,4.621884556578949,0.09000000000000001,0.18814327312219806,0.3963306731844146,-1.2166688272818293,1.0
814,SNIa-BL/sn2004as.p0008.dat,E,4.635386352344446,0.08,0.05955330575061447,0.5972786119409057,-2.0,1.0
815,SNIa-SS/sn2003fa.m0009.dat,E,4.647772405882002,0.1,2.7955474536324623,0.0,1.0973172570860354,1.0
816,SNIa-CN/sn2003ic.p0005.dat,E,4.649186979480038,0.09000000000000001,0.5757481802062366,0.0,-0.5662620219401872,1.0
817,SNIa-SS/sn1998es.m0011.dat,E,4.652943686457096,0.1,1.8835718551162446,0.0,0.7159400562397651,1.0
818,SNIa-BL/sn1999cl.m0005.dat,E,4.672608406574911,0.1,0.13589810370249955,0.09199826512341859,-2.0,1.0
819,SNIa-SS/sn1998es.m0010.dat,E,4.6749920987172935,0.1,2.414702403818141,0.0,0.9837391235518507,1.0
820,SNIa-SS/sn2003fa.m0008.dat,E,4.6814274734688714,0.1,2.6049068304547873,0.0,1.013727793902453,1.0
821,SNIa-SS/sn2005hk.m0004.dat,E,4.700714400867189,0.08,2.3261919340530053,0.0,0.887834706462709,1.0
822,SNIa-BL/sn2007bm.p0007.dat,E,4.70520087299384,0.09000000000000001,0.08498749813570287,0.31431579589581626,-2.0,1.0
823,SNIa-BL/sn2002bf.p0005.dat,E,4.7119236514356135,0.1,0.2678157927028843,0.07279796419373447,-1.2258901079241502,1.0
824,SNIa-CSM/sn2011km.p0006.dat,E,4.7132203483519195,0.08,0.1433784411293031,0.3983107900452241,-1.5430672683759301,1.0
825,SNIa-SS/sn2007cq.m0005.dat,E,4.730323182212759,0.09000000000000001,2.6233257160302372,0.01198911214889425,0.9718028810744621,1.0
826,SNIa-BL/sn1999cl.m0004.dat,E,4.730594384876036,0.1,0.1310196072785119,0.12554465069775012,-2.0,1.0
827,SNIa-SS/sn2003fa.p0012.dat,E,4.730661507487284,0.08,0.1228551624511405,0.6099586883570668,-1.3448152295360416,1.0
828,SNIa-BL/sn1996bo.p0005.dat,E,4.732859395580317,0.09000000000000001,0.07698950699136244,0.46453749978171,-2.0,1.0
829,SNIa-BL/sn2001ay.p0007.dat,E,4.736439351201647,0.09000000000000001,0.23984956794178053,0.4821608618963863,-0.8632415900042658,1.0
830,SNIa-SS/sn2000cx.p0007.dat,E,4.78396811938925,0.1,0.12776871107726365,0.521765894052788,-1.3639792877698231,1.0
831,SNIa-CN/sn2006N.p0009.dat,E,4.787327621646035,0.09000000000000001,0.2217408909562333,0.33589945787546016,-1.1077236363425003,1.0
832,SNIa-SS/sn1999aa.m0010.dat,E,4.793604693158471,0.1,3.0,0.039803260854937246,1.1531025337533485,1.0
833,SNIa-SS/sn1999aa.m0009.dat,E,4.799453312767529,0.1,3.0,0.04005925892628095,1.1569184917767523,1.0
834,SNIa-SS/sn2006gz.p0011.dat,E,4.801717061352182,0.09000000000000001,0.5280007565700617,0.22892750424422242,-0.41325216438967927,1.0
835,SNIa-SS/sn2006gz.m0012.dat,E,4.807349101813186,0.1,1.5420127382338173,0.0,0.42240104957777025,1.0
836,SNIa-BL/sn2007kk.p0008.dat,E,4.810905563207966,0.09000000000000001,0.06696411647144355,0.5651467314158257,-1.9886526871308576,1.0
837,SNIa-CN/sn2008C.p0008.dat,E,4.834611150334868,0.09000000000000001,0.29453282004425585,0.08436930338272072,-1.1258136908281344,1.0
838,SNIa-CL/sn2002fb.m0005.dat,E,4.836600478649203,0.09000000000000001,0.6557384045830916,0.2645559625425713,-0.06820349597401494,1.0
839,SNIa-CN/sn2006le.m0012.dat,E,4.842571791475639,0.11000000000000001,0.3653465476056088,0.28468209061171323,-0.6831987305113898,1.0
840,SNIa-CN/sn2007ca.p0012.dat,E,4.848841354502265,0.09000000000000001,0.06656631450274544,0.5201269495802174,-2.0,1.0
841,SNIa-CN/sn1996X.p0008.dat,E,4.8551324127251165,0.09000000000000001,0.10985908138868412,0.5535216615825469,-1.4321347607768509,1.0
842,SNIa-SS/sn2002cx.m0002.dat,E,4.866852406552901,0.08,2.18252791511741,0.07526620642473623,0.9107084195660806,1.0
843,SNIa-CN/sn2002fk.p0010.dat,E,4.86852902412943,0.09000000000000001,0.15765458890023257,0.5104433894194839,-1.1526299038493175,1.0
844,SNIa-CN/sn2003it.p0010.dat,E,4.885722909737754,0.09000000000000001,0.11140477398590572,0.5729368322973574,-1.452974005280347,1.0
845,SNIa-SS/sn2001V.p0010.dat,E,4.892600993572952,0.08,0.056060979503172646,0.6364996448383483,-2.0,1.0
846,SNIa-CL/sn1998de.m0002.dat,E,4.897420710028858,0.09000000000000001,0.12649087262262879,0.4425941470184325,-1.5251336139054452,1.0
847,SNIa-SS/sn1998ab.p0008.dat,E,4.899041350830582,0.09000000000000001,0.20173425025588979,0.4535142676624727,-1.1100995025438833,0.9642217302052785
848,SNIa-SS/sn2008A.m0002.dat,E,4.899814702318665,0.08,0.7456562480202633,0.23044909739605837,-0.09112712514246793,1.0
849,SNIa-SS/sn1999dq.m0010.dat,E,4.917305557853927,0.1,0.9632065999889423,0.0,0.008609570446684034,1.0
850,SNIa-CN/sn2005cf.m0012.dat,E,4.9304506077196475,0.1,0.14272586712861898,0.4931084956020674,-1.279289834078687,1.0
851,SNIa-BL/sn2007co.p0009.dat,E,4.931256902672745,0.08,0.061185140928728475,0.5833817272226668,-2.0,1.0
852,SNIa-CN/sn1994ae.p0010.dat,E,4.9396848484391365,0.09000000000000001,0.07114278632279945,0.6037659235612112,-1.8447456137659137,0.9656985043988268
853,SNIa-BL/sn2007le.p0007.dat,E,4.952257751803634,0.09000000000000001,0.07009719428443553,0.48537862041747937,-2.0,1.0
854,SNIa-SS/sn2005eu.p0010.dat,E,4.9559251291026065,0.09000000000000001,0.6424874902332872,0.23208895332316942,-0.21627093038509984,1.0
855,SNIa-SS/sn1999dq.m0009.dat,E,4.965037353995524,0.1,0.8556158067513817,0.0,0.05941675988280974,1.0
856,SNIa-BL/sn2004as.p0009.dat,E,4.965507730948979,0.08,0.06058699340088568,0.595433514703416,-1.9702373803760234,1.0
857,SNIa-CN/sn1999gd.p0008.dat,E,4.968759637715188,0.08,0.07285728273691093,0.5128173885348687,-2.0,1.0
858,SNIa-CN/sn1999ac.p0009.dat,E,4.971729858850569,0.08,0.06094348850642112,0.5588296539219502,-2.0,1.0
859,SNIa-CL/sn2006hb.p0009.dat,E,4.993105953334288,0.08,0.07512193650877431,0.5821449452579756,-1.838510572440559,1.0
860,SNIa-CL/sn1998de.m0003.dat,E,4.997640434761541,0.09000000000000001,0.11507381393663117,0.45787665868347655,-1.5925538346920198,1.0
861,SNIa-CN/sn2003cg.m0006.dat,E,4.99906643158889,0.1,0.15787001848682714,0.0,-2.0,1.0
862,SNIa-SS/sn2008A.m0004.dat,E,5.001270933942432,0.08,1.2306102945786412,0.14150795733691143,0.3410100001456076,1.0
863,SNIa-SS/sn2008A.p0001.dat,E,5.0044637425073875,0.07,0.06644034288940817,0.6041211387076567,-1.9802984732323101,1.0
864,SNIa-CN/sn2000fa.p0009.dat,E,5.005980619208634,0.08,0.06191777303295044,0.5892727244222344,-2.0,1.0
865,SNIa-SS/sn2003fa.m0010.dat,E,5.025310831433426,0.1,2.8483130467154263,0.0011981405751447126,1.1143886578178932,1.0
866,SNIa-SS/sn2005eq.m0008.dat,E,5.049301514098892,0.09000000000000001,2.1496064697753354,0.020834369343060682,0.789372856516138,1.0
867,SNIa-SS/sn1999aa.p0014.dat,E,5.0499104202492635,0.07,0.04819339724286622,0.7122549807281432,-2.0,1.0
868,SNIa-BL/sn2001ep.p0008.dat,E,5.061866721573835,0.08,0.04496215498756809,0.5653043045780731,-1.9557158618704382,1.0
869,SNIa-CL/sn1996bk.p0003.dat,E,5.06375225053737,0.09000000000000001,0.11807617901070103,0.31710843445257964,-1.7601419383814574,1.0
870,SNIa-BL/sn2002bf.p0006.dat,E,5.066335168341959,0.09000000000000001,0.077456179236632,0.47252702994946116,-1.9509988571937773,1.0
871,SNIa-CL/sn2002eu.p0008.dat,E,5.0765545021405165,0.08,0.07607396373885472,0.5538791592970488,-1.9316505665739108,1.0
872,SNIa-SS/sn2008A.max.dat,E,5.0796893350660834,0.07,0.08503103310649439,0.5929367755217727,-1.7721065252195531,1.0
873,SNIa-SS/sn2008A.m0001.dat,E,5.093370849931542,0.08,0.48890631850159505,0.32016113309252875,-0.40242363615137117,1.0
874,SNIa-SS/sn2008A.m0003.dat,E,5.094310168957365,0.08,0.8969020145304676,0.1538092119236267,0.0085117044894933,1.0
875,SNIa-SS/sn2005hk.m0005.dat,E,5.103137011805238,0.08,2.303452948223443,0.0,0.8891567419921345,1.0
876,SNIa-CN/sn2004bg.p0011.dat,E,5.104064266446223,0.08,0.06552079328897398,0.6643067364779244,-1.797539766431213,1.0
877,SNIa-SS/sn2005eq.m0002.dat,E,5.1111929625058,0.1,0.3211134862149452,0.4326109846011808,-0.6749786009929469,1.0
878,SNIc/sn2004aw.m0004.dat,E,5.11697474941428,0.1,0.5142547181920963,0.0,-0.6527614423695087,1.0
879,SNIa-CN/sn2000ce.p0009.dat,E,5.149094205248573,0.09000000000000001,0.0865313069990576,0.3931693401362753,-2.0,1.0
880,SNIa-SS/sn2006gr.m0011.dat,E,5.174552064186368,0.12000000000000001,0.8473401904156317,0.2083301697339016,0.07190846302366227,1.0
881,SNIa-CL/sn2007bc.p0007.dat,E,5.176897610742945,0.08,0.09122242174085529,0.5947638119078913,-1.62223466201536,1.0
882,SNIa-BL/sn2001gc.p0003.dat,E,5.178251219369758,0.1,0.07834206636656052,0.5114568067667663,-1.9176097331540107,1.0
883,SNIa-SS/sn2008ae.p0002.dat,E,5.189962931730203,0.07,0.07489592814205202,0.5610351809300513,-1.9781816987719814,1.0
884,SNIa-SS/sn2003hu.p0002.dat,E,5.195003623027209,0.09000000000000001,0.4951918170651456,0.15530900702508596,-0.5811277056414983,0.9840814662756596
885,SNIa-CN/sn2003kf.p0011.dat,E,5.19515240494559,0.09000000000000001,0.06071786541040906,0.5584562652816528,-2.0,1.0
886,SNIa-SS/sn2008ae.m0001.dat,E,5.195802698404415,0.08,0.9694430949076784,0.01423811373010697,-0.047090086116204834,1.0
887,SNIa-CN/sn2005mc.p0006.dat,E,5.198046192003492,0.08,0.07124601694611382,0.5185244244342941,-2.0,1.0
888,SNIc/sn2004aw.m0006.dat,E,5.205491452389335,0.11000000000000001,0.6948518619863021,0.0,-0.3817001791768999,1.0
889,SNIa-CL/sn1998de.m0006.dat,E,5.208637026536069,0.1,0.18730757711412716,0.37678211098970354,-1.1922242755259211,1.0
890,SNIa-BL/sn2007kk.p0009.dat,E,5.211620360258529,0.09000000000000001,0.06205874679691716,0.5861309217770266,-2.0,1.0
891,SNIa-BL/sn2001ay.p0009.dat,E,5.21978840835554,0.08,0.06164093755902976,0.6195984520686438,-2.0,1.0
892,SNIa-SS/sn2008ae.p0003.dat,E,5.230670209559556,0.07,0.07679418680968934,0.525245228532149,-2.0,1.0
893,SNIa-SS/sn2003fa.p0014.dat,E,5.2382851166170745,0.07,0.05322515527055296,0.6836889977474475,-2.0,1.0
894,SNIa-CL/sn2002fb.max.dat,E,5.250428144015075,0.09000000000000001,0.3388767006055816,0.2724707298599827,-0.718864991941687,1.0
895,SNIa-BL/sn1999cl.m0003.dat,E,5.259033875871594,0.1,0.12299229287646728,0.1465461705934103,-2.0,1.0
896,SNIa-BL/sn2001da.p0008.dat,E,5.274062591150484,0.08,0.06358463297439292,0.5687251881719975,-2.0,1.0
897,SNIc/sn2004aw.m0002.dat,E,5.278969059319824,0.1,0.2722877916587237,0.06679476730716272,-1.1795585408204499,1.0
898,SNIa-SS/sn2005eu.m0007.dat,E,5.289178947447093,0.1,1.0909388700988403,0.0,0.045574733156126715,1.0
899,SNIa-CL/sn2002es.p0002.dat,E,5.315012633983291,0.07,0.10461324360471466,0.43738070754447617,-1.7906302677530856,1.0
900,SNIa-BL/sn1999cl.m0008.dat,E,5.325637050209616,0.11000000000000001,0.14191978530122434,0.04585984173771673,-2.0,1.0
901,SNIa-SS/sn2006gz.m0013.dat,E,5.329882177023789,0.1,1.7098833925661188,0.0,0.5487992344733571,1.0
902,SNIa-SS/sn2006gr.p0009.dat,E,5.342227703842041,0.08,0.06813511688870512,0.5677898854246248,-2.0,1.0
903,SNIa-CL/sn1998de.m0005.dat,E,5.34760092991006,0.09000000000000001,0.13330385427127464,0.45650387691564,-1.4518859687314298,1.0
904,SNIa-CN/sn1999ef.p0010.dat,E,5.354095954103245,0.08,0.05774375195465985,0.6392181582460177,-2.0,1.0
905,SNIa-SS/sn2008Z.p0012.dat,E,5.3614511013840565,0.08,0.0617443508204004,0.6033911376659296,-2.0,1.0
906,SNIa-SS/sn2008ae.m0000.dat,E,5.366918110828811,0.07,0.1741856032481945,0.48072511813651214,-1.2650755886320295,1.0
907,SNIa-CL/sn2006bz.m0001.dat,E,5.367213996143307,0.09000000000000001,0.21184450856085224,0.39276141814818194,-1.0301874779204125,1.0
908,SNIa-SS/sn2001V.p0011.dat,E,5.376932652462452,0.08,0.05087068868621194,0.6591317158511862,-2.0,1.0
909,SNIb/sn2005bf.m0024.dat,E,5.389739737098179,0.07,0.05224016392619178,0.6431589827749395,-2.0,1.0
910,SNIa-CL/sn2002es.p0004.dat,E,5.3947294594454664,0.07,0.08816828514536741,0.4371787681174782,-2.0,1.0
911,SNIa-BL/sn2002ha.p0010.dat,E,5.410943498450022,0.08,0.05895245126626571,0.6400868596567925,-1.958918100508909,1.0
912,SNIa-SS/sn2002cx.m0004.dat,E,5.412095358267733,0.08,2.0638721030875917,0.0,0.7741995586454115,1.0
913,SNIa-BL/sn2006cp.p0009.dat,E,5.412753220942205,0.08,0.052878729326708826,0.6345675278684821,-2.0,1.0
914,SNIa-CN/sn2001G.p0012.dat,E,5.415951098153432,0.08,0.05809724404979324,0.6473358868880059,-1.9307108468531702,1.0
915,SNIa-SS/sn2007if.p0006.dat,E,5.420746641544517,0.07,0.05429816779445499,0.6453944354744452,-2.0,1.0
916,SNIa-SS/sn1998ab.m0008.dat,E,5.424313564535271,0.1,0.5873407246100064,0.38708725486691903,-0.013931055868125887,1.0
917,SNIa-CN/sn1998co.p0007.dat,E,5.425541468244152,0.08,0.06863707367352659,0.5457485647817792,-2.0,1.0
918,SNIa-BL/sn2006cj.p0011.dat,E,5.427035866951781,0.09000000000000001,0.5334417564560772,0.31497702537342825,-0.3319016792659778,0.9589475366568915
919,SNIa-CL/sn2006bz.m0000.dat,E,5.430899940770033,0.09000000000000001,0.20587779083253424,0.37606078217910527,-1.050555570681452,1.0
920,SNIa-BL/sn1997do.p0008.dat,E,5.468210505395395,0.08,0.054058621433459,0.6238076521133183,-2.0,1.0
921,SNIb/sn2005bf.m0023.dat,E,5.468931413639982,0.07,0.06271220520970545,0.6757560497605513,-2.0,1.0
922,SNIa-BL/sn2006ac.p0009.dat,E,5.480737373929885,0.08,0.05103541886343897,0.6482995337602543,-1.9974061213474459,1.0
923,SNIb/sn2009iz.m0010.dat,E,5.4813151914184735,0.07,0.06847230777373944,0.617330654541759,-1.9912184866989313,1.0
924,SNIa-CN/sn2001fh.p0007.dat,E,5.487328323249855,0.08,0.1537751964479202,0.0,-2.0,1.0
925,SNIa-BL/sn2007le.p0008.dat,E,5.495493111814069,0.09000000000000001,0.06449971562301818,0.5392423714061457,-2.0,1.0
926,SNIa-CN/sn2008bf.p0011.dat,E,5.500616684481584,0.08,0.054323980069738355,0.6690499683327445,-1.9931993868195217,1.0
927,SNIa-CL/sn2007hj.p0006.dat,E,5.508002167257738,0.08,0.06996807092977092,0.5245157320614615,-2.0,1.0
928,SLSN-I/snSSS120810.p0015.dat,E,5.518824768155152,0.1,1.9852520232639383,0.0,0.5718360052959538,1.0
929,SNIb/sn2005bf.m0003.dat,E,5.520544736659023,0.07,0.0811194654051314,0.5455448108999758,-2.0,1.0
930,SNIa-CN/sn2003ic.p0008.dat,E,5.525375944427324,0.07,0.08282720913440815,0.47306468493561915,-2.0,0.9840279178885628
931,SNIa-CN/sn2005hc.p0011.dat,E,5.532253913071284,0.07,0.05295306468320301,0.6736146752329962,-2.0,0.9651758357771258
932,SNIb/sn2005hg.m0013.dat,E,5.545838453962279,0.07,0.07283874900089206,0.5831638722483085,-2.0,1.0
933,SNIa-CL/sn2007ax.m0002.dat,E,5.547639130203182,0.09000000000000001,0.541050840258454,0.0,-0.546534700579674,1.0
934,SNIa-CN/sn1998bu.p0010.dat,E,5.56084497104742,0.08,0.059200732304350905,0.5844714282978627,-2.0,1.0
935,SNIa-SS/sn1999aa.p0016.dat,E,5.574242049518358,0.07,0.0458027463466214,0.7093430319769085,-2.0,1.0
936,SNIa-CN/sn1998aq.p0229.dat,E,5.574712144711619,0.07,0.020901627227387632,0.831759522182447,-2.0,1.0
937,SNIa-CN/sn2003ic.p0007.dat,E,5.581731826277116,0.07,0.07998408790427976,0.49444381503675533,-2.0,0.9840279178885628
938,SNIa-SS/sn2008ae.p0001.dat,E,5.581919712401023,0.07,0.0817048739546236,0.5757441517142432,-1.8744144057787797,1.0
939,SNIa-CN/sn2006le.p0011.dat,E,5.588933393597797,0.08,0.060240838417999425,0.5776332500629856,-2.0,1.0
940,SNIa-SS/sn2003fa.p0016.dat,E,5.609865568610388,0.07,0.05180137421429135,0.6774064351216755,-2.0,1.0
941,SNIa-CN/sn1998aq.p0210.dat,E,5.630290286177392,0.07,0.02315392339942346,0.8413795295973636,-2.0,1.0
942,SNIa-CL/sn2006bz.p0001.dat,E,5.639487567080396,0.09000000000000001,0.15208843397493102,0.3767903491272203,-1.382441969345135,1.0
943,SNIa-CN/sn2004bg.p0013.dat,E,5.656691856419991,0.07,0.046157967391115405,0.7271815364543818,-2.0,1.0
944,SNIa-SS/sn2005hk.m0006.dat,E,5.660289507190263,0.08,2.7098901295504256,0.0,1.0612143268627208,1.0
945,SNIb/sn2005hg.m0012.dat,E,5.662143399783674,0.07,0.0695425560635546,0.6069596350917359,-2.0,1.0
946,SNIb/sn2005bf.m0004.dat,E,5.666321960348764,0.07,0.07183088870755258,0.613553738424505,-2.0,1.0
947,SNIa-SS/sn1998es.p0014.dat,E,5.668197391139367,0.07,0.046542796076072035,0.6867526432515326,-2.0,1.0
948,SNIa-BL/sn1999gh.p0007.dat,E,5.673751541101749,0.08,0.05931418685915309,0.6017655874993285,-2.0,1.0
949,SNIa-BL/sn2002bf.p0007.dat,E,5.6859824994348,0.09000000000000001,0.06489271104896073,0.522361420939423,-2.0,1.0
950,SNIa-CL/sn2007ba.p0005.dat,E,5.687956525064312,0.08,0.06992659867597378,0.5941337910735189,-1.8857639728970355,1.0
951,SNIb/sn2005bf.m0031.dat,E,5.694061205718926,0.08,0.04996260951688093,0.6366036632249374,-1.9850056208338887,1.0
952,SNIa-CN/sn2000fa.p0011.dat,E,5.7008572329014715,0.07,0.04612705345852818,0.6943752144089697,-2.0,1.0
953,SNIa-BL/sn2001gc.p0004.dat,E,5.7085570331361675,0.09000000000000001,0.06501205824089894,0.5412884607297695,-2.0,1.0
954,SNIa-BL/sn2007kk.p0010.dat,E,5.711795798143571,0.08,0.05737175351380339,0.6171281695911661,-2.0,0.9982138416422285
955,SNIb/sn2005bf.m0002.dat,E,5.7134843640580275,0.07,0.05616193242981786,0.6053297266567831,-2.0,1.0
956,SNIa-BL/sn1999cl.m0007.dat,E,5.718994143568617,0.1,0.1454261101826165,0.0,-2.0,1.0
957,SNIa-CN/sn1994D.p0011.dat,E,5.724021456127648,0.07,0.04682648607951091,0.7119197855456866,-2.0,1.0
958,SNIa-SS/sn2000cx.p0119.dat,E,5.729692819436438,0.07,0.028514635059558795,0.8222276041553673,-2.0,1.0
959,SNIa-CSM/sn2011km.p0012.dat,E,5.745512225438225,0.07,0.05556609597340525,0.5976164754597307,-1.9702515727313175,1.0
960,SNIb/sn2005bf.m0005.dat,E,5.746107551033909,0.07,0.07653386493871944,0.5721287163880999,-2.0,1.0
961,SNIa-SS/sn2007S.p0013.dat,E,5.764258617693423,0.07,0.06361315151458893,0.5641129387172504,-2.0,1.0
962,SNIa-CN/sn2008bf.p0013.dat,E,5.768622345421486,0.07,0.049297218008786454,0.6999426156462929,-2.0,1.0
963,SNIa-BL/sn2002bo.p0310.dat,E,5.771653878201363,0.07,0.09080591475619458,0.4166957853879014,-2.0,1.0
964,SNIa-SS/sn2000cx.p0124.dat,E,5.7728377068037116,0.07,0.024151343864487192,0.8361690081403952,-2.0,1.0
965,SNIIb/sn2008bo.m0003.dat,E,5.7738329747758526,0.07,0.07107690256648945,0.5940008706792885,-2.0,1.0
966,SNIa-SS/sn2001V.p0013.dat,E,5.774075671569285,0.07,0.04889159412800887,0.673986165028885,-1.9733975255927825,1.0
967,SNIb/sn2005bf.m0006.dat,E,5.7782155797708565,0.07,0.06969722347925003,0.6193914174720697,-2.0,1.0
968,SNIa-SS/sn2002de.p0006.dat,E,5.783738114183251,0.1,0.1572666877524308,0.0032145720943630766,-1.9462605962167288,1.0
969,SNIc/sn2004aw.m0003.dat,E,5.793540818613253,0.1,0.14078044744227008,0.2809803799779954,-1.5232929069018573,1.0
970,SNIa-SS/sn2005eq.p0014.dat,E,5.794444423402391,0.07,0.057491575600744915,0.5942827845821431,-1.99762971936675,1.0
971,SNIb/sn2005hg.m0009.dat,E,5.79820429813471,0.07,0.07524406046865724,0.5626553262009553,-2.0,1.0
972,SNIa-CL/sn2006hb.p0010.dat,E,5.800828021006245,0.08,0.056769877362152124,0.6313698021031253,-2.0,1.0
973,SNIc/sn2004fe.p0002.dat,E,5.8017794528406785,0.07,0.07066156839963046,0.5631756472542212,-2.0,1.0
974,SNIb/sn2005bf.m0007.dat,E,5.814453033475893,0.07,0.06957286465371965,0.6176136151633737,-2.0,1.0
975,SNIa-BL/sn1999ej.p0008.dat,E,5.819395619198543,0.08,0.059897237202415785,0.6158254473290435,-2.0,1.0
976,SNIa-BL/sn2007cg.p0008.dat,E,5.827539137015188,0.09000000000000001,0.09688147242129161,0.3029281189726735,-2.0,1.0
977,SNIa-BL/sn2001E.p0008.dat,E,5.832346834828418,0.09000000000000001,0.0688624633195389,0.49448330932136597,-2.0,1.0
978,SNIb/sn2005bf.max.dat,E,5.843144628900097,0.07,0.07275217367333794,0.610440713543651,-2.0,1.0
979,SNIb/sn2005hg.m0010.dat,E,5.851780160539953,0.07,0.06954304638446702,0.6158418801040476,-2.0,1.0
980,SNIa-BL/sn1994T.p0005.dat,E,5.860025918014918,0.08,0.05878846554302304,0.5791231191955138,-2.0,1.0
981,SNIIb/sn2000H.m0002.dat,E,5.863864853903828,0.07,0.0646070815097384,0.6060750176664929,-2.0,1.0
982,SNIa-SS/sn2000cx.p0115.dat,E,5.863871874639978,0.07,0.027553392304339484,0.8155094020007113,-2.0,1.0
983,SNIa-CN/sn1998bu.p0242.dat,E,5.866602185579255,0.07,0.025377148987062944,0.8130040306236049,-2.0,1.0
984,SNIa-SS/sn2001V.p0014.dat,E,5.876333569725789,0.07,0.04325944212520042,0.70670553462464,-2.0,1.0
985,SNIa-BL/sn2002dp.p0010.dat,E,5.884768115228339,0.07,0.052077018363487215,0.659119655994286,-2.0,1.0
986,SNIIb/sn2008bo.m0001.dat,E,5.896483858675149,0.07,0.09709873224335538,0.5946927710763629,-1.6663465296216808,1.0
987,SLSN-I/sn2007bi.p0050.dat,E,5.90364994251688,0.08,0.08377071656436247,0.6132293861350671,-1.8407568811627162,1.0
988,SNIa-CL/sn1998de.m0000.dat,E,5.905040374777013,0.09000000000000001,0.07418496090223804,0.4615158597927316,-1.9886805187204333,1.0
989,SNIa-CN/sn2003cg.m0003.dat,E,5.9068860791809765,0.09000000000000001,0.14451916366209314,0.0,-2.0,1.0
990,SNIb/sn2007C.m0006.dat,E,5.9078308905698975,0.07,0.08154860643050706,0.43879811960090803,-2.0,1.0
991,SNIa-BL/sn1995al.p0010.dat,E,5.908889908754789,0.08,0.05140539209945235,0.626596584516992,-2.0,1.0
992,SNIc/sn2007cl.m0006.dat,E,5.913551724030726,0.08,0.1292285381364432,0.5961270233447168,-1.4287970124583584,1.0
993,SNIa-CSM/sn2017ifu.p0051.dat,E,5.918798701271294,0.07,0.07690026894622078,0.5724981515417619,-1.9518903242639971,1.0
994,SNIc/sn2004fe.m0000.dat,E,5.921371980753462,0.07,0.06834825539291539,0.5978935149411186,-2.0,1.0
995,SNIa-CN/sn2003cg.m0000.dat,E,5.92979538344861,0.1,0.12433630893164527,0.060777575577819154,-2.0,1.0
996,SNIa-CN/sn1998V.p0012.dat,E,5.935458538298143,0.07,0.048294424251450176,0.6757557941150215,-2.0,1.0
997,SNIa-SS/sn2008A.m0007.dat,E,5.936197162849686,0.08,1.3686573315441997,0.13005549922966503,0.43945301865910896,1.0
998,SNIa-CN/sn2003cg.p0001.dat,E,5.944449397126283,0.09000000000000001,0.10979634568012378,0.15031739081417084,-2.0,1.0
999,SNIc/sn2004fe.m0007.dat,E,5.949277624288316,0.07,0.057192961840527225,0.6310339996152933,-2.0,1.0
1000,SNIb/sn2005bf.m0025.dat,E,5.953330117502723,0.07,0.06358933007920015,0.6815255959832143,-1.9875955699938856,1.0
1001,SNIb/sn2005hg.m0008.dat,E,5.9552062099668905,0.07,0.07195742227034037,0.5805733300358712,-2.0,1.0
1002,SNIc/sn2007gr.m0009.dat,E,5.956280941999678,0.07,0.06021170501713765,0.5900976369532859,-2.0,1.0
1003,SNIa-SS/sn2005hk.m0007.dat,E,5.967985894122792,0.08,2.836879431391986,0.0,1.1111669865494622,1.0
1004,SNIc/sn2004fe.m0005.dat,E,5.982498132476621,0.07,0.06543993354835961,0.6430826644362664,-2.0,1.0
1005,SNIa-SS/sn2001az.p0018.dat,E,5.982989131093948,0.07,0.05812537266205423,0.6229534885795017,-2.0,1.0
1006,SNIa-CSM/snPTF12efc.m0012.dat,E,5.983048103088679,0.1,3.0,0.00882429342883558,0.8921376113570324,1.0
1007,SNIc/sn2004aw.m0001.dat,E,5.98472167918071,0.1,0.10354031963648101,0.26515295691490703,-1.8604072786441386,1.0
1008,SNIa-BL/sn2001en.p0010.dat,E,5.992937091032093,0.08,0.059483673932102625,0.6147123555113393,-1.8962689071244165,1.0
1009,SNIa-SS/sn2007S.p0012.dat,E,5.996256104869635,0.07,0.05795728019444265,0.5960919445385664,-2.0,1.0
1010,SNIb/sn2005bf.m0029.dat,E,6.001247984984158,0.08,0.10491434839376278,0.6059800806930998,-1.59372529983232,1.0
1011,SNIc/sn2007gr.m0010.dat,E,6.002929542948019,0.07,0.07745916145345252,0.6118797322359673,-1.9426434860727042,1.0
1012,SLSN-I/snPTF12dam.p0011.dat,E,6.005584709734056,0.09000000000000001,3.0,0.09554433853295029,1.403986638552753,1.0
1013,SNIb/sn2005bf.m0009.dat,E,6.0061866764071095,0.07,0.06514318226725554,0.640533378706981,-2.0,1.0
1014,SNIb/sn2005bf.p0001.dat,E,6.0076587588923775,0.07,0.07255544945000018,0.6086784671414006,-2.0,1.0
1015,SNIa-SS/sn2003hu.p0010.dat,E,6.009939843470891,0.09000000000000001,0.517880280074479,0.06529788877169432,-0.6113092238304245,0.9840814662756596
1016,SNIIb/sn2008bo.m0007.dat,E,6.016580688978728,0.07,0.07531912720292314,0.5230451340510105,-2.0,1.0
1017,SNIb-pec/sn2009er.p0002.dat,E,6.020015952757495,0.07,0.07805969005693084,0.573755466344032,-2.0,0.9875125046626457
1018,SNIc/sn2004fe.m0006.dat,E,6.022511730010379,0.07,0.07061596202884424,0.5856690202934005,-2.0,1.0
1019,SNIa-SS/sn2000cx.p0154.dat,E,6.023792010361742,0.07,0.019208244557984235,0.8557548815640146,-1.9606929711634153,1.0
1020,SNIa-CN/sn2001G.p0123.dat,E,6.026723584186157,0.07,0.0664469186801262,0.5451263612908446,-2.0,1.0
1021,SNIa-SS/sn2000cx.p0093.dat,E,6.038864192271226,0.07,0.042758171689786295,0.7525947666862356,-1.8552928942764617,1.0
1022,SNIa-CN/sn2001G.p0091.dat,E,6.051166524757987,0.07,0.09000561499790807,0.4164374988396529,-1.976870325206139,1.0
1023,SNIb-pec/sn2009er.max.dat,E,6.051652237042951,0.07,0.08858656473380395,0.5910831319669305,-1.9050841622024999,0.9897580816834382
1024,SNIb/sn2009jf.m0009.dat,E,6.052912359553256,0.07,0.06857092933664863,0.6294138772460617,-1.9430583294470667,1.0
1025,SNIb/sn2005hg.m0007.dat,E,6.054318013545142,0.07,0.06951788165219243,0.5983959291516139,-2.0,1.0
1026,SNIc/sn2004fe.m0001.dat,E,6.062665131289492,0.07,0.07329134923893312,0.5596142876513189,-2.0,1.0
1027,SNIa-SS/sn2005hk.m0008.dat,E,6.0666531296708825,0.07,0.4217767924990288,0.49065026886541696,-0.2928366331423164,1.0
1028,SNIa-BL/sn2007af.p0010.dat,E,6.069433199256977,0.07,0.04857935295883917,0.6718761524055495,-2.0,1.0
1029,SNIIb/sn2004ff.m0004.dat,E,6.075533697479466,0.07,0.06652496920663756,0.5442308577282281,-2.0,1.0
1030,SNIc/sn2007gr.m0005.dat,E,6.078823170565981,0.07,0.051474021989692045,0.6645512803664633,-2.0,1.0
1031,SNIa-CN/sn1998dm.p0012.dat,E,6.079874508029367,0.08,0.06281712126840103,0.557274267657875,-2.0,1.0
1032,SNIb/sn2005bf.m0026.dat,E,6.087465246629318,0.08,0.1341809204413232,0.5959628195869514,-1.3928196281101493,1.0
1033,SNIa-SS/sn2005eq.p0017.dat,E,6.091102809477819,0.07,0.046900551385446826,0.6904713336814923,-2.0,1.0
1034,SNIa-CN/sn2007ca.p0013.dat,E,6.0923033551228665,0.08,0.058060397544084034,0.586229648177483,-2.0,1.0
1035,SNIa-SS/sn1999aa.p0017.dat,E,6.1078009424620126,0.07,0.04437974387310877,0.7069220316830149,-2.0,1.0
1036,SNIb/sn2005bf.m0027.dat,E,6.112030546915281,0.07,0.06072357283823461,0.6964082906332025,-2.0,1.0
1037,SNIa-SS/sn2006gr.p0012.dat,E,6.118807372789393,0.07,0.05555092656158476,0.6267807560846054,-2.0,1.0
1038,SNIb/sn2004gq.m0003.dat,E,6.121408489423482,0.07,0.07025419837632703,0.6120020268335602,-2.0,1.0
1039,SNIa-CL/sn2007fb.p0100.dat,E,6.125457910808903,0.07,0.07913391558044774,0.5013162401248903,-2.0,1.0
1040,SNIa-BL/sn2001bf.p0013.dat,E,6.127321918014506,0.07,0.05507415300964334,0.6536998058722014,-2.0,1.0
1041,SNIa-BL/sn2007nq.p0009.dat,E,6.135666648139905,0.07,0.04866288825704131,0.7268921361177738,-2.0,0.969063607038123
1042,SNIa-CL/sn2007fb.p0011.dat,E,6.142102291767172,0.08,0.05739014246074791,0.6255191746721767,-2.0,1.0
1043,SNIa-CN/sn2002ck.p0012.dat,E,6.162811003613344,0.07,0.048016908042265036,0.6908067993467816,-2.0,1.0
1044,SNIIb/sn2000H.m0001.dat,E,6.1644949358724865,0.07,0.07153409913321972,0.5568178626569198,-1.961860676475461,1.0
1045,SNIb/sn2005bf.p0002.dat,E,6.165559091242215,0.07,0.06565353828090993,0.5581640090586889,-2.0,1.0
1046,SNIb/sn2004gq.m0001.dat,E,6.165961659803873,0.07,0.06995386201656473,0.5693557285419657,-2.0,1.0
1047,SNIa-CN/sn2001ck.p0014.dat,E,6.174501409069709,0.07,0.048879083286651394,0.6790719620382536,-2.0,1.0
1048,SNIIb/sn2008ax.m0007.dat,E,6.179293726632278,0.07,0.07047177709847519,0.5475137768980055,-2.0,1.0
1049,SNIa-CN/sn1998bu.p0207.dat,E,6.180900948016165,0.07,0.019231591411876303,0.8477145597421321,-2.0,1.0
1050,SNIa-CN/sn1994ae.p0152.dat,E,6.184831319567295,0.07,0.017668460323636965,0.8639655183038305,-2.0,1.0
1051,SNIb/sn2005bf.m0020.dat,E,6.196447945943714,0.07,0.05273921922310495,0.6096208512765466,-2.0,1.0
1052,SNIa-CN/sn1998bu.p0216.dat,E,6.198474403096783,0.07,0.022448778971728478,0.8308908514925489,-2.0,1.0
1053,SNII-flash/sn2016bkv.m0005.dat,E,6.199410603793602,0.07,0.6692806850392576,0.4670203067081795,0.17085579017751332,1.0
1054,SNIa-BL/sn2006ac.p0010.dat,E,6.200059658142365,0.08,0.04842322044359061,0.6584097944809041,-2.0,1.0
1055,SNIc/sn2007gr.m0004.dat,E,6.203600351822126,0.07,0.05959132870835616,0.584291465193948,-1.9710505228366513,1.0
1056,SNIa-CN/sn2003cg.p0002.dat,E,6.204032895866935,0.09000000000000001,0.11172862526240188,0.14082335889378375,-2.0,1.0
1057,SNIc/sn2005az.m0006.dat,E,6.204764174068943,0.07,0.07932045229916039,0.4700872559971252,-2.0,1.0
1058,SNIa-CN/sn1999ac.p0010.dat,E,6.220008502529478,0.08,0.06446988759852801,0.5417888098417895,-2.0,1.0
1059,SNIc/sn2007gr.m0007.dat,E,6.220660617099476,0.07,0.05525866849325998,0.6266258320827319,-2.0,1.0
1060,SNIIb/sn2006el.m0004.dat,E,6.223589879866843,0.07,0.0809709813109095,0.5241837541422313,-2.0,1.0
1061,SNIa-CN/sn2002jy.p0016.dat,E,6.231900241262313,0.07,0.043311959603558506,0.7101549961316644,-2.0,1.0
1062,SNIIb/sn2008ax.m0009.dat,E,6.2360788504596645,0.07,0.07458745415214227,0.5451428569908474,-2.0,1.0
1063,SNII-flash/sn2016bkv.m0006.dat,E,6.25261007995969,0.07,1.2327828459484482,0.38818222244521267,0.7781461034609876,1.0
1064,SNIb/sn2004gq.m0002.dat,E,6.255504216106237,0.07,0.06787008122701364,0.5948949584401825,-2.0,1.0
1065,SNIa-BL/sn2007le.p0010.dat,E,6.2683740484970425,0.08,0.054418119315935834,0.602963554818496,-2.0,1.0
1066,SNIb/sn2005hg.m0006.dat,E,6.275166375536161,0.07,0.06910396438916479,0.5944782423290784,-2.0,1.0
1067,SNIb/sn2007kj.m0001.dat,E,6.276682428998897,0.07,0.058496080670751925,0.6617158593306909,-2.0,1.0
1068,SNIIb/sn2008ax.m0008.dat,E,6.277365711370216,0.07,0.07415977104029854,0.5484438481191346,-2.0,1.0
1069,SNIa-CN/sn1995D.p0012.dat,E,6.277629304869309,0.09000000000000001,0.07071830390051577,0.6553098712958692,-1.7413780789878537,0.982793284457478
1070,SNIa-CL/sn2002es.p0005.dat,E,6.282990812657687,0.07,0.08333176348138838,0.45566289056224396,-2.0,1.0
1071,SNIc/sn2004fe.p0001.dat,E,6.28544705997081,0.07,0.06676347267303334,0.5817910083351966,-2.0,1.0
1072,SNIa-CL/sn2007ax.m0001.dat,E,6.290339831934302,0.09000000000000001,0.5099590939586934,0.05670674621223909,-0.5278158597172207,1.0
1073,SNIa-CN/sn2008C.p0010.dat,E,6.291779006093944,0.08,0.04978262751587676,0.5802834247416555,-2.0,1.0
1074,SNIa-BL/sn1999cl.m0002.dat,E,6.296435267529366,0.1,0.11526535136107428,0.19437608828348849,-2.0,1.0
1075,SNIa-CL/sn2006hb.p0011.dat,E,6.306162780010347,0.07,0.048967148080060696,0.6892691872068442,-2.0,1.0
1076,SNIb/sn2009jf.m0005.dat,E,6.31329804100196,0.07,0.06621734884465305,0.6059077766027215,-2.0,1.0
1077,SNIIb/sn2008ax.m0010.dat,E,6.316938386710298,0.07,0.0746196819537342,0.539309529589138,-2.0,1.0
1078,SNIa-CN/sn1998bu.p0189.dat,E,6.319289927383668,0.07,0.020353517530738843,0.8328959953988506,-2.0,1.0
1079,SNIa-SS/sn2003fa.p0018.dat,E,6.32168019640897,0.07,0.04277269214652917,0.689287022142471,-2.0,1.0
1080,SNIa-BL/sn2001bg.p0010.dat,E,6.324005417478921,0.07,0.0467458051915473,0.6777305178626707,-2.0,1.0
1081,SNIa-BL/sn1997do.p0010.dat,E,6.32727561275892,0.07,0.046217165427910226,0.6792241263901659,-2.0,1.0
1082,SNIb/sn1998dt.max.dat,E,6.341233220618799,0.07,0.06653014856235995,0.6008118716047585,-2.0,1.0
1083,SNIa-SS/sn2008Z.p0017.dat,E,6.353624973478981,0.07,0.04809373310055314,0.6704717580376144,-2.0,1.0
1084,SLSN-I/snLSQ12dlf.p0033.dat,E,6.367941570622365,0.07,0.06687083502131305,0.6101362978209246,-2.0,1.0
1085,SLSN-II/snCSS121015.p0407.dat,E,6.374689697237384,0.11000000000000001,0.13466732664392517,0.09756856717356303,-1.9859237588664427,1.0
1086,SNIa-SS/sn1999aa.p0015.dat,E,6.376705452678497,0.07,0.1620604046514171,0.6166557119991445,-0.9332152540589335,1.0
1087,SNIa-BL/sn2002bf.p0011.dat,E,6.377297831164038,0.07,0.08213485381980208,0.4350859826640355,-2.0,1.0
1088,SNIa-CN/sn1995D.p0275.dat,E,6.3849945165014095,0.07,0.010723721027991573,0.8857778542459177,-2.0,1.0
1089,SNIb/sn2007C.m0005.dat,E,6.388460321872456,0.07,0.08482655609399044,0.4040822936727094,-2.0,1.0
1090,SNIa-CL/sn1998de.m0007.dat,E,6.39029027666861,0.1,0.18150290727631635,0.4804096836635398,-1.1209080611152222,0.9597354838709679
1091,SLSN-I/snPTF13ajg.m0004.dat,E,6.395132088695316,0.07,0.12840871327685327,0.7049240939924651,-1.5157975352795945,1.0
1092,SNIa-BL/sn2007co.p0011.dat,E,6.401086660609241,0.07,0.04837301158230445,0.6638491221478771,-2.0,1.0
1093,SNIa-BL/sn2001gc.p0005.dat,E,6.404671992318977,0.09000000000000001,0.06741355889884013,0.5299803908003256,-2.0,1.0
1094,SLSN-I/snSSS120810.p0010.dat,E,6.408705266996256,0.1,2.1666119462352036,0.0,0.643461643197174,1.0
1095,SNIb/sn2004gq.m0006.dat,E,6.409183813346344,0.07,0.06959131787966766,0.6141394849272757,-2.0,1.0
1096,SNIa-BL/sn1994M.p0012.dat,E,6.410549114156868,0.07,0.024047329347621126,0.7176772565802727,-2.0,1.0
1097,SNIa-SS/sn2003fa.p0017.dat,E,6.411246484764415,0.07,0.048809153524214756,0.6891030496720377,-2.0,1.0
1098,SNIa-CN/sn2008bf.p0016.dat,E,6.4230053226387005,0.07,0.043862070885814425,0.7161658255004631,-2.0,1.0
1099,SNIb-pec/sn2009er.m0003.dat,E,6.425856078857464,0.07,0.07001860875973538,0.6632304980260397,-2.0,0.9897580816834382
1100,SLSN-I/snLSQ12dlf.p0006.dat,E,6.426723383448857,0.07,0.09498788195845136,0.6665731751237011,-1.8524429700679272,1.0
1101,SLSN-II/snCSS121015.p0029.dat,E,6.438282540621154,0.07,0.11255202389484666,0.5912134349392205,-1.8191893357471178,1.0
1102,SNIa-SS/sn2008A.m0008.dat,E,6.439440648087006,0.07,0.15757971341654198,0.5906973383602083,-1.151317169867864,1.0
1103,SLSN-IIn/snPTF10fel.p0003.dat,E,6.442209978483216,0.07,0.06424157234277758,0.6317843690565746,-2.0,1.0
1104,SLSN-II/snCSS121015.p0406.dat,E,6.446382678943067,0.11000000000000001,0.12751113527216398,0.1476502402060587,-2.0,1.0
1105,SNIa-BL/sn2002cd.p0002.dat,E,6.448130445831432,0.1,0.11958801577229534,0.1270962202442444,-1.9248857825608865,1.0
1106,SNIa-CN/sn2006N.p0012.dat,E,6.4505917031390165,0.07,0.03921807585103949,0.7590129428543516,-2.0,1.0
1107,SLSN-I/snPTF12dam.p0004.dat,E,6.467780178354236,0.09000000000000001,2.8877378941345353,0.17093128301114222,1.1035906567640417,1.0
1108,SNIa-BL/sn2007af.p0301.dat,E,6.471823871649386,0.07,0.014167776933759844,0.8704030822490748,-2.0,1.0
1109,SLSN-I/snLSQ12dlf.p0015.dat,E,6.480551177690435,0.09000000000000001,0.4354745328321824,0.38686442014951367,-0.6584135612098578,1.0
1110,SNIa-BL/sn2005am.p0010.dat,E,6.493124283986202,0.08,0.06779340905602546,0.5319761302379674,-2.0,1.0
1111,SNIb/sn2005hg.m0005.dat,E,6.49390415565379,0.07,0.06898979554881209,0.592006790820479,-2.0,1.0
1112,SNIa-BL/sn1997do.p0011.dat,E,6.495428865324984,0.07,0.044734407277634176,0.683090618942754,-2.0,1.0
1113,SNIa-SS/sn2000cx.p0181.dat,E,6.495448456184876,0.07,0.06838349005186066,0.8559561993474024,-0.8254538091773669,0.9767952199413489
1114,SNIa-CSM/sn2016iks.m0074.dat,E,6.498718399448492,0.07,0.16274818623258147,0.6255821735773338,-1.022467904238148,1.0
1115,SLSN-I/snPTF12dam.m0008.dat,E,6.506864319822354,0.09000000000000001,3.0,0.006445586323225322,0.9378106465107593,1.0
1116,SLSN-I/snPTF12dam.m0014.dat,E,6.509596594291182,0.07,0.19332657409784634,0.665674648978491,-1.019627646769055,1.0
1117,SNIa-CN/sn2006al.p0009.dat,E,6.516582832364938,0.09000000000000001,0.08171678110533763,0.5552447455980819,-1.8238136020034568,0.9597754252199412
1118,SLSN-II/sn2020yue.m0021.dat,E,6.518860580989478,0.07,0.23477910354601123,0.5268114025648671,-1.155306468158091,1.0
1119,SNIa-CSM/snPTF10yni.p0032.dat,E,6.520474642237509,0.07,0.07992510606392901,0.6040753278403987,-2.0,0.9518868470831084
1120,SNIa-BL/sn2007af.p0011.dat,E,6.5351043497380505,0.07,0.048483534592049495,0.6720828784799384,-2.0,1.0
1121,SNIa-CN/sn2005kc.p0010.dat,E,6.536259034245694,0.08,0.07407010990842332,0.4983486518583245,-1.9925764420001761,1.0
1122,Gap/snLSQ13zm.p0013.dat,E,6.540207663932496,0.07,0.07194033336197661,0.6372538358465146,-1.9480065129063924,1.0
1123,SNIa-SS/sn2005eu.m0009.dat,E,6.548018619920644,0.1,1.7706670650356882,0.0,0.5441507306694444,1.0
1124,SNIb/sn2004gq.m0007.dat,E,6.554114282010398,0.07,0.06579008311617182,0.6389714727298849,-2.0,1.0
1125,SNIa-CN/sn2003kf.p0014.dat,E,6.562770673362849,0.07,0.047302317195925474,0.670876447939826,-2.0,1.0
1126,SNIb/sn1998dt.p0001.dat,E,6.566555248193666,0.07,0.0699015908845484,0.5604244512836136,-2.0,1.0
1127,SNIa-CN/sn1998V.p0013.dat,E,6.571409052266422,0.07,0.04645656832350253,0.6780491928660978,-2.0,1.0
1128,SLSN-I/snPTF12dam.p0027.dat,E,6.572259473222866,0.07,0.0657674687980784,0.7038084075603501,-2.0,1.0
1129,SNIa-SS/sn2003fa.p0015.dat,E,6.580236186093478,0.07,0.046315132980766546,0.711783248592921,-2.0,1.0
1130,SNIa-CN/sn1998bu.p0012.dat,E,6.580801425880873,0.07,0.04830219251793812,0.6728584481753178,-2.0,1.0
1131,SNIa-CN/sn1998bu.p0178.dat,E,6.583934234562748,0.07,0.020522152692325504,0.8355189383018908,-2.0,1.0
1132,SNIa-CSM/snPTF12efc.p0008.dat,E,6.592855613037408,0.07,0.09395253535412902,0.6437474099574834,-1.820911346339524,1.0
1133,SNIa-CSM/sn2019fcg.m0002.dat,E,6.602209194981914,0.07,0.07649597702025394,0.5195137394372387,-2.0,1.0
1134,SNIa-CN/sn2006le.p0013.dat,E,6.6055447832893694,0.07,0.051285489287743735,0.6406527080847955,-2.0,1.0
1135,SNIa-SS/sn2005hk.m0009.dat,E,6.606327811524147,0.07,0.2112387345579844,0.5975348519645185,-0.8079377419645589,1.0
1136,SNIIb/sn2008ax.m0011.dat,E,6.606755800199557,0.07,0.07360073001824718,0.5287792226545768,-2.0,1.0
1137,SNII-flash/sn2014G.m0003.dat,E,6.610589830368701,0.07,0.14492478995536806,0.6558417874438122,-1.26397207256033,1.0
1138,SNIc/sn1994I.m0006.dat,E,6.624542456144558,0.08,0.06419347139948697,0.5945817675445692,-2.0,1.0
1139,SNII-flash/sn2014G.m0001.dat,E,6.631713516391658,0.07,0.10265834988075906,0.637174372985305,-1.6222955111133064,1.0
1140,SNIb/sn2005bf.p0004.dat,E,6.640691498618351,0.07,0.0801164651555578,0.5727851417149256,-1.9620569410236737,1.0
1141,SNIb/sn2006ep.m0008.dat,E,6.641692460961471,0.07,0.07467851271077282,0.5774636841422623,-2.0,1.0
1142,SNIb/sn2005hg.m0003.dat,E,6.64250615572854,0.07,0.06802827863931725,0.5945781667477642,-2.0,1.0
1143,SNIb/sn2009jf.m0002.dat,E,6.645120343011262,0.07,0.06521433414661826,0.5714037555826286,-2.0,1.0
1144,SLSN-I/sn2011ke.p0014.dat,E,6.6497367507265945,0.07,0.0671983380135411,0.6871384761177128,-2.0,1.0
1145,SNIa-CN/sn1994D.p0013.dat,E,6.651158843042701,0.07,0.044264786051384813,0.7048459327707108,-2.0,1.0
1146,SLSN-II/sn2020hgr.m0023.dat,E,6.653804435863942,0.07,0.13292985604954044,0.6662530421412165,-1.1147796123167761,1.0
1147,SNII/sn2004et.p0016.dat,E,6.655109734604465,0.07,0.09542002921188229,0.4147495805491187,-2.0,1.0
1148,SNII/sn1999gi.max.dat,E,6.661170872321727,0.07,0.25221984556246607,0.5611511893957609,-0.7774766539195964,1.0
1149,SNIb/sn2005bf.p0005.dat,E,6.670033606148044,0.07,0.07561696867538832,0.5855093659381064,-2.0,1.0
1150,SLSN-I/snPTF13ajg.p0008.dat,E,6.677705136393879,0.07,0.13270527751324449,0.6699017026782893,-1.3840310607036796,1.0
1151,SNIa-CN/sn1998dm.p0014.dat,E,6.679796592441457,0.07,0.050610194386214516,0.6547113190804894,-2.0,1.0
1152,SLSN-II/snCSS121015.p0023.dat,E,6.681274017595825,0.07,0.089819325107062,0.643876766027661,-1.9698248558847011,1.0
1153,SNIa-CN/sn2000fa.p0014.dat,E,6.690421768542101,0.07,0.038244050980594205,0.7286118209137252,-2.0,1.0
1154,SNIIn/sn1998S.p0028.dat,E,6.693387903595683,0.07,0.0720589678334457,0.6234374349730722,-2.0,1.0
1155,SNIa-CN/sn1998bu.p0011.dat,E,6.693776182502736,0.07,0.052776684985186395,0.6456224404775102,-2.0,1.0
1156,SNII/sn2006bp.p0002.dat,E,6.69768360916246,0.07,0.08711780826880441,0.5923085620432696,-1.5486659532053835,0.9814076666035776
1157,SNIa-CN/sn1998aq.p0239.dat,E,6.698439525967167,0.07,0.12626106615006477,0.8055200602744224,-0.19581214090179855,1.0
1158,SLSN-II/snCSS121015.p0024.dat,E,6.701787381506975,0.07,0.11925408166894108,0.6499565491516541,-1.7289091290593428,1.0
1159,SNIa-BL/sn1996Z.p0006.dat,E,6.70656043967312,0.08,0.05904818185954972,0.5108709712241493,-2.0,1.0
1160,SNIa-CN/sn2008C.p0012.dat,E,6.710350398964362,0.07,0.06498907326852132,0.5507627454804297,-2.0,1.0
1161,SNIb/sn2004gq.m0008.dat,E,6.712333288221024,0.07,0.06707603496035613,0.6293088502513802,-2.0,1.0
1162,SNIIb/sn2000H.p0001.dat,E,6.713791875492153,0.07,0.06737074413215045,0.5660197462253884,-2.0,1.0
1163,SLSN-II/snCSS121015.p0053.dat,E,6.7142366932748185,0.07,0.07121471511744928,0.5610310567693335,-2.0,1.0
1164,SNIIn/sn1998S.p0003.dat,E,6.7179834135293035,0.07,0.1744983334461247,0.6432386622457348,-0.6565864576843621,1.0
1165,SNII-flash/sn2001fa.m0028.dat,E,6.72948396351871,0.07,0.14666171320542523,0.6459764995699695,-0.9782441451032907,1.0
1166,SNIIn/sn2000bg.m0005.dat,E,6.731094910565452,0.07,0.10571746719676224,0.33500920041724463,-1.9626416757320486,1.0
1167,SNIb/sn2009jf.m0001.dat,E,6.7351620569303545,0.07,0.06658782731428822,0.5582693725082116,-2.0,1.0
1168,SNIIn/sn2000P.p0014.dat,E,6.7393681179751415,0.07,0.07100429022053667,0.6549553517391098,-1.9591845315107759,1.0
1169,SNIa-BL/sn2002dj.p0010.dat,E,6.741368775164993,0.08,0.04338329353412025,0.673558986002554,-2.0,1.0
1170,SLSN-I/snLSQ12dlf.p0020.dat,E,6.741954010503417,0.08,0.07800030199636745,0.6069024803081533,-2.0,1.0
1171,SNIIn/sn2007pk.p0021.dat,E,6.74353400584956,0.07,0.06253808545862842,0.6228640682420747,-2.0,1.0
1172,SNIa-BL/sn2005am.p0011.dat,E,6.747637337969014,0.07,0.048485301665048317,0.6767088662758055,-2.0,1.0
1173,SLSN-IIn/snPTF10qaf.p0006.dat,E,6.748916441957872,0.07,0.07861753149000751,0.5455832027029772,-2.0,1.0
1174,SNIa-SS/sn2000cx.p0141.dat,E,6.757356402434472,0.07,0.12124279439865722,0.7827144416661351,-0.41722956163982083,1.0
1175,SNIa-CL/sn2007hj.p0007.dat,E,6.761305593963785,0.08,0.0656817902938004,0.5345953687513445,-2.0,1.0
1176,SLSN-II/snCSS121015.p0052.dat,E,6.762504603420533,0.07,0.07586599958759524,0.5500462213049788,-1.9856797650009197,0.9987628680038161
1177,SNIc/sn2007gr.m0006.dat,E,6.764788773054926,0.08,0.055788070043948354,0.5862804603461931,-2.0,1.0
1178,SLSN-I/snSSS120810.p0009.dat,E,6.76538001505504,0.07,0.14156994553538102,0.6195624792695114,-1.384636759855681,1.0
1179,SNIa-SS/sn1998es.p0016.dat,E,6.781430068368715,0.07,0.04358124782701669,0.6948228952015549,-2.0,1.0
1180,SNIa-BL/sn1997do.p0012.dat,E,6.7828773951231245,0.07,0.043448493221881664,0.6868975629093784,-2.0,1.0
1181,SNIa-CL/sn2007fb.p0013.dat,E,6.78409695856438,0.07,0.04868532281253793,0.6865454352715922,-2.0,1.0
1182,SNIb-pec/sn2009er.m0002.dat,E,6.795042732897596,0.07,0.06843431093171094,0.6584680886799494,-2.0,0.9897580816834382
1183,SNIa-CN/sn1998dx.p0013.dat,E,6.797249217729807,0.07,0.06243936255458974,0.6752801952509183,-1.824057326626688,0.9689537829912022
1184,SNII-flash/sn2013fs.max.dat,E,6.799604695839412,0.07,0.12203725342290736,0.6804373510471898,-1.1555364696545685,1.0
1185,SNIa-CN/sn2001ck.p0016.dat,E,6.804483528331698,0.07,0.04817142677317572,0.6850210269339514,-2.0,1.0
1186,SNIIn/sn2000P.p0018.dat,E,6.804703100811454,0.07,0.07066224755430582,0.6412623723680595,-2.0,1.0
1187,SLSN-I/snPTF12dam.m0021.dat,E,6.809059544152722,0.07,0.14296920580068834,0.6922736544542217,-1.2719438702714336,1.0
1188,SNII-flash/sn2016bkv.m0002.dat,E,6.811224986132001,0.07,0.20113172501596266,0.6201952224627432,-0.7628475832403889,1.0
1189,SLSN-I/sn2013dg.p0004.dat,E,6.811785827999637,0.07,0.13036712880503012,0.661147292803532,-1.6369946290601456,1.0
1190,SNIIn/sn1998S.p0026.dat,E,6.815301349984369,0.07,0.0703699775617113,0.6217557756885517,-1.956489418092322,1.0
1191,SNIa-BL/sn1994M.p0013.dat,E,6.818000250431881,0.07,0.03039089155060379,0.6993807766163451,-2.0,1.0
1192,SLSN-I/snPTF12dam.m0023.dat,E,6.818750064528873,0.07,0.08411879278990783,0.7231277170539175,-1.7433198801165855,1.0
1193,SNIIb/sn1996cb.m0001.dat,E,6.821206571369,0.07,0.07756149434756758,0.4980753198676949,-1.992179690843242,1.0
1194,SNIa-CN/sn2001cp.p0017.dat,E,6.829624105042421,0.07,0.04519028525556229,0.6914839061882138,-2.0,1.0
1195,SNII/sn2006bp.p0003.dat,E,6.8308972988655965,0.07,0.07907754098365442,0.6097255629626177,-1.6192065068757013,0.9814076666035776
1196,SLSN-I/sn2011ke.p0050.dat,E,6.836069220478786,0.07,0.06274040658161995,0.5694477130533556,-1.9955923385214522,1.0
1197,SNIc/sn2004aw.max.dat,E,6.836843945100508,0.08,0.0855685213025872,0.38368408358523176,-2.0,1.0
1198,SLSN-I/sn2005ap.p0004.dat,E,6.837306131990541,0.07,0.23178793632813396,0.6700282974521115,-1.1307461891368071,1.0
1199,SNIIb-flash/sn2013cu.p0003.dat,E,6.8395341824178715,0.07,0.12812459387340555,0.6543172844620847,-1.2553556237779482,1.0
1200,SNIa-SS/sn1999dq.p0088.dat,E,6.8467274981077395,0.07,0.1294927177533383,0.3407089415043746,-1.7057920555123944,1.0
1201,SNIIn/sn1998S.p0024.dat,E,6.846800176025734,0.07,0.05818567849521149,0.6320526042880354,-1.9725826370120811,1.0
1202,SNIb/sn2005hg.m0004.dat,E,6.850186529593578,0.07,0.06836682233468554,0.5685115778061296,-2.0,1.0
1203,SNIb-nIIb-n/sn2005la.p0018.dat,E,6.856718182280114,0.07,0.07096300206793468,0.6727841253712479,-1.9578945534262977,1.0
1204,SNIa-BL/sn2006ac.p0011.dat,E,6.865626469470148,0.07,0.043541455822997205,0.7011601257322685,-2.0,1.0
1205,SNIb-pec/sn2009er.m0005.dat,E,6.866146486816372,0.07,0.07031837668540161,0.671026445876236,-2.0,0.9897580816834382
1206,SNIa-BL/sn2001en.p0012.dat,E,6.86929540819199,0.07,0.04575325240979784,0.6908781239318049,-2.0,1.0
1207,SNIIb/sn1998fa.p0019.dat,E,6.869696176594483,0.07,0.1003368899303452,0.37660123518550087,-2.0,1.0
1208,SNIa-BL/sn2007co.p0012.dat,E,6.870975399744003,0.07,0.047365206736458144,0.6670217633039947,-2.0,1.0
1209,SNIc/sn2007gr.m0001.dat,E,6.873378388488146,0.07,0.06089157128220983,0.5729585850352915,-2.0,1.0
1210,SLSN-II/sn2008es.m0012.dat,E,6.876592512070279,0.07,0.10969098404551128,0.657638002144765,-1.531802806380374,1.0
1211,SNII-flash/sn2019vqd.p0002.dat,E,6.8792710395630206,0.07,0.11068997182472337,0.6926399530495801,-1.1764520317537728,1.0
1212,SNIIn/sn2007pk.m0002.dat,E,6.879971044350609,0.07,0.26515964815475596,0.6279163855683354,-0.6062202573166612,1.0
1213,SNIa-CN/sn2003du.p0016.dat,E,6.880296110124676,0.07,0.04088407285163036,0.7269710252504632,-2.0,1.0
1214,SLSN-II/sn2013hx.m0001.dat,E,6.892698294968868,0.07,0.06932076790658555,0.6849716586638505,-1.9162442454859854,1.0
1215,SNIIn/sn1998S.p0013.dat,E,6.894304805735022,0.07,0.05738310538800766,0.6924298578541896,-1.8989920283460848,1.0
1216,SNII-flash/sn2013fs.p0001.dat,E,6.895648872826872,0.07,0.10126075105576142,0.6876740783132113,-1.307703096728645,1.0
1217,SNIIn/sn2000eo.max.dat,E,6.8972274324778695,0.07,0.06805738683830428,0.6802477867965643,-1.9499808398227207,1.0
1218,SNII-flash/sniPTF14flu.p0012.dat,E,6.897816433911071,0.07,0.18582879835265848,0.6497710905074799,-0.8771164159603397,1.0
1219,SNIa-CL/sn2007al.p0002.dat,E,6.8997218515699466,0.07,0.06957035664241584,0.5275868928806613,-2.0,1.0
1220,SLSN-II/sn2020bfe.m0028.dat,E,6.899786804325977,0.07,0.06679012841216968,0.6899798990014546,-1.9581494271128232,1.0
1221,SNIb-pec/sn2007uy.m0013.dat,E,6.9003790338681235,0.13,0.0928677156455393,0.49471401984410773,-1.7912755855761961,1.0
1222,SNIa-CL/sn2005ke.p0001.dat,E,6.902496601789959,0.08,0.06722216711522662,0.507942088423502,-2.0,1.0
1223,SNIIn/sn2005gl.m0013.dat,E,6.903014771940187,0.07,0.11562344733155895,0.6333398779722058,-1.3374919792637412,1.0
1224,SNIc-bl/sn2003jd.m0000.dat,E,6.903584119249711,0.11000000000000001,0.13093794658335858,0.4339006344169496,-1.5518623668586917,1.0
1225,SLSN-I/sn2011ke.p0020.dat,E,6.90777899362423,0.07,0.07030006821265392,0.6348387728278776,-2.0,1.0
1226,SNII/sn2012aw.p0001.dat,E,6.9093418068424315,0.07,0.1561505093695545,0.6685209653750862,-1.1409356239229371,1.0
1227,SNIIn/sn2000eo.m0001.dat,E,6.91266667406979,0.07,0.06814218096024574,0.6836759855011505,-1.9437016648804362,1.0
1228,Gap/snLSQ13zm.p0022.dat,E,6.9145653494273995,0.07,0.07226600864106565,0.5245350376319802,-2.0,1.0
1229,SLSN-II/sn2020bfe.p0074.dat,E,6.916605061117123,0.07,0.07319893041236485,0.5252905497802177,-2.0,1.0
1230,SNIb-nIIb-n/sn2005la.p0020.dat,E,6.916973678865636,0.07,0.05762059951372716,0.6955442638491485,-2.0,1.0
1231,SNIa-CN/sn2002jy.p0018.dat,E,6.918484397370623,0.07,0.04073928524327079,0.7201902251135772,-2.0,1.0
1232,SNIc/sn2005kl.m0004.dat,E,6.9189554509490705,0.07,0.09923036496479361,0.4440873298703368,-2.0,1.0
1233,SLSN-II/sn2013hx.p0000.dat,E,6.919632369869434,0.07,0.07507983811478558,0.6847466307712767,-1.8380635217751307,1.0
1234,SNIa-BL/sn1995al.p0013.dat,E,6.919775738712307,0.07,0.04267635398610239,0.6947924645619303,-2.0,1.0
1235,SLSN-I/snPTF11rks.p0006.dat,E,6.9210711285786015,0.11000000000000001,0.12180473265943538,0.4411456187016494,-1.6558125479871653,1.0
1236,SNIIn/sn2005cp.p0053.dat,E,6.925218371080219,0.07,0.08378851704359737,0.4611353550296975,-2.0,1.0
1237,SLSN-II/sn2008es.p0025.dat,E,6.9296086400328365,0.07,0.08246346931190157,0.6672897785881283,-2.0,1.0
1238,SLSN-I/sn2010gx.m0004.dat,E,6.932315402881727,0.07,0.08898743638344069,0.7215492987992843,-1.7581871748810027,1.0
1239,SLSN-I/snPTF10hgi.p0064.dat,E,6.9362363224780825,0.07,0.06441497394592403,0.6266873978823772,-2.0,1.0
1240,SNIa-CN/sn2003kf.p0015.dat,E,6.936691150167089,0.07,0.046407667791158264,0.6799482909356815,-2.0,1.0
1241,SLSN-II/sn2019cqc.p0002.dat,E,6.9367123961960235,0.07,0.07112099421832435,0.6140875436112866,-2.0,1.0
1242,SNIa-CL/sn2006hb.p0012.dat,E,6.941511234760069,0.07,0.047986662288778265,0.7058976808087934,-1.9692950204094317,1.0
1243,SNIb-pec/sn2009er.m0006.dat,E,6.943747403344057,0.07,0.06751822255347521,0.6999940008118241,-2.0,0.9897580816834382
1244,SLSN-II/sn2019uba.p0039.dat,E,6.944058098000637,0.07,0.07736829924344055,0.6340046808055131,-2.0,1.0
1245,SNII-flash/sn2001fa.m0025.dat,E,6.946080865782694,0.07,0.045362573304041184,0.6714603848414269,-2.0,1.0
1246,SNII-flash/sn2001fa.m0026.dat,E,6.948038458525746,0.07,0.0451130319233284,0.677416455717168,-1.9759690120288296,1.0
1247,SLSN-I/sn2011ke.p0044.dat,E,6.953931396262384,0.07,0.07720162438651273,0.48859042856545126,-2.0,1.0
1248,SNIb/sn2009jf.p0001.dat,E,6.9568496113424185,0.07,0.06499021767589107,0.5630590180776244,-2.0,1.0
1249,SNIa-CN/sn1998bu.p0014.dat,E,6.95699904003093,0.07,0.04694149520339715,0.6888443666444671,-2.0,1.0
1250,SLSN-I/snPTF12dam.p0048.dat,E,6.957184228093718,0.07,0.06579331564044641,0.6658338069943833,-2.0,1.0
1251,SNIa-CN/sn1994D.p0611.dat,E,6.958289445343449,0.07,0.010314584145856702,0.8852415432171541,-2.0,1.0
1252,SNIb-nIIb-n/sn2005la.p0014.dat,E,6.960943147366016,0.07,0.04786661185565261,0.665541837972589,-2.0,0.9839571554323325
1253,Gap/snLSQ13zm.p0015.dat,E,6.964487277605095,0.07,0.06887425685177093,0.6430778509296192,-2.0,1.0
1254,SNIc-bl/sn2007ru.m0000.dat,E,6.96494527182335,0.12000000000000001,0.07665436917054927,0.4318085408976906,-2.0,1.0
1255,SNIIn/sn2005kj.p0035.dat,E,6.967757986342898,0.07,0.05577706072496583,0.650619668220972,-2.0,1.0
1256,SNIIn/sn2000P.p0021.dat,E,6.968290284072793,0.07,0.06901543389072023,0.6307236625351126,-2.0,1.0
1257,SNII/sn2002gd.p0003.dat,E,6.97021638792943,0.07,0.09490642424568714,0.6503136720229254,-1.4488314065223709,1.0
1258,SNIc-bl/sn2006aj.m0001.dat,E,6.970229955394966,0.13,0.15867329145307008,0.38047191231513944,-1.4313852920025831,1.0
1259,SNIIn/sn2005kj.p0033.dat,E,6.974607821179401,0.07,0.056093870117811036,0.6483184275762641,-2.0,1.0
1260,SNIb-n/sn2006jc.max.dat,E,6.97752174715052,0.12000000000000001,0.05751294855545731,0.6822013777814941,-1.554314129480507,1.0
1261,SLSN-II/sn2018lqi.m0021.dat,E,6.9786050671811495,0.07,0.11250449790505816,0.6105346619913953,-1.695989258732617,1.0
1262,SNIIn/snOGLE-2013-SN-016.m0023.dat,E,6.979805732418649,0.07,0.06351322663840535,0.6442699062410043,-2.0,1.0
1263,SNIIn/sn2000P.p0001.dat,E,6.982926772819939,0.07,0.07460298730773746,0.6605303950201168,-1.9099162499298936,1.0
1264,SNIIn/sn2000P.p0002.dat,E,6.989349696125656,0.07,0.06837441724686653,0.6600363466783352,-2.0,1.0
1265,SNIIn/snPTF10uls.m0008.dat,E,6.9894639777197245,0.07,0.09436987889040081,0.6419541617590531,-1.639700771279452,1.0
1266,Gap/sn2001ac.p0009.dat,E,6.989735222342272,0.07,0.06587347718822717,0.5559074628852236,-2.0,1.0
1267,SLSN-I/snASASSN-15lh.p0032.dat,E,6.99171322078052,0.07,0.11511765582833795,0.6590981695683562,-1.6612837819855035,1.0
1268,SNIIn/sn2000eo.m0002.dat,E,6.991965345754615,0.07,0.08109824255589695,0.6802202240395695,-1.7570260373368325,1.0
1269,SLSN-II/sn2008es.p0003.dat,E,6.992727176266609,0.07,0.09073884377829627,0.6933576203309585,-1.7374185062911702,1.0
1270,SNIb-nIIb-n/sn2005la.p0019.dat,E,6.992892201469881,0.07,0.05279227838208926,0.7018561994050897,-2.0,0.9724442141353572
1271,SNIIn/sn2008B.p0001.dat,E,6.994630409261903,0.07,0.09199186747157315,0.6744688424765337,-1.740442743869063,1.0
1272,SNII/sn2012aw.p0003.dat,E,6.997954884272564,0.07,0.19480576668119176,0.6446551752851855,-1.0993535855755825,1.0
1273,SNIIn/sn2000bg.m0028.dat,E,6.998802140388249,0.07,0.0914704049640212,0.45593366257580514,-1.9996532660864257,1.0
1274,SNIIn/sn2006qq.p0073.dat,E,6.998837683115859,0.07,0.07782673150366952,0.5239691131368298,-2.0,1.0
1275,SNIb/sn2004gq.m0010.dat,E,7.002596303346842,0.07,0.06756175474000549,0.6218831620702895,-2.0,1.0
1276,SLSN-II/sn2008es.m0005.dat,E,7.002874965052003,0.07,0.07132144565305905,0.7022612235255034,-1.8764462091292369,1.0
1277,SLSN-I/snPTF12dam.p0007.dat,E,7.002966083217572,0.07,0.06509809962730259,0.7237903409639254,-1.9958971990023753,1.0
1278,SNIc-bl/sn2006aj.m0002.dat,E,7.0047018055110115,0.13,0.33205243373904997,0.24929584770614327,-0.8862531968135033,1.0
1279,SNIa-BL/sn2000cf.p0015.dat,E,7.008823889364336,0.07,0.055736255453385355,0.6411446237950172,-2.0,1.0
1280,SNII/sn2012aw.p0023.dat,E,7.011752302660836,0.07,0.07774949863177341,0.5725897873472385,-1.7961382716459755,1.0
1281,SNIIb/sn2006T.m0011.dat,E,7.012663885609623,0.07,0.08248812175138404,0.42277287395671803,-2.0,1.0
1282,SNIIn/sn2007pk.p0004.dat,E,7.014015318657463,0.07,0.0849191556784773,0.6942251726808885,-1.5832997802870947,1.0
1283,SNIIb/sn2008ax.m0012.dat,E,7.019852019038037,0.07,0.072089284900521,0.5318944053156173,-2.0,1.0
1284,SNIc-bl/sn2007ru.m0003.dat,E,7.021455148810273,0.13,0.15701907313389835,0.3572292859196394,-1.4420945829986418,1.0
1285,SNIa-SS/sn2000cx.p0067.dat,E,7.023350354413866,0.07,0.05432669147739732,0.6536344357035174,-1.9377796463481054,1.0
1286,SNIIn/sn2000eo.m0004.dat,E,7.026070631808807,0.07,0.06853861494229466,0.6796048035120295,-1.9306050827890584,1.0
1287,SNIa-BL/sn2005am.p0012.dat,E,7.026218733575769,0.07,0.047274735734208706,0.6831860089404062,-2.0,1.0
1288,SLSN-II/sn2019cqc.p0032.dat,E,7.026851659336865,0.07,0.07432344067726998,0.5394319521747202,-2.0,1.0
1289,SNIc-bl/sn2007bg.p0003.dat,E,7.028594722247998,0.07,0.08084695403707935,0.45183299322868653,-2.0,0.9897580816834382
1290,SLSN-IIn/snPTF10tpz.p0001.dat,E,7.031276266234898,0.07,0.12632076854720004,0.17889882783867764,-1.977614673911484,1.0
1291,SNII/sn2002gd.p0008.dat,E,7.031744929527822,0.07,0.06244372352166449,0.643289764272682,-2.0,1.0
1292,SLSN-I/sn2012il.p0015.dat,E,7.035195708074976,0.07,0.06826612538872144,0.6602303077389324,-2.0,1.0
1293,SNIa-BL/sn2001N.p0009.dat,E,7.037083305448586,0.08,0.07363962711750477,0.4409099846159731,-2.0,1.0
1294,SNIIn/sn2006qq.p0047.dat,E,7.039166520102369,0.07,0.08216365208411998,0.44722110049630387,-2.0,1.0
1295,SNIIn/sn1998S.p0017.dat,E,7.040773586244575,0.07,0.05632009796966817,0.7292419027890704,-2.0,0.9607399210861545
1296,SNIa-CN/sn1995D.p0283.dat,E,7.040940327849535,0.07,0.012457410016438382,0.8930267081307106,-2.0,1.0
1297,SLSN-I/sn2005ap.m0003.dat,E,7.046224978684495,0.07,0.06669339154859458,0.7607899974023897,-2.0,0.9920059042812513
1298,SNIb-nIIb-n/sn2005la.p0017.dat,E,7.0470201079028065,0.07,0.06797264733346524,0.6771698437283238,-2.0,1.0
1299,SNIc/sn1994I.m0005.dat,E,7.0474815417302255,0.08,0.06347164021547783,0.5142631170194367,-1.927481647336344,1.0
1300,SLSN-I/sn2010gx.p0029.dat,E,7.049122414321843,0.07,0.056381782553725376,0.605661438128704,-2.0,1.0
1301,SNIIb/sn2008bo.m0010.dat,E,7.050870459021578,0.07,0.07974735686149347,0.463213579492498,-2.0,1.0
1302,SNII-flash/sn2013fs.p0003.dat,E,7.051473155755993,0.07,0.10038309661867796,0.7060933546192947,-1.623372574425401,1.0
1303,SNIIb/sn2008ax.m0014.dat,E,7.053585550968567,0.07,0.0667898477108974,0.5216240501868353,-2.0,1.0
1304,SNIIb/sn1993J.m0003.dat,E,7.053897696910205,0.07,0.06694267747371638,0.5509115333646477,-2.0,1.0
1305,SNII-flash/sniPTF14flu.p0017.dat,E,7.057287347356068,0.07,0.07399286556311113,0.6845138521614783,-1.7963482373318218,1.0
1306,SLSN-II/sn2019aanx.p0021.dat,E,7.06835722247799,0.07,0.08397065368741947,0.6305691217457929,-2.0,0.9763182247757076
1307,SLSN-I/snASASSN-15lh.p0039.dat,E,7.074381293177677,0.07,0.1317432191918128,0.6499356655749948,-1.5372483965610932,1.0
1308,SNIa-BL/sn1999ej.p0011.dat,E,7.080224099273815,0.07,0.05077927668399828,0.6707171523161485,-2.0,1.0
1309,SNIa-CL/sn2007fb.p0014.dat,E,7.081734389641396,0.07,0.04560827952665784,0.7090054056786155,-2.0,1.0
1310,SNIc/sn2004aw.p0001.dat,E,7.082044564993948,0.09000000000000001,0.09890367012679015,0.2379580618607805,-2.0,1.0
1311,SNII/sn2005cs.p0012.dat,E,7.082290906855811,0.07,0.05026975867943785,0.6982526885011349,-2.0,1.0
1312,SLSN-I/sn2010gx.p0004.dat,E,7.084969093241873,0.07,0.13165913314056413,0.6962662657858224,-1.6319295919163748,1.0
1313,SNII-flash/sniPTF14flu.p0016.dat,E,7.087639946141695,0.07,0.09135179383852622,0.680562067666872,-1.5662140909757116,1.0
1314,SNII-flash/sniPTF14flu.p0018.dat,E,7.094773617722167,0.07,0.09467180973846202,0.667269168048235,-1.552054456137733,1.0
1315,SNIIn/sn2005kj.p0032.dat,E,7.099885503474254,0.07,0.060893497317355036,0.6494243480586899,-1.893816671091217,1.0
1316,SNIa-CN/sn2006le.p0014.dat,E,7.100968031127062,0.07,0.046366939918004044,0.6692956068299816,-2.0,1.0
1317,SLSN-II/sn2019cqc.p0009.dat,E,7.103196611839758,0.07,0.07367368400467358,0.615532959754509,-2.0,1.0
1318,SNII/sn2006bp.p0006.dat,E,7.106766477924434,0.07,0.06642071549604624,0.5746660785080732,-2.0,0.9801310097540518
1319,SNIc-bl/sn2003jd.m0001.dat,E,7.109185383470572,0.11000000000000001,0.19284021743733568,0.4266480896709093,-1.2276369761039398,1.0
1320,SLSN-I/sn2011ke.p0029.dat,E,7.110719518825357,0.07,0.06561121515115083,0.5634558708275946,-2.0,1.0
1321,SLSN-II/sn2019uba.p0062.dat,E,7.111041502460828,0.07,0.060567921973507695,0.6187220963100214,-2.0,1.0
1322,SLSN-I/snLSQ12dlf.p0043.dat,E,7.111135852014893,0.07,0.06387588085788325,0.5568089533278106,-2.0,1.0
1323,Gap/sn2017be.p0018.dat,E,7.114318761125361,0.07,0.07975201167707403,0.4676771611749908,-2.0,1.0
1324,SNIb/sn1998dt.p0004.dat,E,7.1187332074778045,0.07,0.07082125494152933,0.5502815662598814,-2.0,1.0
1325,SNIb-nIIb-n/sn2005la.p0016.dat,E,7.119926052385775,0.07,0.07267259596243528,0.6842451595086017,-1.9382148950826985,1.0
1326,Gap/sn2002kg.p0072.dat,E,7.121229039602357,0.07,0.06336728688422028,0.6460420285754445,-2.0,1.0
1327,SNIa-CL/sn2007ba.p0006.dat,E,7.126254229695831,0.07,0.044636274633818994,0.7213805710182276,-2.0,0.9837517888563048
1328,SNIa-BL/sn1999cl.m0001.dat,E,7.127241077627826,0.1,0.10969062689112744,0.2224268613583534,-2.0,1.0
1329,SLSN-I/snPTF11rks.m0001.dat,E,7.128356567324182,0.07,0.06713151178357556,0.6978210865043412,-2.0,1.0
1330,SNIc-bl/sn1997ef.p0020.dat,E,7.129034043805064,0.07,0.09742771914886857,0.3809079017199459,-2.0,1.0
1331,SNIIn/snLSQ14pt.p0007.dat,E,7.130121822339449,0.07,0.05327245556650983,0.6923571045966689,-2.0,1.0
1332,SNIIn/sn2005cp.p0079.dat,E,7.130859041933946,0.07,0.06623385252432323,0.5636587578324109,-2.0,1.0
1333,Gap/snLSQ13zm.m0006.dat,E,7.140933087429263,0.07,0.09218007270242046,0.6727277480685768,-1.525148261672252,1.0
1334,SNIIn/sn2006qq.p0017.dat,E,7.14321628317428,0.07,0.09074193360035931,0.46367807934427413,-1.9125345422318465,1.0
1335,SNII-flash/sniPTF14flu.p0024.dat,E,7.146907341673116,0.07,0.06481239248627156,0.6863782002019548,-2.0,1.0
1336,SNIc-bl/sn2003jd.m0002.dat,E,7.151913543589616,0.11000000000000001,0.26476553444154305,0.39143224963283035,-0.9794605043819886,1.0
1337,SNII-flash/sniPTF14flu.p0020.dat,E,7.152914986694736,0.07,0.07282616353380127,0.6741872786477677,-1.7109502777316934,1.0
1338,SNIa-BL/sn2002bf.p0012.dat,E,7.15539025201287,0.07,0.06773038085883584,0.5287375575456493,-2.0,1.0
1339,SNIb-n/sn2006jc.p0015.dat,E,7.158807215826265,0.07,0.022154347842017693,0.834657486267146,-2.0,1.0
1340,SNII-flash/sn2013fs.m0001.dat,E,7.16185597217095,0.07,0.08183514127136882,0.7084352553949002,-1.3681802578761166,1.0
1341,SNII/sn1999em.p0001.dat,E,7.162625894303845,0.07,0.12671416529372334,0.6523885899273205,-1.1855889578467624,1.0
1342,SNII-flash/sn2014cn.max.dat,E,7.16659844090006,0.07,0.09256096642229164,0.6994997666449158,-1.2927507416370656,1.0
1343,SNIIb-flash/sn2013cu.max.dat,E,7.16873954288063,0.07,0.06203899229760933,0.6956637336588372,-1.3872707360724204,0.9595300036570854
1344,Gap/sn2002bu.p0023.dat,E,7.17349065719448,0.07,0.06432141902687828,0.5720840630941125,-2.0,1.0
1345,SNII/sn2012aw.p0004.dat,E,7.179470828055713,0.07,0.12744388166367665,0.6504098885842581,-1.163564680551559,1.0
1346,SNIa-CSM/sn1999E.p0386.dat,E,7.17952068425739,0.07,0.09599621422686241,0.4023595378056548,-2.0,1.0
1347,SNIIn/sn2005bx.p0020.dat,E,7.1836804437809265,0.07,0.06356454421936836,0.5663557576809413,-2.0,1.0
1348,SNII/sn1999em.p0002.dat,E,7.185238428978133,0.07,0.05364355904706333,0.7338868572095035,-2.0,1.0
1349,SLSN-II/sn2008am.p0015.dat,E,7.185488098627817,0.07,0.08757344116948218,0.5094776598976561,-2.0,1.0
1350,SLSN-II/sn2019gsp.p0007.dat,E,7.195293572032847,0.07,0.07425138580254212,0.6962701131571574,-1.910726923437408,1.0
1351,SNIc-bl/sn2006aj.p0263.dat,E,7.196076799827658,0.11000000000000001,0.5977180018403725,0.0,-0.5079688303278924,1.0
1352,SNII-flash/sniPTF15crj.p0006.dat,E,7.19756499125978,0.07,0.07708188202313976,0.5222459606385502,-2.0,1.0
1353,SNIIb/sn1996cb.m0004.dat,E,7.2014422720052575,0.07,0.10897498393082557,0.5606595412783082,-1.5375003251111317,1.0
1354,SNIb-n/sn2006jc.p0029.dat,E,7.202499259552191,0.07,0.04667880944848394,0.807554296044311,-1.9466875505228767,1.0
1355,SNIb-nIIb-n/sn2005la.p0015.dat,E,7.202677924630295,0.07,0.06671355248921798,0.6927742867987233,-2.0,1.0
1356,SNIb/sn2004dk.m0018.dat,E,7.209997424346983,0.07,0.07261705840544552,0.5097346108098987,-2.0,1.0
1357,Gap/snLSQ13zm.max.dat,E,7.21047514636977,0.07,0.091715113179108,0.6748402130459739,-1.5061782477167196,1.0
1358,SNII/sn1999gi.p0002.dat,E,7.212122274918787,0.07,0.09700971538452029,0.6471262579699053,-1.5560445541780723,1.0
1359,Gap/sn2017be.p0013.dat,E,7.213513819332838,0.07,0.07668782882983359,0.4938145904439403,-1.9650047176364274,1.0
1360,SNII-flash/sniPTF15crj.m0008.dat,E,7.217503121565969,0.07,0.07960652567145596,0.6205541016495395,-1.8323341295198827,1.0
1361,SLSN-II/sn2019uba.p0002.dat,E,7.2205352184786555,0.07,0.11070660271983165,0.7154233765873095,-1.771022748658446,1.0
1362,SNIc-bl/sn1997ef.p0026.dat,E,7.2217952255339,0.07,0.11786845878586588,0.21319900181725843,-2.0,1.0
1363,SNII-flash/sn2013fs.p0007.dat,E,7.223018759468987,0.07,0.07138433820365239,0.6566830500712364,-1.9254433638341362,1.0
1364,SNIc/sn2005az.p0016.dat,E,7.224168180240687,0.07,0.1329459774323241,0.10550735032598649,-2.0,1.0
1365,SLSN-II/sn2018jkq.p0004.dat,E,7.225902486786835,0.07,0.06545460657799,0.6663053624433142,-2.0,1.0
1366,SLSN-II/sn2008am.p0011.dat,E,7.226043404832911,0.07,0.09362136168989153,0.5026347731238393,-2.0,1.0
1367,SNIc/sn2005az.m0008.dat,E,7.227471510692258,0.07,0.07131762463925254,0.48403527131717794,-2.0,1.0
1368,SNIIn/sn2006qq.p0012.dat,E,7.229786364755157,0.07,0.0778253896882409,0.4669262870388367,-2.0,1.0
1369,SNII/sn1999em.p0011.dat,E,7.236449947041651,0.07,0.04530832912603785,0.6858463166809108,-1.997666292279516,1.0
1370,SNIa-BL/sn1997bq.p0009.dat,E,7.2369388760687015,0.07,0.0431786335879311,0.6861237686633481,-2.0,1.0
1371,SLSN-I/snPTF12dam.m0022.dat,E,7.238152321308979,0.07,0.3853204216891998,0.5719265461853548,-0.2039627515825012,1.0
1372,SNIa-SS/sn2005eu.p0023.dat,E,7.240083282859714,0.07,0.06494646351462388,0.5651363050838105,-2.0,0.9890735483870964
1373,SNIa-CN/sn1994D.p0083.dat,E,7.242191921247999,0.07,0.019740498117037188,0.7522510838942702,-2.0,1.0
1374,SNIc-bl/sn2003jd.p0001.dat,E,7.246677651926174,0.11000000000000001,0.07228674136105895,0.5141299286059117,-2.0,1.0
1375,SLSN-II/sn2008am.m0001.dat,E,7.250894904316265,0.07,0.0913493655550035,0.47522206420460716,-2.0,1.0
1376,SNII/sn2002gd.p0005.dat,E,7.251330166635292,0.07,0.051369162123087904,0.6887607843968697,-2.0,1.0
1377,SNIb/sn2004gq.m0009.dat,E,7.257384096679923,0.08,0.07048790669807922,0.5914210964454658,-2.0,1.0
1378,SNII/sn1999em.p0016.dat,E,7.26504790607368,0.07,0.0506566507653138,0.634873275765445,-2.0,1.0
1379,SNIc-bl/sn2003jd.m0003.dat,E,7.265783468037862,0.12000000000000001,0.17535512990215013,0.48165630152643735,-1.2552752035712045,1.0
1380,SLSN-II/sn2019aanx.m0016.dat,E,7.267314450150027,0.07,0.10424417706123544,0.6729603317011101,-1.97571333498965,0.9763182247757076
1381,SNIa-CSM/snPTF12efc.m0024.dat,E,7.2684149896089725,0.07,0.1246132177509577,0.7004092578151013,-1.5455898669715178,1.0
1382,Gap/sn2002bu.p0040.dat,E,7.271186957147931,0.07,0.07679922183121882,0.4573330901723031,-1.974976287354657,1.0
1383,SNIIn/sn2005db.p0129.dat,E,7.271347245603375,0.07,0.050976713670754674,0.6549119456230145,-2.0,1.0
1384,SNIa-CN/sn1995E.p0009.dat,E,7.271650696763361,0.09000000000000001,0.062282013104509974,0.34151084083887034,-2.0,1.0
1385,SNIa-CL/sn2000dk.p0088.dat,E,7.271969542980207,0.07,0.06595809362381101,0.5747087891742304,-2.0,1.0
1386,SLSN-II/snCSS121015.p0063.dat,E,7.27962772971241,0.07,0.07094194172231041,0.5324251921573214,-2.0,1.0
1387,SLSN-I/snPTF12dam.p0165.dat,E,7.279737840932603,0.07,0.0737297394814968,0.6451258812386131,-1.946219837472483,1.0
1388,SNIIn/sn2005cp.p0025.dat,E,7.281383839028088,0.07,0.05328992705690173,0.6826766327477922,-2.0,1.0
1389,SNIa-CN/sn1995D.p0017.dat,E,7.283553697504015,0.07,0.033428890065658794,0.6996323741713322,-2.0,1.0
1390,SLSN-I/snASASSN-15lh.p0013.dat,E,7.284812830659613,0.07,0.5294299821495477,0.6536677023819867,-0.3268935809548796,1.0
1391,SNIa-BL/sn2007af.p0012.dat,E,7.285775347904737,0.07,0.04517303075683983,0.6886169606739606,-2.0,1.0
1392,SNIa-BL/sn2007le.p0011.dat,E,7.287647371274292,0.07,0.046854790402138025,0.6709846917896957,-2.0,1.0
1393,SNIIn/sn1998S.p2141.dat,E,7.290779173538777,0.07,0.09613346866462213,0.4121327721779505,-1.9959256154346494,1.0
1394,SNIIb/sn1998fa.m0006.dat,E,7.29975677603151,0.07,0.0763391256934622,0.5850324813666867,-1.9852126171865425,1.0
1395,SNIIn/sn2005kj.p0020.dat,E,7.303009601700123,0.07,0.05572094880232745,0.6924092216230785,-2.0,1.0
1396,Gap/snLSQ13zm.p0578.dat,E,7.305380550199647,0.07,0.06599080582644377,0.5876069983114776,-2.0,1.0
1397,SNII/sn1999gi.p0003.dat,E,7.311732934665851,0.07,0.08082478240294498,0.6600429798546404,-1.7293065593355634,1.0
1398,SNIIn/snLSQ14pt.p0008.dat,E,7.312409515842537,0.07,0.0781441484323814,0.6967174413199089,-1.9337078810795771,0.9585233332367881
1399,SLSN-I/sn2012il.p0043.dat,E,7.316175004696545,0.07,0.06587048282432861,0.5776345899466208,-2.0,1.0
1400,SNIa-CN/sn2003kf.p0016.dat,E,7.322886846733507,0.07,0.049707752230027,0.66295482558841,-2.0,1.0
1401,SNIa-CN/sn1999ac.p0011.dat,E,7.326972532571434,0.07,0.05234758322366537,0.631016821274345,-2.0,1.0
1402,Gap/snLSQ13zm.p0007.dat,E,7.327677770110264,0.07,0.06690058478219636,0.7022014731665602,-1.9076895073728015,1.0
1403,SLSN-II/sn2008es.p0016.dat,E,7.331368349751903,0.07,0.06595883770148452,0.7205767318322016,-2.0,1.0
1404,SLSN-II/sn2020bfe.m0022.dat,E,7.336559191103769,0.07,0.05473979911475908,0.674855412593879,-1.9601094256041771,1.0
1405,SNIc-bl/sn2006aj.m0003.dat,E,7.337270350557973,0.13,0.43789547920844707,0.24720659173713821,-0.6640192519111126,1.0
1406,Gap/sn1999bw.m0019.dat,E,7.341016647941865,0.07,0.08058884177460587,0.4986307069489811,-2.0,1.0
1407,SNIb-nIIb-n/sn2005la.p0032.dat,E,7.341304823189383,0.07,0.0654986884665728,0.6357003671109087,-2.0,1.0
1408,SNII/sn2006bp.p0008.dat,E,7.342145343457905,0.07,0.05720239013836265,0.6195213227119746,-2.0,0.9814076666035776
1409,SNIa-CN/sn1999ek.p0009.dat,E,7.3483910319739545,0.08,0.07557325283187762,0.4225837799018447,-2.0,1.0
1410,SNIIn/sn2000P.m0003.dat,E,7.35075105925981,0.07,0.06004715182370629,0.710928477907496,-1.9796060499327792,1.0
1411,SNIIb/sn2000H.p0002.dat,E,7.357590961024368,0.07,0.0670138284871592,0.5686372427006023,-2.0,1.0
1412,SLSN-IIn/sn2006gy.m0032.dat,E,7.358986942664656,0.07,0.12956311603946638,0.17381210448873516,-2.0,1.0
1413,SNII/sn2013am.p0003.dat,E,7.361129519442894,0.07,0.08785368745300254,0.4783212981708574,-2.0,1.0
1414,SNIIn/sn2008fq.p0002.dat,E,7.36630544885883,0.07,0.07813835537946298,0.48256660992250067,-2.0,1.0
1415,SLSN-IIn/sn2006gy.p0002.dat,E,7.369201874369507,0.07,0.10207462941192691,0.3120902425640241,-2.0,1.0
1416,SNIa-BL/sn2003ch.p0014.dat,E,7.374723307229155,0.07,0.040818025374293854,0.7317723061269407,-2.0,1.0
1417,SLSN-II/sn2008am.p0021.dat,E,7.378553707982908,0.07,0.08398078304132349,0.5420973412165182,-2.0,1.0
1418,SNII/sn2006bp.p0021.dat,E,7.3796514058016545,0.07,0.0658676213968854,0.5274050779983629,-2.0,0.9814076666035776
1419,SNII/sn1999br.p0014.dat,E,7.3797389383798055,0.07,0.056557200321676264,0.6455822692873532,-2.0,1.0
1420,Gap/sn2002bu.p0011.dat,E,7.384114728696229,0.07,0.06632541557917714,0.5878025718274354,-2.0,1.0
1421,SNIIb/sn2006T.m0013.dat,E,7.386781578150598,0.07,0.09146983170655773,0.36917732515820106,-2.0,1.0
1422,SLSN-IIn/sn2006gy.m0004.dat,E,7.387758851921445,0.07,0.09759645378286515,0.31646863804405123,-1.96019711470542,1.0
1423,SNIa-BL/sn2007jg.p0013.dat,E,7.39302507693315,0.07,0.04438588769376091,0.6985840377248229,-2.0,0.986171055718475
1424,SNIIn/sn2005gl.p0037.dat,E,7.395714259945339,0.07,0.055886206670947486,0.5425356717904146,-1.9853490836493144,1.0
1425,SLSN-II/sn2018lqi.p0028.dat,E,7.3998712473404025,0.07,0.06708371862087524,0.6001026542888585,-2.0,1.0
1426,SNIa-CSM/snPTF12efc.p0036.dat,E,7.400372240260073,0.08,0.09274581536903202,0.4233001570264315,-1.993299473094563,0.959203685529549
1427,SNIb/sn2008D.m0014.dat,E,7.402925974641178,0.07,0.08906694358839298,0.3849502986604697,-2.0,1.0
1428,SNIa-SS/sn1998es.p0017.dat,E,7.405082338489653,0.07,0.043798123552773294,0.6919726671816064,-2.0,1.0
1429,Gap/sn2002kg.p0779.dat,E,7.409736282776064,0.07,0.05260906918636415,0.7002343426813387,-2.0,1.0
1430,Gap/snLSQ13zm.p0028.dat,E,7.41429564131515,0.07,0.08634043938624304,0.456251239215956,-1.8796439811796548,1.0
1431,SLSN-I/snPTF12dam.p0088.dat,E,7.414614561156284,0.07,0.0686028017892264,0.614878478084912,-2.0,1.0
1432,SLSN-IIn/snPTF10scc.p0038.dat,E,7.416825304077427,0.07,0.07654871454224156,0.5660553870879271,-2.0,1.0
1433,SNIa-CN/sn2006le.p0015.dat,E,7.42019824007134,0.07,0.04643950682419299,0.6712900272811066,-2.0,1.0
1434,Gap/sn2017be.p0007.dat,E,7.425503296600825,0.07,0.07066598207627774,0.5413511292031747,-2.0,1.0
1435,SNII/sn2006bp.p0016.dat,E,7.4265094637190145,0.07,0.06246049000290269,0.5852645086745436,-2.0,0.9814076666035776
1436,SNIb-pec/sn2007uy.m0011.dat,E,7.427702432201341,0.12000000000000001,0.07165274171701166,0.527215718000511,-2.0,1.0
1437,SNIIn/snLSQ12hxg.p0060.dat,E,7.430385308501032,0.07,0.05329076992167744,0.6920395417036376,-2.0,1.0
1438,SLSN-IIn/snPTF10jwd.p0005.dat,E,7.434107178916754,0.07,0.08349515932857474,0.6290858154570913,-2.0,1.0
1439,SLSN-II/sn2020hgr.p0001.dat,E,7.437341527998358,0.07,0.04819381858031977,0.7297302500464314,-1.969753437362799,1.0
1440,SNIa-CL/sn2002jg.p0009.dat,E,7.439443025511462,0.08,0.0725393178517274,0.46756751283684866,-2.0,1.0
1441,SNIa-CL/sn2007al.p0003.dat,E,7.440396968377542,0.08,0.11063510691793121,0.23221157401807105,-2.0,1.0
1442,SNIb-n/sn2006jc.p0013.dat,E,7.442253058720349,0.07,0.04598138054874562,0.8458490919792809,-1.9882331265856648,1.0
1443,SNII/sn2005cs.p0014.dat,E,7.442385300620101,0.07,0.04901887528753721,0.660406283744881,-2.0,1.0
1444,SNIIn/sn2006aa.p0018.dat,E,7.447454388394709,0.07,0.05112335439718286,0.6825566544265381,-2.0,1.0
1445,SLSN-II/sn2019kwr.p0077.dat,E,7.4484031135688635,0.07,0.06886722268463971,0.5234541850521358,-2.0,1.0
1446,SNIa-CL/sn1999by.p0003.dat,E,7.449455889296908,0.08,0.0476582750193405,0.5054445052015807,-2.0,1.0
1447,SNIb-n/sn2006jc.p0012.dat,E,7.45181428139521,0.07,0.025778069874619957,0.8362954637645272,-1.9676080699506113,1.0
1448,SNIIn/sn2000eo.p0020.dat,E,7.457336487945415,0.07,0.07170554240293339,0.5016170388483526,-2.0,1.0
1449,SNII/sn2006bp.p0012.dat,E,7.462844388253536,0.07,0.05395129022709415,0.6391873440862804,-2.0,0.9801310097540518
1450,SNII/sn2012aw.p0006.dat,E,7.463427025744747,0.07,0.13810045097488013,0.6914763538797354,-1.0957790865000745,1.0
1451,SNIb/sn2005bf.p0007.dat,E,7.467783684227419,0.07,0.0743744055681715,0.5478356185631585,-2.0,1.0
1452,SNIa-CN/sn1998aq.p0090.dat,E,7.476634084011433,0.07,0.03804760668641475,0.7534363596606779,-2.0,1.0
1453,SNIc/sn1994I.m0004.dat,E,7.476945968148947,0.07,0.06429575140280204,0.5772173627907622,-1.9776313306193778,1.0
1454,SNIc/sn2004gt.p0142.dat,E,7.482578652252639,0.07,0.06989135070637952,0.7212060705168718,-1.8587459319662876,1.0
1455,SNIa-CN/sn2007F.p0018.dat,E,7.48739967090991,0.07,0.0415625541272921,0.7130321060137497,-2.0,1.0
1456,SLSN-II/sn2008am.max.dat,E,7.488029633005718,0.07,0.09555868414684943,0.4867380613321935,-1.9550559034666763,0.9607399210861545
1457,SLSN-II/sn2020yue.p0003.dat,E,7.492964342858848,0.07,0.07570887502228496,0.6790172220193462,-2.0,1.0
1458,SNIIn/sn2005bx.m0015.dat,E,7.497118109976638,0.07,0.044314195243554795,0.7426768311692501,-1.9915188081058353,1.0
1459,SNIa-BL/sn2003kc.p0015.dat,E,7.502906196201785,0.07,0.062032616998286896,0.5829175667882706,-2.0,1.0
1460,SNIb/sn2009jf.p0085.dat,E,7.505624943015858,0.07,0.13505871968158353,0.036609160067957294,-2.0,1.0
1461,SNIb-n/sn2006jc.p0020.dat,E,7.507814262418126,0.07,0.047942343215240435,0.8384666930160363,-2.0,1.0
1462,SNIIn/sn2000eo.p0017.dat,E,7.521610663238299,0.07,0.08827393830230629,0.4201247160149256,-2.0,1.0
1463,SNIc/sn2005az.m0009.dat,E,7.523982589167751,0.07,0.0689627070751938,0.5131270298902441,-1.958788384430426,1.0
1464,SNIIn/sn2006aa.p0075.dat,E,7.524085184602713,0.07,0.048552396315001696,0.68568274559715,-2.0,1.0
1465,SNIb/sn2008D.m0020.dat,E,7.524299524719077,0.07,0.09357205202173471,0.4435025761878289,-1.9790196572354999,1.0
1466,SNIc/sn1994I.p0038.dat,E,7.52465027741907,0.07,0.0752108426693124,0.48066019348566974,-2.0,1.0
1467,SNIc-bl/sn2006aj.m0006.dat,E,7.524667864649547,0.07,0.07485290392138047,0.6268067607635612,-2.0,0.9920059042812513
1468,SNIIn/sn2006bo.p0021.dat,E,7.525172591445835,0.07,0.07133278886266055,0.5316777073286945,-2.0,1.0
1469,SNIIn/snPTF10gvf.m0007.dat,E,7.525494114658818,0.07,0.06387223410213758,0.6994590762724447,-1.8671900869762141,1.0
1470,SNIc/sn1994I.m0003.dat,E,7.526700161043576,0.07,0.048590383453614654,0.5947275526747645,-2.0,1.0
1471,SNIIb/sn1993J.m0017.dat,E,7.527941304183161,0.13,0.4795113255247934,0.31130951583933747,-0.42939941875757087,0.9819354985597359
1472,SNIa-CN/sn1995D.p0015.dat,E,7.530300877672128,0.08,0.046614999867614734,0.6977766718160987,-2.0,0.9617725513196481
1473,SNIa-CL/sn2002eu.p0011.dat,E,7.530929825974598,0.07,0.05876577357647843,0.6177177824634077,-2.0,1.0
1474,SNIb/sn2005hg.m0001.dat,E,7.531030297422015,0.07,0.063702378547692,0.608820122715787,-2.0,1.0
1475,SNIIn/sn2005db.p0141.dat,E,7.532900810940054,0.07,0.05904853053938671,0.6901950066056541,-2.0,1.0
1476,SNIb-n/sn2006jc.p0017.dat,E,7.534617750877714,0.07,0.04845302485861919,0.832667096003528,-2.0,1.0
1477,SLSN-IIn/snPTF10qaf.p0032.dat,E,7.535201251999503,0.07,0.06800184101053215,0.5610472042874334,-2.0,1.0
1478,SNIa-CN/sn2005kc.p0012.dat,E,7.536259636416035,0.07,0.055688366702980115,0.6114317488530829,-2.0,1.0
1479,SNII/sn2002gd.p0009.dat,E,7.536713604471551,0.07,0.06296140279214027,0.6583617062286495,-2.0,1.0
1480,SLSN-II/sn2008es.p0055.dat,E,7.536934177638683,0.07,0.05993595972162259,0.6242995746059669,-2.0,1.0
1481,SLSN-I/snPTF12dam.p0215.dat,E,7.543471994169628,0.07,0.06527008594258737,0.6739666892160004,-2.0,1.0
1482,SLSN-II/snCSS121015.p0016.dat,E,7.551003171371503,0.08,0.1964773572807461,0.6168580877662911,-1.2849713869055812,1.0
1483,Gap/sn2006bv.p0003.dat,E,7.552896410581338,0.07,0.07051608844346813,0.6224031494406504,-2.0,1.0
1484,SNIIb/sn1998fa.m0005.dat,E,7.554457699044372,0.07,0.07279407300504807,0.5857424323079369,-2.0,1.0
1485,SNIc-bl/sn2006aj.p0001.dat,E,7.56350890824958,0.12000000000000001,0.07822720249992768,0.43411586256882034,-2.0,1.0
1486,SNIc-bl/sn2006aj.m0005.dat,E,7.567637781042304,0.07,0.0728578567547721,0.6517997623551735,-2.0,0.9897580816834382
1487,SLSN-II/snCSS121015.p0400.dat,E,7.574745962533795,0.11000000000000001,0.11064879075229163,0.07477678654743558,-2.0,1.0
1488,SNIIn/sn2008fq.p0007.dat,E,7.574771013239336,0.07,0.090168481842626,0.37865553950433556,-2.0,1.0
1489,SNIc-bl/sn2006aj.m0004.dat,E,7.5811671707974355,0.07,0.07369470762023088,0.6446846994056937,-2.0,0.9920059042812513
1490,SNIa-BL/sn1996bo.p0007.dat,E,7.582106903967627,0.08,0.05491516184043707,0.6034269735300414,-2.0,1.0
1491,SNIc-bl/sn1997ef.p0017.dat,E,7.585515332287468,0.07,0.08291767811701838,0.4559543704948528,-2.0,1.0
1492,SNII/sn2006bp.p0010.dat,E,7.586076848727844,0.07,0.05598015008130146,0.6277156744057429,-2.0,0.9814076666035776
1493,SNII/sn2005cs.p0004.dat,E,7.588085132459309,0.07,0.0713446774715759,0.7053661238580846,-1.5267252682258314,1.0
1494,SNIc/sn2004gt.p0132.dat,E,7.5886391171371175,0.07,0.06449101668667945,0.7019304812700345,-2.0,1.0
1495,SNIa-CN/sn2000E.p0118.dat,E,7.591296678651236,0.07,0.03233413591743273,0.7720789735799988,-2.0,1.0
1496,SNIIb/sn2008ax.m0013.dat,E,7.593554131416359,0.07,0.07094917517022767,0.5375313429100206,-2.0,1.0
1497,SNIb-n/sn2006jc.p0019.dat,E,7.594855338047179,0.07,0.04833303897675153,0.8360467212141158,-2.0,1.0
1498,SLSN-II/sn2020bfe.p0071.dat,E,7.5951529073278925,0.07,0.07144755227320562,0.5192586904628957,-2.0,1.0
1499,SNIIn/snLSQ12hxg.p0020.dat,E,7.599714707231244,0.07,0.07973398264997293,0.7343222051783528,-1.8287164745219235,0.9965082951924938
1500,Gap/sn2007sv.p0022.dat,E,7.610553876458456,0.07,0.07822257835719684,0.5378434521802913,-2.0,0.9801310097540518
1501,SNIa-BL/sn1997do.p0014.dat,E,7.61522774892825,0.07,0.043654190267939236,0.6891940507183529,-2.0,1.0
1502,SNIc/sn2004fe.p0237.dat,E,7.616752215710567,0.07,0.05503838982733233,0.7175248929340151,-2.0,1.0
1503,SNIa-BL/sn2007bm.p0010.dat,E,7.62783508884977,0.07,0.0607315446967994,0.5688667782766903,-1.9774370823252565,1.0
1504,SNIc-bl/sn2003jd.p0054.dat,E,7.631475611518805,0.07,0.07451327903161487,0.5309950251400016,-2.0,1.0
1505,SNIa-SS/sn1999dq.p0017.dat,E,7.63248150524816,0.07,0.057028016244243175,0.599173751112284,-2.0,1.0
1506,SNIIn/snLSQ12hxg.p0048.dat,E,7.646933554599096,0.07,0.05112616905113222,0.702520471614232,-2.0,1.0
1507,SNIc/sn2004gt.p0167.dat,E,7.649388391564873,0.07,0.05858703699722936,0.7309208854370147,-2.0,1.0
1508,SNIa-SS/sn2003hu.p0012.dat,E,7.654884007303081,0.08,0.08966002593903849,0.4716629933047252,-1.9322069095539716,0.9635113196480938
1509,SNIa-CN/sn2004L.p0032.dat,E,7.665614744168085,0.07,0.10986778799657793,0.3967357547685089,-1.8537315398122929,1.0
1510,SNIa-BL/sn2001N.p0011.dat,E,7.668283617086108,0.07,0.07383180976040511,0.46193657541140504,-2.0,1.0
1511,SNIIn/sn1995G.p0036.dat,E,7.669338102759985,0.07,0.059697627559972065,0.616227836424411,-2.0,1.0
1512,SNII/sn2012aw.p0008.dat,E,7.669913853183031,0.07,0.05527190395169052,0.7160515260370691,-1.9001777653117,1.0
1513,SNIb-n/sn2006jc.p0006.dat,E,7.670180950718498,0.12000000000000001,0.04243316356957196,0.7549714944931876,-1.9029109653787724,1.0
1514,SNIb-n/sn2006jc.p0030.dat,E,7.67047004457533,0.07,0.047854007196178175,0.8363068869701168,-2.0,1.0
1515,SNIa-BL/sn2002cd.p0003.dat,E,7.6706374523957574,0.1,0.12906917298642417,0.22273823250841993,-1.7229279076806192,1.0
1516,SNIIn/snLSQ12hxg.p0010.dat,E,7.676455651323299,0.07,0.047231484146530694,0.7438616012947484,-1.9230809537101314,1.0
1517,SNII/sn1999em.p0004.dat,E,7.685947698790094,0.07,0.05582888781273242,0.7077954786326145,-2.0,1.0
1518,SNII/sn2013am.p0004.dat,E,7.688245611080512,0.07,0.07961069104564528,0.5090638907976085,-2.0,1.0
1519,SNIa-BL/sn2007af.p0124.dat,E,7.6897405169775634,0.07,0.026902385643947833,0.8137114536805858,-2.0,1.0
1520,SNII/sn1999em.p0010.dat,E,7.694897149656866,0.07,0.04429197091325244,0.7050598546360741,-1.9382279781360334,1.0
1521,SNII/sn2005cs.p0008.dat,E,7.6961668471271825,0.07,0.059250389043455226,0.7081332832998077,-1.8227095129174402,1.0
1522,SNIc/sn1994I.p0040.dat,E,7.697151994385665,0.07,0.05890013993368468,0.662463371316763,-2.0,1.0
1523,SNIa-CL/sn2000dk.p0010.dat,E,7.70364736672385,0.07,0.054147681150816904,0.6641174963588434,-1.9596887516436294,1.0
1524,SNIIn/snASASSN-14il.m0011.dat,E,7.7042767088231345,0.07,0.07022817828258388,0.7222692714109294,-1.6058707401471173,1.0
1525,SNIa-CN/sn2003cg.p0003.dat,E,7.705144491182586,0.09000000000000001,0.10900092722179076,0.1690948854100496,-2.0,1.0
1526,SNIa-BL/sn1998ec.p0012.dat,E,7.705793444529168,0.08,0.05356578414180805,0.6095629721955539,-2.0,1.0
1527,SNIa-SS/sn2007S.p0064.dat,E,7.720972540471778,0.07,0.0908647675616707,0.40617500944743384,-2.0,1.0
1528,SNIb/sn2005hg.m0002.dat,E,7.73136189018301,0.07,0.09482903270364292,0.5731835606139579,-1.629144611106113,1.0
1529,SNIIn/sn2006aa.p0024.dat,E,7.731494514811088,0.07,0.049930202846359635,0.6901355651133566,-2.0,1.0
1530,SLSN-I/snPTF10hgi.p0113.dat,E,7.731828466318046,0.07,0.05593564617991269,0.6346520979011231,-2.0,1.0
1531,SNIIb/sn1993J.m0018.dat,E,7.734327915573266,0.07,0.04685971923146522,0.7155723841390638,-1.961169729741095,1.0
1532,SNIa-BL/sn2002dp.p0013.dat,E,7.735541761346389,0.07,0.04717461637845345,0.6863225365928118,-2.0,1.0
1533,SNIa-CN/sn1998co.p0036.dat,E,7.740887640658822,0.07,0.09424927946268882,0.4228029780054599,-1.9692113164946838,1.0
1534,SNIb-n/sn2006jc.p0011.dat,E,7.741150292209857,0.07,0.047608431748706534,0.8364858650830002,-2.0,1.0
1535,SLSN-I/snPTF12dam.p0058.dat,E,7.749248714668908,0.07,0.06306905562081234,0.6343881492675808,-2.0,1.0
1536,SNIa-CL/sn2007fb.p0015.dat,E,7.752503114420553,0.07,0.05006537368989143,0.6781540970695558,-2.0,1.0
1537,SNIa-CN/sn2001fh.p0009.dat,E,7.752671925597838,0.08,0.10502316849469133,0.24136716113714765,-2.0,1.0
1538,SNIa-BL/sn2007le.p0012.dat,E,7.7547196844841135,0.07,0.04337907590679802,0.6860612762841611,-2.0,1.0
1539,SNIIn/snLSQ12hxg.p0013.dat,E,7.758275783402272,0.07,0.07409170033223846,0.7462506858618283,-1.8724651994244201,0.9965082951924938
1540,SLSN-I/snPTF10hgi.p0100.dat,E,7.758670288573338,0.07,0.13152401204773542,0.5740470093204232,-1.4246873743502395,1.0
1541,SLSN-IIn/snPTF10tpz.p0037.dat,E,7.760623197858897,0.07,0.11008252616283873,0.310479716521601,-2.0,1.0
1542,Gap/sn2001ac.p0005.dat,E,7.760801638398916,0.07,0.06810394984870877,0.5980487332413034,-2.0,1.0
1543,SNIIb/sn1996cb.p0190.dat,E,7.767533973123301,0.11000000000000001,0.06076686988336058,0.5940134463303502,-1.9590583719568135,1.0
1544,SNIa-CSM/sn2012ca.p0527.dat,E,7.7782033342183885,0.07,0.09581026021892504,0.4097230826277031,-2.0,1.0
1545,SNIc-bl/sn2002ap.m0002.dat,E,7.780790843329749,0.07,0.04666166040246003,0.6418018250746004,-2.0,1.0
1546,SNIIn/sn2008fq.p0014.dat,E,7.780888666182273,0.07,0.109666265391076,0.24320837937812143,-2.0,1.0
1547,SNIIb/sn1996cb.p0114.dat,E,7.788295922185126,0.11000000000000001,0.07166386134797166,0.5664067487737376,-2.0,1.0
1548,SNIIb/sn1993J.max.dat,E,7.793000593530698,0.07,0.07520848455535721,0.49243940114536955,-2.0,1.0
1549,SNIc/sn1994I.m0002.dat,E,7.796611324609582,0.07,0.057875080848497545,0.6032328133394655,-2.0,1.0
1550,SNIa-BL/sn2001N.p0010.dat,E,7.800187093848638,0.07,0.06814081013866993,0.4903024722980839,-2.0,1.0
1551,SNIb-n/sn2006jc.p0010.dat,E,7.801841012814028,0.07,0.0479489819489273,0.831851325588983,-2.0,1.0
1552,SNIc/sn2004gt.p0081.dat,E,7.803661506854946,0.07,0.07124987038214688,0.64550984318193,-2.0,1.0
1553,SNIc/sn2004ge.p0006.dat,E,7.809822982286921,0.07,0.14075887405893112,0.0,-2.0,1.0
1554,SNIa-CSM/sn2017eby.p0015.dat,E,7.811271787772817,0.07,0.07076101360448034,0.5278613517156999,-2.0,1.0
1555,SNIIn/sn1999Z.p0003.dat,E,7.831590241355867,0.07,0.07857778747448385,0.5635865351607502,-2.0,0.9920059042812513
1556,SNIIn/sn2006aa.p0041.dat,E,7.834107950718712,0.07,0.13948412833119042,0.8084014910474574,-0.20963739436069553,1.0
1557,SNIc/sn2004gt.p0100.dat,E,7.835104512839941,0.07,0.06614615110318485,0.6800535616658547,-2.0,1.0
1558,SNII/sn2005cs.p0017.dat,E,7.835679132345245,0.07,0.05198666946175837,0.6386909739225937,-2.0,1.0
1559,SNIa-CN/sn2001br.p0053.dat,E,7.836410222733676,0.07,0.13184550611813958,0.12459652634493854,-1.9789216146119752,1.0
1560,SNII/sn1999em.p0021.dat,E,7.837707927376451,0.07,0.058931371911857586,0.6334359530282524,-2.0,1.0
1561,SNII/sn2012aw.p0029.dat,E,7.838106493318998,0.07,0.058516135253826984,0.5879922776879334,-2.0,1.0
1562,SNIa-CN/sn2006lf.p0009.dat,E,7.8381585341617654,0.08,0.0686861331457103,0.4581290898549152,-2.0,1.0
1563,SNIIn/sn2006aa.p0043.dat,E,7.860877198878384,0.07,0.04697818074370643,0.7111921033082459,-2.0,1.0
1564,SLSN-I/snPTF11rks.p0013.dat,E,7.863208693254133,0.09000000000000001,0.06739133995046041,0.515424414914721,-2.0,1.0
1565,SNIIn/sn2005kj.p0106.dat,E,7.863267311902561,0.07,0.07659229621941165,0.45044175435868755,-2.0,1.0
1566,Gap/sn2002kg.p0399.dat,E,7.864165785193304,0.07,0.05976287574599401,0.6941478423051426,-2.0,1.0
1567,SNII/sn1999em.p0003.dat,E,7.871313868040554,0.07,0.053178806631798324,0.7317109946435384,-2.0,1.0
1568,SNIc-bl/sn1997ef.p0021.dat,E,7.874569900888883,0.07,0.09915148497379987,0.3454375198345529,-2.0,1.0
1569,Gap/sn2017be.p0026.dat,E,7.874941485185801,0.07,0.09933500113584035,0.298920884678401,-2.0,1.0
1570,SNIIn/snLSQ12heq.p0013.dat,E,7.875595801669181,0.07,0.0549884015670525,0.7528189641801374,-2.0,1.0
1571,SNIc-bl/sn1997ef.p0018.dat,E,7.876310157743761,0.07,0.09221736708502078,0.38188997074197517,-2.0,1.0
1572,SNIIn/sn1995G.p0003.dat,E,7.880820030894731,0.07,0.06566813128887938,0.7033151536423419,-2.0,0.9965082951924938
1573,SNII/sn2005cs.p0005.dat,E,7.880842402273481,0.07,0.035686046507431846,0.7676626683285926,-2.0,0.9750116030145001
1574,SNIc-bl/sn2003jd.p0046.dat,E,7.881260891262834,0.07,0.07124890357405496,0.5569010651276525,-2.0,1.0
1575,SNIIn/sn2005kj.p0007.dat,E,7.882712091831269,0.07,0.05514411854124443,0.668976874042404,-2.0,0.9897580816834382
1576,SNIc-bl/sn2006aj.p0002.dat,E,7.883038690214383,0.07,0.06341133187129867,0.5681412974968891,-2.0,0.9897580816834382
1577,SNIIn/sn2006aa.p0049.dat,E,7.884088788971215,0.07,0.04796890705725846,0.7174141202057985,-1.9506222686055428,1.0
1578,SNIa-CN/sn2000fa.p0016.dat,E,7.88470111148928,0.07,0.037312311031726546,0.730821555710667,-2.0,1.0
1579,SNIc-bl/sn1998bw.p0003.dat,E,7.887703830825073,0.07,0.04742209403558972,0.6552751135957868,-2.0,1.0
1580,SNIa-CN/sn2001G.p0065.dat,E,7.8945885054818845,0.07,0.07310304836354518,0.4944783889040912,-2.0,1.0
1581,SNIa-CN/sn2005na.p0016.dat,E,7.896629335335488,0.07,0.050412749598255494,0.67070060661125,-2.0,1.0
1582,SNIc-bl/sn2003jd.p0072.dat,E,7.897456097278946,0.07,0.06848115347205334,0.591646010834534,-2.0,1.0
1583,SNIc/sn2004gt.p0043.dat,E,7.899033431592443,0.07,0.07632995011761542,0.594633911734981,-2.0,1.0
1584,SNIa-CN/sn1998aq.p0018.dat,E,7.9000409293526195,0.07,0.0438022257386243,0.7129346164498086,-1.9750242399073212,1.0
1585,SNIa-CL/sn2002es.p0009.dat,E,7.90089045269848,0.07,0.09000367991589187,0.39650956089039263,-2.0,1.0
1586,SNII/sn2012aw.p0011.dat,E,7.901108913256223,0.07,0.0529118105677762,0.7455791026325563,-1.9851489379694565,1.0
1587,SNIc/sn2004aw.p0002.dat,E,7.908046755687072,0.07,0.07669897253061721,0.4268179165497384,-2.0,1.0
1588,SNIa-BL/sn2001en.p0014.dat,E,7.908791476112409,0.07,0.04280431744882488,0.7033532673438052,-2.0,1.0
1589,Gap/snLSQ13zm.p0042.dat,E,7.910771242753222,0.07,0.06863627767104623,0.5285990824127917,-2.0,1.0
1590,SNIIn/sn1999eb.p0041.dat,E,7.911544766252578,0.07,0.06431434581174636,0.6695493303606194,-2.0,1.0
1591,SNIa-CN/sn2002fk.p0103.dat,E,7.9126449181649905,0.07,0.03254345776474526,0.7779889142889592,-2.0,1.0
1592,SNIIn/sn1999eb.p0002.dat,E,7.9128076179478,0.07,0.06323786470518765,0.6810155620542776,-2.0,1.0
1593,SNIa-CL/sn2003Y.m0003.dat,E,7.9173659593070695,0.07,0.06054662721167012,0.602972069076584,-2.0,1.0
1594,SNII/sn1999br.p0016.dat,E,7.925090622382606,0.07,0.05194032715030294,0.6684148650185786,-2.0,1.0
1595,SLSN-II/sn2020hgr.m0010.dat,E,7.930167397858047,0.07,0.042782602588843734,0.765812763880814,-2.0,1.0
1596,SNII/sn2012aw.p0013.dat,E,7.932416084750808,0.07,0.061883432749179595,0.68774460904789,-2.0,1.0
1597,SNIa-BL/sn2006ac.p0013.dat,E,7.934430348453129,0.07,0.038805526960383425,0.7250184985964618,-2.0,1.0
1598,SNIa-BL/sn2003ch.p0015.dat,E,7.939819389977515,0.07,0.04522145089958722,0.6959780142757074,-2.0,1.0
1599,SNIb/sn2008D.m0018.dat,E,7.943855979314023,0.07,0.08311008002917993,0.5087460343913152,-2.0,1.0
1600,SNIa-CN/sn2006cf.p0017.dat,E,7.946940507982751,0.07,0.0488009402284952,0.6832626075369332,-2.0,0.9726878005865102
1601,SNIa-CN/sn2001fe.p0062.dat,E,7.949922095447695,0.07,0.06542565851161827,0.5633814403135055,-2.0,1.0
1602,SNIc-bl/sn2002ap.m0001.dat,E,7.951765638844073,0.07,0.05420373935093132,0.6223399450653893,-2.0,1.0
1603,SNIIn/sn1999eb.p0001.dat,E,7.951919692788419,0.07,0.06575171991257706,0.6567786597874101,-2.0,1.0
1604,SNIa-BL/sn2001bg.p0014.dat,E,7.952567785405834,0.07,0.04056733198954867,0.7130824586240029,-2.0,1.0
1605,SNIa-BL/sn1995al.p0015.dat,E,7.956695901102714,0.07,0.04161701017376785,0.7056458166699459,-2.0,1.0
1606,SNIc-bl/sn1997ef.p0016.dat,E,7.958065492148217,0.07,0.0858224183097746,0.42815302446239517,-2.0,1.0
1607,SNIc/sn2007gr.p0005.dat,E,7.959778977977073,0.07,0.06799762496904929,0.5121355235689115,-2.0,1.0
1608,SNIa-SS/sn2007if.p0119.dat,E,7.960185401629532,0.07,0.03436489965908907,0.7373136833371767,-2.0,1.0
1609,SLSN-II/sn2008es.p0082.dat,E,7.9604069849401995,0.07,0.06237952517694341,0.583590971424595,-2.0,1.0
1610,SNIIb/sn1996cb.p0095.dat,E,7.969942092059659,0.11000000000000001,0.07006683196194448,0.5435020020005141,-2.0,1.0
1611,SNIIn/snLSQ12hxg.p0030.dat,E,7.9710298856043265,0.07,0.05101891491468356,0.7040332156574997,-2.0,1.0
1612,SNIa-BL/sn2002bf.p0016.dat,E,7.977694093887076,0.07,0.07491346525367362,0.4634149234439933,-2.0,1.0
1613,SNII/sn2004et.p0022.dat,E,7.984291588489497,0.07,0.09982130428922056,0.3145291860255617,-2.0,1.0
1614,SNIb-n/sn2006jc.p0009.dat,E,7.988263473308052,0.07,0.04732944943092372,0.8377622458723177,-2.0,1.0
1615,SNIa-CN/sn1995D.p0093.dat,E,7.992947374264267,0.07,0.036501457048303314,0.7659594380613701,-2.0,1.0
1616,SNII/sn2002gd.p0023.dat,E,7.993715804585406,0.07,0.063253067431825,0.5677393241027221,-2.0,1.0
1617,SNIa-SS/sn2007S.p0059.dat,E,8.001006878408557,0.07,0.08695347700870841,0.4359312312239043,-2.0,1.0
1618,SNIa-SS/sn2008Z.p0080.dat,E,8.001413631227523,0.07,0.08245784897705907,0.47014728515707793,-2.0,1.0
1619,SNIIn/sn1999eb.p0015.dat,E,8.003480999707921,0.07,0.06820112612581995,0.677037126893515,-1.9365651745517567,1.0
1620,SNIc/sn1994I.p0036.dat,E,8.003717884948834,0.07,0.05271753979699134,0.7257977030443197,-2.0,1.0
1621,SNIa-CN/sn1999ac.p0012.dat,E,8.006523263600917,0.07,0.051776466529220154,0.6356496264578403,-2.0,1.0
1622,SNIb/sn2008D.m0017.dat,E,8.008193847659513,0.07,0.08195981221308646,0.4925642389275051,-2.0,1.0
1623,SNIIb/sn2000H.p0003.dat,E,8.009642978374108,0.07,0.0713309901735127,0.5237402885277005,-2.0,1.0
1624,SNIa-BL/sn2001N.p0032.dat,E,8.012803609859478,0.07,0.1077392302410417,0.2864896901614527,-2.0,1.0
1625,SNIIn/sn2003G.max.dat,E,8.021377392889631,0.07,0.05258097566902399,0.7018276965547325,-2.0,1.0
1626,SLSN-IIn/snPTF10tpz.p0003.dat,E,8.022608572415134,0.07,0.09504605978901945,0.41916875716280116,-2.0,1.0
1627,SNII/sn2012aw.p0010.dat,E,8.024312207036347,0.07,0.044267900588936294,0.7323546259637118,-2.0,1.0
1628,Gap/sn2019ahd.m0010.dat,E,8.02502158144504,0.08,0.12231951263182621,0.22399508051103514,-1.9189491413230895,1.0
1629,SNIc-bl/sn1998bw.m0001.dat,E,8.02719205837785,0.07,0.04353430720584135,0.6981114087400131,-2.0,1.0
1630,SNIc/sn2004gt.p0070.dat,E,8.033473874213303,0.07,0.07187386435844559,0.6362729391846688,-2.0,1.0
1631,SNIb-n/sn2006jc.p0008.dat,E,8.036020282403317,0.07,0.047875493791552384,0.8355254227253288,-2.0,1.0
1632,SNIb-n/sn2006jc.p0035.dat,E,8.040907280463898,0.07,0.04739138234097383,0.8356110701294938,-2.0,1.0
1633,SNIc-bl/sn2002ap.m0000.dat,E,8.05087865472652,0.07,0.05145607525033758,0.630665991432956,-2.0,1.0
1634,SNIc-bl/sn2003jd.p0055.dat,E,8.057043324232575,0.07,0.07045920933347156,0.5649108800809483,-2.0,1.0
1635,SNIc/sn1994I.p0021.dat,E,8.070001104270181,0.07,0.07460929439448624,0.508026263012477,-2.0,1.0
1636,SNIc/sn2005az.m0002.dat,E,8.074052858097335,0.07,0.07429016542307226,0.45774320552990855,-1.97346888938274,1.0
1637,Gap/sn2017jfs.p0009.dat,E,8.075268106672818,0.07,0.053102541976695145,0.6610326517628486,-2.0,1.0
1638,SNIa-CN/sn2004L.p0035.dat,E,8.077492061332938,0.07,0.10707271900985484,0.3156460243461708,-2.0,1.0
1639,Gap/sn2017be.p0040.dat,E,8.081922859216013,0.07,0.09480279592663284,0.39376842926384,-2.0,1.0
1640,SNIc/sn1994I.p0022.dat,E,8.083130572410408,0.07,0.0702919948051754,0.5434257397449082,-2.0,1.0
1641,SNIIn/sn2006qq.p0072.dat,E,8.08381987288212,0.07,0.08796433314748461,0.46838088762436947,-1.919286694895631,1.0
1642,SNIIb/sn2006el.p0016.dat,E,8.087937672609677,0.07,0.08518950140901195,0.48037384434720776,-2.0,1.0
1643,SNIIn/sn1999eb.p0009.dat,E,8.088924804397942,0.07,0.062197702310954624,0.6922531036386257,-2.0,1.0
1644,SNIb-pec/sn2007uy.m0006.dat,E,8.094598830759274,0.07,0.05971120201780835,0.5982218473979464,-2.0,1.0
1645,SNIb/sn2008D.m0015.dat,E,8.097366451157324,0.07,0.08715769670756253,0.41035844782479547,-2.0,1.0
1646,SNIa-SS/sn2001V.p0105.dat,E,8.102454675685625,0.07,0.022739009629367903,0.7650216449379635,-2.0,1.0
1647,SNIa-SS/sn2005eu.p0038.dat,E,8.10497461436996,0.07,0.09683421646108518,0.3722355260168556,-2.0,0.9888068328445747
1648,SNIb/sn2007ag.m0001.dat,E,8.105494045706001,0.07,0.09554595318993837,0.3622359748132558,-2.0,1.0
1649,SNIa-CL/sn1998de.p0003.dat,E,8.111346686432398,0.08,0.06498094258837774,0.500743529226306,-2.0,1.0
1650,SNIc-bl/sn1998bw.m0006.dat,E,8.111424945191068,0.07,0.04365005105003864,0.7024512579348616,-2.0,1.0
1651,SLSN-II/sn2019xfs.p0029.dat,E,8.114035538254312,0.07,0.08265908060260138,0.36419318559647257,-2.0,1.0
1652,SNIIn/sn2000bg.p0027.dat,E,8.11643006199452,0.07,0.2250744801176652,0.18861420072948673,-1.3792170029572361,1.0
1653,SNIa-CN/sn2008ar.p0105.dat,E,8.116814476749221,0.07,0.01517633262472471,0.7768122375531382,-2.0,1.0
1654,SNIa-CL/sn2003Y.m0005.dat,E,8.11903735353159,0.07,0.06471035198792292,0.575350573229152,-2.0,1.0
1655,SNIa-CN/sn2008C.p0091.dat,E,8.122162684171027,0.07,0.06496880409880135,0.5734579243552712,-2.0,1.0
1656,SNIa-CSM/sn2012ca.p0495.dat,E,8.123326844132446,0.07,0.05031671208992611,0.6581436938777483,-2.0,1.0
1657,SNIa-CN/sn2003du.p0018.dat,E,8.126296734271698,0.07,0.04181729340381803,0.7226832521029095,-2.0,1.0
1658,SNIIb/sn1996cb.p0127.dat,E,8.12684514844725,0.11000000000000001,0.06715264531829855,0.5864611161210618,-2.0,1.0
1659,SNIIn/sn1995G.p0666.dat,E,8.1333885997208,0.07,0.05971663313120347,0.6149470996162606,-1.984730573746249,1.0
1660,SLSN-IIn/snPTF10fel.p0095.dat,E,8.141384736409217,0.07,0.06719289226209516,0.5548363666106894,-2.0,1.0
1661,SNIa-CN/sn1998V.p0015.dat,E,8.147724807095933,0.07,0.045839757576151594,0.6820658511404049,-2.0,1.0
1662,SNIb-pec/sn2007uy.m0005.dat,E,8.148664408815906,0.07,0.052106141874446156,0.606780836693727,-2.0,1.0
1663,SNIIn/snLSQ12heq.p0011.dat,E,8.152156679020502,0.07,0.054002410172996486,0.756513527782706,-2.0,1.0
1664,SNIIn/sn2010jl.p0019.dat,E,8.15251557403881,0.07,0.07178386082945272,0.6419303017717777,-2.0,1.0
1665,SNIa-BL/sn1997bq.p0011.dat,E,8.152840379928708,0.07,0.039895680015443996,0.7095544555381823,-2.0,1.0
1666,SNIa-CSM/sn2011km.p0363.dat,E,8.15290861992893,0.07,0.06028786245710176,0.6205235318945524,-2.0,1.0
1667,SNIc/sn2004fe.p0003.dat,E,8.154240814280588,0.07,0.048273958758100685,0.6897204117116028,-2.0,1.0
1668,SNIIb/sn1996cb.p0066.dat,E,8.154306246760015,0.11000000000000001,0.07487441819405852,0.5119775046936609,-2.0,1.0
1669,SNIa-CL/sn2003Y.m0006.dat,E,8.160680367474471,0.07,0.06511055710728568,0.5678500389033465,-2.0,1.0
1670,SNIa-CN/sn1996bl.p0013.dat,E,8.163804061970893,0.07,0.05308108692364185,0.6355736385589145,-2.0,1.0
1671,SNIa-SS/sn1999dq.p0018.dat,E,8.170607263206804,0.07,0.0577112361475181,0.5859008632232673,-2.0,1.0
1672,SNIc-bl/sn1998bw.m0007.dat,E,8.170808915595405,0.07,0.04061853338826438,0.7352339436817922,-2.0,1.0
1673,SNIa-CN/sn2000E.p0120.dat,E,8.171633772782766,0.07,0.032491085800168684,0.7647443650507844,-2.0,1.0
1674,SLSN-IIn/snPTF10tpz.p0060.dat,E,8.172885410939285,0.07,0.06869367972988227,0.5379514755967391,-2.0,1.0
1675,SLSN-II/sn2020bfe.m0014.dat,E,8.175071354167315,0.07,0.06007412935256349,0.7275286296516034,-1.9035553384433839,1.0
1676,SNIc-bl/sn1998bw.p0001.dat,E,8.180468441530554,0.07,0.04614404024136005,0.6662876129765695,-2.0,1.0
1677,SNIIn/sn2000P.p0045.dat,E,8.184204296782273,0.07,0.06622369094442465,0.5953225212137694,-2.0,1.0
1678,SNIc/sn2005mf.m0003.dat,E,8.187360642331772,0.07,0.05819989000777678,0.5780446153631915,-2.0,1.0
1679,SNII/sn2006bp.p0025.dat,E,8.190740378623534,0.07,0.07198392519021768,0.480028061597082,-2.0,0.9814076666035776
1680,SNIc/sn1994I.m0001.dat,E,8.193519967036604,0.07,0.05943835981264498,0.592903893653971,-2.0,1.0
1681,SNIc/sn1994I.p0056.dat,E,8.199054171441357,0.07,0.0700800301807343,0.5961515761465359,-1.9810539296357614,1.0
1682,SNIIn/sn2003G.m0007.dat,E,8.199371571807678,0.07,0.04627299005327942,0.7269357045262612,-2.0,1.0
1683,SNIc/sn2005az.p0023.dat,E,8.204216806397232,0.07,0.11433198428807435,0.2379210965269863,-2.0,1.0
1684,SNIb-n/sn2006jc.p0033.dat,E,8.205006253793055,0.07,0.04750224849638072,0.8363692907889393,-2.0,1.0
1685,SNIa-BL/sn2007le.p0013.dat,E,8.205860305381615,0.07,0.0405954999108752,0.6972059731016615,-2.0,1.0
1686,SNIIb/sn1996cb.p0147.dat,E,8.206072604717424,0.07,0.057286706978561926,0.707916796722666,-2.0,1.0
1687,SNII/sn1999em.p0007.dat,E,8.209891288185798,0.07,0.057950128362664645,0.7391799582264272,-2.0,1.0
1688,SNIc-bl/sn1998bw.m0002.dat,E,8.210638145532723,0.07,0.04604627878528479,0.6956035870148924,-1.9469249029158375,1.0
1689,SNIb-n/sn2006jc.p0007.dat,E,8.216774233521523,0.07,0.047627516592766886,0.8348445504449772,-2.0,1.0
1690,SNIb-n/sn2006jc.p0004.dat,E,8.22066538624913,0.07,0.047722596069729804,0.7929533650769193,-1.824722084430179,1.0
1691,SNIIb/sn1996cb.p0091.dat,E,8.226171557909597,0.11000000000000001,0.06470282225511148,0.5653766340698572,-2.0,1.0
1692,SNIa-SS/sn1998es.p0018.dat,E,8.231023430032003,0.07,0.04378496977235118,0.6966462120449581,-2.0,1.0
1693,SNII/sn1999em.p0009.dat,E,8.236307261891023,0.07,0.07825295566062757,0.6809346686678373,-1.7978890065749922,1.0
1694,SNIa-CN/sn2002fk.p0097.dat,E,8.239156951220169,0.07,0.03584320323678714,0.7656475820815563,-2.0,1.0
1695,SNIa-BL/sn1997do.p0015.dat,E,8.243360339508024,0.07,0.04065075351483022,0.7092026164516274,-2.0,1.0
1696,SNIIn/sn1999el.max.dat,E,8.247314826095693,0.07,0.08339429939412131,0.4738795726707228,-2.0,1.0
1697,SNIc/sn2005az.p0027.dat,E,8.248102798148604,0.07,0.10855049888530138,0.2761507953470493,-2.0,1.0
1698,SNIb/sn2008D.m0016.dat,E,8.25009050305714,0.07,0.08077031095008493,0.5014424104300486,-1.9536910452133753,1.0
1699,SNIa-SS/sn2001V.p0018.dat,E,8.250115204304771,0.07,0.04145161849653692,0.7074248490624484,-2.0,1.0
1700,SNIa-BL/sn1999gh.p0008.dat,E,8.263518539456237,0.07,0.048510959884758856,0.6681439919890123,-2.0,1.0
1701,SNIc-bl/sn1997ef.p0013.dat,E,8.264339720235936,0.07,0.07577983868964133,0.5034358207633104,-2.0,1.0
1702,SNIIn/sn1999el.m0004.dat,E,8.266057314172432,0.07,0.08100626385626525,0.49909605949623775,-2.0,1.0
1703,SNIIn/sn1999el.m0008.dat,E,8.276017199276712,0.07,0.08451466100955822,0.4844034765525496,-2.0,1.0
1704,SNIIn/sn2005db.p0007.dat,E,8.278749350024299,0.07,0.08001814294601114,0.5183047389014205,-1.9735881251441703,1.0
1705,SNIb-n/sn2006jc.p0042.dat,E,8.289735119390425,0.07,0.04856826429269381,0.8285692124280608,-2.0,1.0
1706,SNIa-SS/sn1998ab.p0050.dat,E,8.29180591093111,0.07,0.07668591092781431,0.5175292962170182,-2.0,1.0
1707,SNIc/sn2005az.max.dat,E,8.293626395315513,0.07,0.08073798043556832,0.4086601090296715,-2.0,1.0
1708,SNIIn/sn2005ip.p0018.dat,E,8.299537160465114,0.07,0.07571022690410402,0.5443906765682174,-2.0,1.0
1709,SNIc-bl/sn1998bw.p0004.dat,E,8.300933350193544,0.07,0.04990224331077928,0.6329262902865298,-2.0,1.0
1710,SNIa-CN/sn2001G.p0062.dat,E,8.34044510258462,0.07,0.06675075241785507,0.533486870699253,-2.0,1.0
1711,SNIa-CN/sn2004L.p0020.dat,E,8.340768779558873,0.07,0.09527217802631373,0.3817175984743567,-2.0,1.0
1712,SLSN-II/sn2018jkq.p0015.dat,E,8.34717766593889,0.07,0.05938831929059209,0.6996138821691913,-2.0,1.0
1713,SNIc-bl/sn1998bw.p0006.dat,E,8.352991340724644,0.07,0.05216114229208089,0.6151465484391575,-2.0,1.0
1714,SNIc/sn1994I.p0024.dat,E,8.353169541816635,0.07,0.0628971113739075,0.6012289677207315,-2.0,1.0
1715,SLSN-II/sn2020hgr.p0008.dat,E,8.353725715273487,0.07,0.0717604240522783,0.715292205185573,-1.905703309353963,1.0
1716,SLSN-I/sn2012il.p0055.dat,E,8.356942690819398,0.07,0.06748329431420047,0.37969246600975537,-2.0,1.0
1717,SLSN-I/sn2011kf.p0024.dat,E,8.368834721276315,0.07,0.06386603146682958,0.6927884129203452,-2.0,0.9585233332367881
1718,SNIc-bl/sn1997ef.p0014.dat,E,8.369044764971239,0.07,0.07618124437512405,0.4973990970823946,-2.0,1.0
1719,Gap/sn2007sv.p0010.dat,E,8.372868264526762,0.07,0.09806960156122554,0.38292203269554576,-2.0,1.0
1720,SNIIn/sn1999el.m0005.dat,E,8.377784903503372,0.07,0.08184296843746636,0.4857276613369463,-2.0,1.0
1721,SNIb/sn2007C.p0001.dat,E,8.37879563997063,0.07,0.112343565769808,0.25070599613458616,-1.9497794304227078,1.0
1722,SNIc/sn1994I.p0145.dat,E,8.393973753537246,0.07,0.060424423472930706,0.6052620322754642,-2.0,1.0
1723,SNIc/sn2005kl.p0070.dat,E,8.395164423299121,0.07,0.08342286545487403,0.5220309493485615,-2.0,1.0
1724,SNIc/sn1994I.p0055.dat,E,8.395374654740994,0.07,0.054177771403150325,0.6214957491333455,-2.0,1.0
1725,SNIc/sn2005az.m0004.dat,E,8.397397169532155,0.07,0.06881997440672712,0.49383404149288324,-2.0,1.0
1726,SNIIn/sn2005cl.p0015.dat,E,8.401344156539281,0.07,0.04843581925280925,0.7144760049416113,-2.0,1.0
1727,SNIa-CN/sn2002fk.p0095.dat,E,8.402328535752957,0.07,0.03376435772134351,0.7782947869736346,-2.0,1.0
1728,SNIb/sn2009jf.p0007.dat,E,8.402953429059187,0.07,0.07194219158126901,0.5025140164338502,-2.0,1.0
1729,SLSN-II/snCSS121015.max.dat,E,8.40451499744203,0.08,0.2715295516072306,0.6065825736456507,-1.1305573852089013,0.956988632381038
1730,SNIIn/sn2010jl.p0029.dat,E,8.405935832177484,0.07,0.0572475784096097,0.6527581205287953,-2.0,1.0
1731,SNIa-BL/sn2004dt.p0016.dat,E,8.407818124977876,0.07,0.05465168408399408,0.6445955824522861,-2.0,1.0
1732,SNIIn/sn2000P.p0058.dat,E,8.410027828488222,0.07,0.06293930881968483,0.6139450391046585,-2.0,1.0
1733,SNIc/sn2004fe.p0009.dat,E,8.412701816164168,0.07,0.0801308828171003,0.45059186991854866,-2.0,1.0
1734,SNIa-SS/sn2001az.p0020.dat,E,8.413587974932126,0.07,0.03261182578451712,0.7019656448521426,-2.0,1.0
1735,SNIa-CN/sn2001br.p0052.dat,E,8.416721478303318,0.07,0.12073237001414323,0.19703083551763428,-2.0,1.0
1736,SNIa-CN/sn1994ae.p0366.dat,E,8.426984325807554,0.07,0.07302086427765615,0.8472951585450464,-0.4584110556451061,1.0
1737,SNIc/sn1994I.p0026.dat,E,8.433047134534155,0.07,0.06421182380962552,0.5786119468257379,-2.0,1.0
1738,SNII/sn1999gi.p0026.dat,E,8.435022308991623,0.07,0.07350216556355202,0.5249656645792768,-2.0,1.0
1739,SLSN-IIn/snPTF10fel.p0069.dat,E,8.439556141012678,0.07,0.07017040934956617,0.5928270716019319,-2.0,1.0
1740,SNII/sn1987A.p0003.dat,E,8.440170698006401,0.07,0.010783144031439373,0.7244920790110777,-2.0,1.0
1741,SNIc-bl/sn1998bw.p0051.dat,E,8.44170901427123,0.07,0.05462389622794723,0.610574502481521,-2.0,1.0
1742,SNIc-bl/sn1997ef.m0009.dat,E,8.442354516678769,0.07,0.04649246355086144,0.6931676142425639,-2.0,1.0
1743,SNIc/sn2004gt.p0048.dat,E,8.444033172595267,0.07,0.07636573162625715,0.5900965095330122,-2.0,1.0
1744,SLSN-I/snSSS120810.p0034.dat,E,8.44450018082741,0.07,0.05951466309881298,0.5524382846396574,-2.0,1.0
1745,SNIa-CN/sn2004L.p0027.dat,E,8.445726243855066,0.07,0.08697153048847693,0.4352068278495141,-2.0,1.0
1746,SNIa-SS/sn1999dq.p0058.dat,E,8.446845485223818,0.07,0.08632473174654043,0.39977321231168167,-2.0,1.0
1747,SNIc/sn2005az.p0029.dat,E,8.449193701759937,0.07,0.09942300364174736,0.341838277337259,-2.0,1.0
1748,SNIb-n/sn2006jc.p0047.dat,E,8.456081175577445,0.07,0.04566320087157128,0.8463952337595688,-2.0,1.0
1749,SNIa-SS/sn2008Z.p0021.dat,E,8.463960238643523,0.07,0.04720873257724919,0.6626383938722202,-2.0,1.0
1750,SNIIn/sn1997cy.p0635.dat,E,8.466635329473759,0.13,0.05912133348653256,0.5591991933634722,-2.0,1.0
1751,SNIc/sn1994I.p0030.dat,E,8.468519561748167,0.07,0.0701089298669838,0.5581512626835632,-2.0,1.0
1752,Gap/snOGLE-2013-SN-137.m0004.dat,E,8.469993731255787,0.07,0.05525861516257012,0.6943423670579938,-2.0,1.0
1753,SNIa-CSM/sn2011km.p0303.dat,E,8.470447478658292,0.13,0.09002522622265342,0.31042031007544424,-2.0,1.0
1754,SNIa-SS/sn2000cx.p0055.dat,E,8.470886150134199,0.07,0.054014434149701265,0.6355231400919195,-2.0,1.0
1755,SNIa-CN/sn2003kf.p0017.dat,E,8.477950998572023,0.07,0.04155200323995899,0.7015824572027201,-2.0,1.0
1756,SNIc-bl/sn1998bw.p0012.dat,E,8.483209975211945,0.07,0.057231846040692765,0.5501719866577856,-2.0,1.0
1757,SNIa-BL/sn2002bf.p0014.dat,E,8.484848965129304,0.07,0.050008499012407163,0.6432775918161282,-2.0,1.0
1758,SNIa-SS/sn2003fa.p0019.dat,E,8.493312246595446,0.07,0.054653937991858845,0.6744547056389898,-1.9035533604489636,1.0
1759,SNIIn/sn2006jd.p0021.dat,E,8.493695501169793,0.07,0.056942860309218225,0.6661248160684835,-2.0,1.0
1760,SNIc-bl/sn1997ef.m0010.dat,E,8.498482934175852,0.07,0.04538286923403779,0.7023282239751888,-2.0,1.0
1761,SNIc/sn1994I.p0068.dat,E,8.502323021645063,0.07,0.044199479698327715,0.6879997352068175,-2.0,1.0
1762,SNIa-CN/sn2004at.p0018.dat,E,8.507806275030351,0.07,0.05178996600853742,0.7154235048145939,-1.7868110094065113,1.0
1763,SNIc-bl/sn2002ap.p0001.dat,E,8.507998077422705,0.07,0.05447343133709484,0.606550097674443,-2.0,1.0
1764,SNIa-CN/sn1998dm.p0017.dat,E,8.510216366234234,0.07,0.04689756361930843,0.6585517097626112,-2.0,1.0
1765,SNIc-bl/sn1997ef.m0006.dat,E,8.527550476356252,0.07,0.05312172552092605,0.6443255561910661,-2.0,1.0
1766,SNIa-BL/sn1996Z.p0008.dat,E,8.527816073582148,0.08,0.049025128949903705,0.5581094014221882,-2.0,1.0
1767,SNIa-CL/sn2007al.p0005.dat,E,8.528579401440599,0.07,0.08467848023871945,0.4045017423997481,-2.0,1.0
1768,SNIb-n/sn2006jc.p0038.dat,E,8.538766990328927,0.07,0.04666784086117077,0.845478606296594,-2.0,1.0
1769,SNIa-BL/sn2004dt.p0109.dat,E,8.551518148606192,0.07,0.029760238830864323,0.8159084296681858,-2.0,1.0
1770,SNIa-SS/sn2006S.p0021.dat,E,8.557683498525272,0.07,0.05201314649100326,0.64562575245176,-1.9594160964788703,0.9977810263929615
1771,SNIb-pec/sn2007uy.m0003.dat,E,8.570633244097769,0.07,0.059613345440475245,0.5759941712186012,-2.0,1.0
1772,SNIa-BL/sn2002bf.p0015.dat,E,8.573513537320796,0.07,0.05658704486288784,0.5905068841644368,-2.0,1.0
1773,SNIa-BL/sn2007af.p0116.dat,E,8.573845046932469,0.07,0.029587687841426034,0.7920358244254911,-2.0,1.0
1774,SNIc/sn1994I.p0023.dat,E,8.575226138215376,0.07,0.06273194543887639,0.5841556231469428,-2.0,1.0
1775,SNIa-CN/sn2002ck.p0016.dat,E,8.575465212514903,0.07,0.043714267138377824,0.7071988023753559,-2.0,1.0
1776,SNIa-CL/sn2000dk.p0121.dat,E,8.577193642150462,0.08,0.03507760361161411,0.768289656540349,-2.0,0.9637678592375365
1777,SNIc/sn2005mf.m0002.dat,E,8.578442296394797,0.07,0.059626178046552354,0.5590048742464758,-2.0,1.0
1778,SNII/sn2005cs.p0018.dat,E,8.58837322214607,0.07,0.0411252304920865,0.7091696953009416,-2.0,0.9556305032175967
1779,SNIIn/sn1999el.m0003.dat,E,8.591756616253365,0.07,0.07818014817408332,0.47489934063898676,-2.0,1.0
1780,SNIIn/sn1994ak.p0014.dat,E,8.5994962003433,0.07,0.0512973307039937,0.7560289501912607,-2.0,1.0
1781,SNIa-CN/sn2006le.p0017.dat,E,8.604049531263001,0.07,0.042810275291953526,0.6835876119544255,-2.0,1.0
1782,SNIa-BL/sn2002bf.p0013.dat,E,8.611786117605416,0.07,0.06939342031707636,0.5100405355655625,-1.9376957079111043,1.0
1783,Gap/sn2019abn.m0024.dat,E,8.61236388517327,0.07,0.11809152457183854,0.3386998604074816,-2.0,1.0
1784,SNIa-SS/sn1999aa.p0081.dat,E,8.613814528045463,0.07,0.04348968147231872,0.7185267859625414,-1.9823747620472185,1.0
1785,SNIb/sn2007C.m0001.dat,E,8.62272691689762,0.07,0.08211377703642955,0.42129385030737293,-2.0,1.0
1786,SNIc-bl/sn1997ef.m0005.dat,E,8.63334356828943,0.07,0.05440983519344285,0.6334829056241684,-2.0,1.0
1787,SNIa-CSM/sn2005gj.p0051.dat,E,8.637170176759183,0.07,0.08205552163397697,0.38516977154746923,-2.0,1.0
1788,SNIa-CN/sn2003kf.p0101.dat,E,8.637851694444233,0.07,0.03511304985554093,0.7480726780920198,-2.0,1.0
1789,SNII/sn2013am.p0010.dat,E,8.641592438830106,0.07,0.0822417090874526,0.48029778102473125,-2.0,1.0
1790,SNIa-CSM/sn2005gj.p0049.dat,E,8.642562613128035,0.07,0.0675545446201393,0.4925724613575369,-2.0,1.0
1791,SNIa-BL/sn2001ep.p0088.dat,E,8.64394117665688,0.07,0.07336162262313846,0.5577899716161273,-1.882617747216926,1.0
1792,SNIb-n/sn2006jc.p0070.dat,E,8.650262673047068,0.13,0.05684217032910288,0.658048256704128,-2.0,1.0
1793,SNIa-BL/sn2002bo.p0010.dat,E,8.654786002120918,0.07,0.042400848304112816,0.6866026462292641,-2.0,1.0
1794,SNIc-bl/sn1998bw.p0011.dat,E,8.664310961115476,0.07,0.06130005005668353,0.5270944627090555,-2.0,1.0
1795,SNIa-SS/sn1998ab.p0017.dat,E,8.66701719898921,0.07,0.05490384964485959,0.627266742427941,-2.0,1.0
1796,SNIa-BL/sn2000cf.p0017.dat,E,8.669996735073973,0.07,0.04826154343116951,0.6908190638945115,-2.0,1.0
1797,SNIc/sn1994I.p0037.dat,E,8.670744821137568,0.07,0.06127433856269448,0.6151792964392087,-2.0,1.0
1798,SNIIn/snLSQ13sd.p0000.dat,E,8.670840168090889,0.07,0.0554062446890026,0.6548247930906953,-2.0,1.0
1799,SNIIn/sn2005kj.p0122.dat,E,8.674613731131934,0.07,0.06794091945072867,0.49058689706834385,-2.0,1.0
1800,SNIIn/sn2007pk.p0045.dat,E,8.675848501817248,0.07,0.08014784686466261,0.4308644339669477,-2.0,1.0
1801,SNIa-CL/sn2006H.p0004.dat,E,8.684111539917138,0.08,0.09886816248715709,0.26827803152309726,-2.0,1.0
1802,SNIIb/sn2008bo.p0045.dat,E,8.689994781777605,0.11000000000000001,0.08298824743112503,0.4626371678419153,-2.0,1.0
1803,SNIIn/sn2005kj.p0133.dat,E,8.690158029920497,0.07,0.07984955603227428,0.4340580815354288,-2.0,1.0
1804,SNII-flash/sniPTF14flu.p0069.dat,E,8.692905813280856,0.07,0.09439241763585711,0.34231808862569724,-1.8230065199839007,1.0
1805,SNIc-bl/sn1997ef.m0012.dat,E,8.697079476177258,0.07,0.04584229399440873,0.6925247591938534,-2.0,1.0
1806,SNIa-BL/sn1995al.p0016.dat,E,8.697449085905092,0.07,0.039709027957927495,0.7099921897435647,-2.0,1.0
1807,SNII/sn1999br.p0023.dat,E,8.701666683181031,0.07,0.04939157645691788,0.5956379741384678,-2.0,1.0
1808,SNIIb/sn1993J.p2901.dat,E,8.709096176897031,0.13,0.04308333738630864,0.6993770648043273,-2.0,1.0
1809,SNIIn/snLSQ12heq.p0061.dat,E,8.718613469725756,0.07,0.05788317526560732,0.6663145076751322,-2.0,1.0
1810,SNIIb/sn1996cb.p0332.dat,E,8.733723602312654,0.08,0.05572800534982023,0.6739882684822867,-2.0,1.0
1811,SNIa-CN/sn2002fk.p0119.dat,E,8.738100963321902,0.07,0.08434018902869919,0.7057306549572692,-0.7769481740804935,1.0
1812,SNIb-n/sn2006jc.p0075.dat,E,8.739974477245397,0.13,0.05171154545269597,0.7459999895235332,-2.0,1.0
1813,SNIa-SS/sn1998es.p0089.dat,E,8.742282200973316,0.07,0.04749174922458526,0.6858226489974364,-2.0,1.0
1814,SNIa-CN/sn2000fa.p0099.dat,E,8.74564062857085,0.07,0.017452881557550353,0.8119302517857839,-2.0,1.0
1815,SNIc-bl/sn1997ef.m0014.dat,E,8.747554091717127,0.13,0.05225333063962247,0.5727249567938744,-2.0,1.0
1816,SNIa-BL/sn2007le.p0014.dat,E,8.752639598172761,0.07,0.037919427714041755,0.7110814068703343,-2.0,1.0
1817,SNIa-CN/sn1994D.p0015.dat,E,8.77695563573965,0.07,0.04455026578220816,0.6892420524821854,-2.0,1.0
1818,SNIc/sn2007gr.p0007.dat,E,8.785186310530605,0.07,0.06962321239471979,0.5076917804451938,-2.0,1.0
1819,SNIc-bl/sn1998bw.m0003.dat,E,8.793985643921358,0.07,0.044920949381673646,0.6954570716881081,-2.0,1.0
1820,SNIIb/sn1996cb.p0175.dat,E,8.798926618530917,0.07,0.0412554075647037,0.7397676424680066,-2.0,1.0
1821,SNIa-CL/sn1999by.p0004.dat,E,8.803382413766567,0.08,0.06674476954311016,0.507829581009546,-2.0,1.0
1822,SNIa-CN/sn2003du.p0019.dat,E,8.803707742785639,0.07,0.04107793223714685,0.7244267019539317,-2.0,1.0
1823,SNIc-bl/sn1997ef.m0004.dat,E,8.803957479158736,0.07,0.05599322264048578,0.6178571770304045,-2.0,1.0
1824,SNIIb/sn1996cb.p0055.dat,E,8.804470113119208,0.11000000000000001,0.07510510670072891,0.5110833510011786,-2.0,1.0
1825,SNIa-BL/sn1996Z.p0010.dat,E,8.808853980653694,0.07,0.04087174872143146,0.6589324110788649,-2.0,1.0
1826,SNIc-bl/sn1998bw.p0009.dat,E,8.812348485292484,0.07,0.04537848758529495,0.6088484081485418,-2.0,1.0
1827,SNIIn/sn2005db.m0018.dat,E,8.81659696940401,0.07,0.08724045271014245,0.4266216011904217,-2.0,1.0
1828,SNIa-CL/sn2005ke.p0003.dat,E,8.828839162091267,0.08,0.06579943207657973,0.4944957373005534,-2.0,1.0
1829,SNIIn/snOGLE-2013-SN-019.m0001.dat,E,8.829326037618017,0.07,0.06333838617314792,0.617061185292191,-2.0,1.0
1830,SNIa-SS/sn2000cx.p0061.dat,E,8.837670300761491,0.07,0.05069007462391518,0.6308393568358007,-2.0,1.0
1831,SNIc/sn2005az.p0061.dat,E,8.84074989051941,0.07,0.07234290471253783,0.5445241428840181,-2.0,1.0
1832,SNII/sn2009N.p0022.dat,E,8.850087587112741,0.07,0.062471996121528,0.5632664841346423,-2.0,1.0
1833,SNIIn/sn2005kj.p0006.dat,E,8.852471278917873,0.07,0.05760150975084425,0.6385829403986186,-2.0,0.9897580816834382
1834,SNIc-bl/sn1997ef.m0011.dat,E,8.857074561415914,0.07,0.043533860640350114,0.70128465177973,-2.0,1.0
1835,SNIa-SS/sn2001V.p0019.dat,E,8.868108366576223,0.07,0.04035296934402542,0.7150023146462868,-2.0,1.0
1836,SNIa-BL/sn2001gc.p0007.dat,E,8.893117519836686,0.08,0.057962485738849615,0.5955842252735413,-2.0,1.0
1837,SNIIn/sn2010jl.p0025.dat,E,8.911907968534337,0.07,0.05847394797495189,0.6604854529736791,-2.0,1.0
1838,SNIa-SS/sn2006gr.p0018.dat,E,8.92470151470461,0.07,0.044397424390340626,0.6883081155023887,-2.0,0.9910252785923751
1839,SNIa-CN/sn2008C.p0042.dat,E,8.927825439540605,0.12000000000000001,0.16642732796115922,0.061460963763524216,-1.7706820832350996,1.0
1840,SNII/sn1999em.p0024.dat,E,8.93999234125062,0.07,0.0603879485078871,0.605072712750694,-2.0,1.0
1841,SNIa-CN/sn1994D.p0073.dat,E,8.944188345987653,0.07,0.03760370272592872,0.7250801140249113,-2.0,1.0
1842,SNII/sn2013am.p0012.dat,E,8.950758310570617,0.07,0.0781193214851911,0.47203886996242417,-2.0,1.0
1843,SNIa-SS/sn1999dq.p0046.dat,E,8.951875938120692,0.07,0.09636150544184825,0.3350452432018737,-2.0,1.0
1844,SNIa-CN/sn2002fk.p0092.dat,E,8.952692644280326,0.07,0.03519047370732013,0.7686035347481045,-2.0,1.0
1845,SNIc/sn2005az.p0056.dat,E,8.953201116014752,0.07,0.07791290536075228,0.49098090672185096,-2.0,1.0
1846,SNIIn/snOGLE-2013-SN-016.m0011.dat,E,8.96197437787905,0.13,0.09203847211282058,0.4914422293467574,-1.8177163874953826,1.0
1847,SNIa-BL/sn2007co.p0087.dat,E,8.96773960335953,0.07,0.033813715570434257,0.722924054072089,-2.0,1.0
1848,SNIc/sn2004gt.p0016.dat,E,8.968348560617146,0.07,0.0913188877012677,0.44210705607586703,-2.0,1.0
1849,SNIb-n/sn2006jc.p0065.dat,E,8.968549253575295,0.13,0.049071455245528826,0.7630026649012958,-2.0,1.0
1850,SNIa-CSM/sn1999E.p0090.dat,E,8.970514920664364,0.07,0.07275538539972772,0.5597028628644627,-2.0,1.0
1851,SNII/sn2013am.p0008.dat,E,8.97078249534862,0.07,0.07644091946537102,0.5142754736198482,-2.0,1.0
1852,SNIIb/sn1993J.p0002.dat,E,8.976328648208796,0.07,0.06748470359448978,0.5026697876925794,-2.0,1.0
1853,SNIIn/sn2006jd.p0040.dat,E,8.981020635475579,0.07,0.044711025656969994,0.7546199189822612,-2.0,1.0
1854,SNIa-CL/sn2005bl.m0006.dat,E,8.993962110182323,0.1,0.055661178576927636,0.6531279078222942,-1.9117802703338485,1.0
1855,SNII/sn1999em.p0006.dat,E,8.999798033748155,0.07,0.06898363111783991,0.655789014354239,-2.0,1.0
1856,SNIb-n/sn2006jc.p0064.dat,E,9.003403540205072,0.13,0.051355678949529235,0.7310528515192729,-2.0,1.0
1857,SLSN-II/sn2019xfs.p0083.dat,E,9.006222978626424,0.13,0.07733476548988961,0.4091314758839002,-1.994743478492815,1.0
1858,SNIc/sn2005az.p0064.dat,E,9.006296931438005,0.07,0.07179427585165203,0.5385437057486794,-2.0,1.0
1859,SNIa-CL/sn2007al.p0004.dat,E,9.011528742964277,0.08,0.10024118318492248,0.27705272622991683,-2.0,1.0
1860,SLSN-I/sn2007bi.p0472.dat,E,9.011822049409954,0.07,0.049670476136074816,0.6803984875078471,-2.0,1.0
1861,SNIa-BL/sn1996bo.p0009.dat,E,9.015094012866763,0.07,0.04022572983963706,0.7109602697637643,-2.0,1.0
1862,SNIIn/sn2010jl.p0041.dat,E,9.01601251101272,0.07,0.0489708052727009,0.6639045188217576,-2.0,1.0
1863,SNIa-CN/sn1994D.p0075.dat,E,9.03953997979779,0.07,0.03579985505902451,0.7383989814246703,-2.0,1.0
1864,SNIa-SS/sn2000cx.p0053.dat,E,9.039981699271273,0.07,0.05295554895351222,0.63466973099549,-2.0,1.0
1865,SNIa-CSM/sn2011km.p0283.dat,E,9.049057318717269,0.07,0.03879815354773217,0.7785189940596018,-2.0,1.0
1866,SNII/sn2009N.p0023.dat,E,9.049077327798155,0.07,0.06285865533658308,0.557474526264213,-2.0,1.0
1867,SNII/sn1999em.p0008.dat,E,9.05317700122225,0.07,0.06041574126847866,0.6973050424405454,-2.0,1.0
1868,SNIIn/sn2005kj.p0124.dat,E,9.074317319514964,0.07,0.07269393064735419,0.4628399174189027,-2.0,1.0
1869,SNIa-CN/sn2002fk.p0088.dat,E,9.084418168293293,0.07,0.035058637168572666,0.7666705005297043,-2.0,1.0
1870,SNIa-SS/sn1998es.p0080.dat,E,9.085994667921753,0.07,0.04903498047853713,0.6625260132299652,-2.0,1.0
1871,SNIa-CN/sn2001fe.p0054.dat,E,9.089061603309617,0.07,0.06585291733236275,0.5456933624409572,-2.0,1.0
1872,SNIIn/sn2006jd.p0034.dat,E,9.090629437260917,0.07,0.0462698506332928,0.7524844308156388,-2.0,1.0
1873,SNIIn/sn1994ak.p0013.dat,E,9.094201259686631,0.07,0.0521332156591833,0.74658586763798,-2.0,1.0
1874,SNIIb/sn2008bo.p0031.dat,E,9.094708331394761,0.11000000000000001,0.08649207559744541,0.4367150771940364,-2.0,1.0
1875,SNIa-BL/sn2002hd.p0012.dat,E,9.10071802111365,0.07,0.04448356278108211,0.6986399764427892,-2.0,1.0
1876,SNIa-CL/sn2006bt.p0016.dat,E,9.107271521007062,0.07,0.05521821257134633,0.646973690464071,-2.0,0.9939152199413487
1877,SNIIn/sn2006jd.p0060.dat,E,9.11314135681425,0.07,0.028227273420162912,0.8220639937159533,-2.0,1.0
1878,SLSN-I/snSSS120810.p0059.dat,E,9.114848535950903,0.07,0.06267433667688882,0.5177926359426581,-2.0,1.0
1879,SNIb/sn2009iz.p0005.dat,E,9.132632356170184,0.07,0.06221536381809914,0.6124708434091413,-2.0,1.0
1880,SNIa-BL/sn1995al.p0094.dat,E,9.137447127043185,0.07,0.03515079308767052,0.7402946995038566,-2.0,1.0
1881,SNIc/sn2005mf.p0004.dat,E,9.138056433558875,0.07,0.0671961860784876,0.48558573005209277,-2.0,1.0
1882,SNIa-CSM/sn1999E.p0024.dat,E,9.13975958546471,0.07,0.0693002404329858,0.5575701902306399,-2.0,1.0
1883,SNII/sn1999em.p0026.dat,E,9.149097321415793,0.07,0.06454583225148626,0.586915368529227,-2.0,1.0
1884,SNIa-CN/sn2001fe.p0021.dat,E,9.153215101984967,0.07,0.043922102318949253,0.6935461033190968,-2.0,1.0
1885,SLSN-II/sn2019cqc.p0010.dat,E,9.156087244923137,0.13,0.36926969961203276,0.43979330164623676,-0.7549490829932086,0.9553934302011117
1886,SNIIn/sn2010jl.p0044.dat,E,9.157887932524577,0.07,0.05042855458728841,0.6985283722653378,-2.0,1.0
1887,SNIIb/sn1993J.p0924.dat,E,9.158018806507808,0.07,0.05553753728437537,0.7309803374443521,-2.0,1.0
1888,SNIa-CSM/sn1999E.p0053.dat,E,9.165122180998729,0.07,0.07015457989119786,0.5627550427297153,-2.0,1.0
1889,SNIa-BL/sn2002dj.p0016.dat,E,9.170114055671911,0.07,0.06456745531884263,0.5220313577414253,-2.0,1.0
1890,SNIIn/sn2005ip.p0020.dat,E,9.170387166857683,0.07,0.09426441275349902,0.34872460049602916,-2.0,1.0
1891,SNIIb/sn2000H.p0004.dat,E,9.176895662015502,0.07,0.060702389626913385,0.5146159999904054,-2.0,1.0
1892,SNIIb/sn1993J.p0003.dat,E,9.178834954404033,0.07,0.06560616835704651,0.507833121603341,-2.0,1.0
1893,SLSN-I/sn2007bi.p0369.dat,E,9.181692757825962,0.07,0.036986124157972,0.7670094543745403,-2.0,1.0
1894,SNIa-CN/sn2006lf.p0010.dat,E,9.190714201114375,0.08,0.061973735171311994,0.5010683038206338,-2.0,1.0
1895,SNIb-n/sn2006jc.p0063.dat,E,9.191472253473385,0.07,0.03723046858993591,0.8197322231236479,-2.0,1.0
1896,SNIc-bl/sn2002ap.p0003.dat,E,9.20131821528257,0.07,0.041172543995452435,0.562979912440015,-2.0,1.0
1897,SNIa-CN/sn2007fs.p0085.dat,E,9.203046717731823,0.07,0.03775868541343262,0.7434878085327937,-2.0,1.0
1898,SNIa-BL/sn2003W.p0049.dat,E,9.206965692796935,0.07,0.12420945221491121,0.20880979266145738,-1.9275446390458093,1.0
1899,SNIc/sn2005az.p0003.dat,E,9.222063039191555,0.07,0.12338311089314338,0.15108988741784388,-1.9066971387139247,1.0
1900,SNII/sn2002gd.p0031.dat,E,9.22313807967852,0.07,0.05206408888886208,0.6291722476773864,-2.0,1.0
1901,SNIc-bl/sn2003jd.p0061.dat,E,9.230918205470473,0.07,0.0653002970213303,0.5833128834147192,-2.0,1.0
1902,SNIIn/sn2005ip.p0019.dat,E,9.239237940373155,0.07,0.08628313617892722,0.5149048749147286,-1.84210186115549,1.0
1903,SNIc-bl/sn2006aj.p0198.dat,E,9.240220187168035,0.07,0.0752402313181865,0.5127716536364232,-1.8933413919296642,1.0
1904,SNIIn/snOGLE-2013-SN-016.m0022.dat,E,9.244217546473479,0.13,0.06807213741207445,0.5323395147443968,-2.0,1.0
1905,SNIa-CN/sn2003hv.p0075.dat,E,9.246242683513774,0.07,0.023839965476221966,0.7337056980820219,-2.0,1.0
1906,SNIa-SS/sn1998ab.p0018.dat,E,9.252771521395346,0.07,0.05547549078543257,0.621075796422149,-2.0,1.0
1907,SLSN-II/sn2020hgr.p0092.dat,E,9.255779406513271,0.07,0.06389606655580764,0.4929833358090576,-2.0,1.0
1908,SNIa-CN/sn1998aq.p0081.dat,E,9.259974842180078,0.07,0.04178581520627369,0.7136807805201651,-2.0,1.0
1909,SNII/sn1999gi.p0031.dat,E,9.263819035833455,0.07,0.06999580454556803,0.5350232536452683,-2.0,1.0
1910,SNIa-CN/sn2002fk.p0086.dat,E,9.266928627414744,0.07,0.03685650648302054,0.7610875584833645,-2.0,1.0
1911,SNIIn/sn1997eg.m0063.dat,E,9.268116852097009,0.07,0.05327819219123129,0.7529962778159965,-2.0,1.0
1912,SNII/sn2002gd.p0018.dat,E,9.274120799430918,0.07,0.06524348559547168,0.5621559667829892,-1.9899253629789984,1.0
1913,Gap/sn2000ch.p3296.dat,E,9.275828218110082,0.07,0.05322781216147055,0.7449801233564657,-2.0,1.0
1914,SNIa-BL/sn2004fu.p0015.dat,E,9.28436893892926,0.07,0.0437485781903935,0.7229197308009786,-2.0,1.0
1915,SNIIb/sn2008bo.p0025.dat,E,9.286484215006407,0.07,0.08279369178509445,0.5212261512581418,-2.0,1.0
1916,SNIIb/sn2000H.p0056.dat,E,9.29589696867054,0.11000000000000001,0.09052683284074178,0.33544008201560266,-2.0,1.0
1917,SNIc/sn2007gr.p0008.dat,E,9.311134976143997,0.07,0.06720386511100095,0.518308165147371,-2.0,1.0
1918,SNIa-BL/sn1997E.p0011.dat,E,9.313512526333266,0.07,0.041968649140061445,0.6658706260916218,-2.0,1.0
1919,SNIc-bl/sn1998bw.p0045.dat,E,9.316797049356682,0.07,0.05292928978451721,0.5506186208648666,-2.0,1.0
1920,SNIc-bl/sn1998bw.p0063.dat,E,9.328244313134865,0.07,0.055943280577004255,0.6115161307484845,-2.0,1.0
1921,SNIIn/sn2005ip.p0043.dat,E,9.330445703142916,0.07,0.052068240558603665,0.6728039592467243,-2.0,1.0
1922,SNIa-CSM/sn2011km.p0064.dat,E,9.34143852584342,0.07,0.05722546779956025,0.5621140222207525,-2.0,1.0
1923,SNIc/sn2004aw.p0003.dat,E,9.34194087889828,0.08,0.09040923533738365,0.3371313302146873,-2.0,1.0
1924,SNIc/sn1994I.p0028.dat,E,9.345026943551925,0.07,0.05146785435248171,0.6960221209522679,-2.0,1.0
1925,SNIIb/sn1998fa.p0040.dat,E,9.349734696912527,0.13,0.12466534071003116,0.0458560725792998,-2.0,1.0
1926,SNIIn/sn2010jl.p0046.dat,E,9.351036071031615,0.07,0.05673139925710354,0.6855860944561564,-2.0,1.0
1927,SNIIb/sn1993J.m0011.dat,E,9.35384576426233,0.07,0.06276038528464578,0.6099063212057273,-2.0,0.9518868470831084
1928,SNII/sn2013am.p0013.dat,E,9.356341716404136,0.07,0.08993551180380072,0.4227857314895306,-2.0,1.0
1929,SNIIn/snOGLE-2013-SN-016.m0017.dat,E,9.358044264218165,0.13,0.06352352308156717,0.5710098634722801,-2.0,1.0
1930,SNIc/sn1994I.p0001.dat,E,9.362859780628561,0.07,0.06004793300423757,0.5599565572844966,-2.0,1.0
1931,SNIa-CN/sn2004L.p0022.dat,E,9.37076484852132,0.07,0.08828509926050294,0.41279833271454563,-2.0,1.0
1932,Gap/sn2000ch.p3278.dat,E,9.374717527856417,0.07,0.053130118850338345,0.7480905440375459,-2.0,1.0
1933,SNIa-BL/sn2007af.p0097.dat,E,9.376164351997831,0.07,0.03118585232883428,0.7823116532641924,-2.0,1.0
1934,SNIa-BL/sn2002bo.p0012.dat,E,9.376775480141909,0.07,0.0423649917443227,0.7062790227231537,-1.9184843654154267,1.0
1935,SNIa-CN/sn1998aq.p0078.dat,E,9.380163561242808,0.07,0.041360413329687144,0.717406978435302,-2.0,1.0
1936,SNIa-CN/sn2005kc.p0016.dat,E,9.393411522390444,0.07,0.04914720284434156,0.6775855289374546,-2.0,1.0
1937,SNIIn/sn2006jd.p0065.dat,E,9.403334617938423,0.07,0.041312454587111025,0.786511678272895,-2.0,1.0
1938,SNII/sn1999br.p0031.dat,E,9.427552522012043,0.07,0.056942199830882806,0.5594966948307998,-2.0,1.0
1939,SNIIb/sn2006el.p0009.dat,E,9.42952991700658,0.07,0.07704894492620204,0.46389402646454914,-2.0,1.0
1940,SLSN-II/sn2018lqi.p0089.dat,E,9.43413186441835,0.07,0.08710673720549214,0.3789748398050272,-1.8235809969946764,1.0
1941,SNIa-BL/sn1999gh.p0009.dat,E,9.444320170777617,0.07,0.04424248558030944,0.6872684089090892,-2.0,1.0
1942,SNIIn/sn1997eg.m0061.dat,E,9.45855978431999,0.07,0.050410808309851195,0.7713688472518799,-2.0,1.0
1943,SNIa-CN/sn2006lf.p0011.dat,E,9.462787407938649,0.07,0.05386032530605402,0.5776492550253197,-2.0,1.0
1944,SNIa-CL/sn2007hj.p0008.dat,E,9.465976919423937,0.07,0.037942892479982754,0.6588012011028529,-2.0,1.0
1945,SNIc-bl/sn2003jd.p0047.dat,E,9.483036053162365,0.07,0.06675526585264653,0.5564774685864478,-2.0,1.0
1946,SNIc/sn2005az.p0031.dat,E,9.487361505463175,0.07,0.09355230310634548,0.3756396504578777,-2.0,1.0
1947,SNIa-BL/sn2001E.p0015.dat,E,9.4984204674447,0.07,0.03941131570201601,0.6974264485018369,-2.0,1.0
1948,SNIIn/sn2007pk.p0076.dat,E,9.504044930590588,0.07,0.06762441223613896,0.517521002473933,-2.0,1.0
1949,SNIa-SS/sn1998ab.p0019.dat,E,9.509325111972649,0.07,0.059085991866551626,0.6064905837248928,-2.0,1.0
1950,SNIIb/sn2008bo.p0054.dat,E,9.537379377676052,0.11000000000000001,0.08337310633732554,0.44370097594119484,-2.0,1.0
1951,SNIIn/sn1997cy.p0132.dat,E,9.542401288582465,0.07,0.040567079545839456,0.732382778983217,-2.0,1.0
1952,SNIc-bl/sn2003jd.p0051.dat,E,9.548789704158938,0.07,0.05978872400441436,0.5958150383578651,-2.0,1.0
1953,SNIa-CSM/sn1999E.p0036.dat,E,9.550341334821216,0.07,0.0686923443969973,0.5624728425134762,-2.0,1.0
1954,SNIIn/sn1997cy.p0084.dat,E,9.554261323897911,0.13,0.04598775692399878,0.5862456538024796,-2.0,1.0
1955,SLSN-I/snSSS120810.p0041.dat,E,9.555692866959461,0.07,0.05146084164815597,0.5616592277467365,-2.0,1.0
1956,Gap/sn2007sv.p0040.dat,E,9.579536002190139,0.07,0.14222135798385507,0.2203935056529828,-1.8050555002952944,1.0
1957,SNIIn/sn2005ip.p0046.dat,E,9.586912746952642,0.07,0.05434994532147927,0.6866772692073516,-2.0,1.0
1958,SNIa-CN/sn1998aq.p0020.dat,E,9.59292719410805,0.07,0.04088744278492686,0.7177960716905851,-2.0,1.0
1959,SNIa-BL/sn1997bq.p0012.dat,E,9.600549140652832,0.07,0.026044505560508777,0.7142887980128647,-2.0,1.0
1960,SNIa-CN/sn1998dm.p0019.dat,E,9.604547575866578,0.07,0.043180188604232235,0.6804040800511422,-2.0,1.0
1961,SNIIn/sn2005ip.p0048.dat,E,9.609991153866176,0.07,0.05428827683625251,0.6920753317149358,-2.0,1.0
1962,SNIa-CL/sn1999by.m0005.dat,E,9.614207554157675,0.11000000000000001,0.07496957387401573,0.6372856627164201,-1.7098125609874844,0.9625832551319646
1963,SNIIn/sn2005ip.p0045.dat,E,9.61423814614495,0.07,0.05405642720745964,0.6914848438182848,-2.0,1.0
1964,SNIIb/sn2006el.p0010.dat,E,9.625743353587136,0.07,0.11371823167788801,0.27074929838782413,-1.925179114805684,1.0
1965,SNIIn/sn1995G.p0726.dat,E,9.636935041089174,0.07,0.05656213050689333,0.6171995508404436,-2.0,1.0
1966,SNIa-CN/sn2001G.p0063.dat,E,9.641486991425152,0.07,0.04999088524064062,0.5948102489518481,-2.0,1.0
1967,SNIIn/sn1997cy.p0392.dat,E,9.649956724967984,0.07,0.030174400101310384,0.7907374168882965,-2.0,1.0
1968,SNIc/sn1994I.p0096.dat,E,9.65860962279824,0.07,0.038266536565659044,0.7352330821181006,-2.0,1.0
1969,SNIa-CN/sn2003cg.p0007.dat,E,9.65989423909841,0.09000000000000001,0.09803991841292228,0.23024191228378202,-2.0,1.0
1970,SNIa-CN/sn2002do.p0017.dat,E,9.678691552358044,0.07,0.11094417645346626,0.2895723473082853,-2.0,1.0
1971,SNIIn/sn2004ay.p0420.dat,E,9.698265901065364,0.07,0.057114053466291705,0.5934975509225984,-2.0,0.9942559747016625
1972,SNIb/sn2004gq.p0089.dat,E,9.698283262022144,0.12000000000000001,0.08163201970962383,0.4546932168407638,-2.0,1.0
1973,SNIc-bl/sn2002ap.p0005.dat,E,9.719005827767738,0.07,0.06035199537602497,0.5678733169638938,-2.0,1.0
1974,SNIb/sn2006ep.p0044.dat,E,9.721153892343082,0.07,0.06677447973069425,0.556264566870524,-2.0,1.0
1975,SNIa-CN/sn1995D.p0004.dat,E,9.723734678630603,0.12000000000000001,0.08671985128574204,0.7251748406012122,-1.4264704324090347,0.9600708504398826
1976,SNIc/sn2005az.p0018.dat,E,9.731550230509907,0.07,0.11829512836872762,0.15231104699104364,-2.0,1.0
1977,SNIa-CL/sn1998bp.p0076.dat,E,9.73158430007361,0.07,0.09525681931213678,0.3968469733960678,-2.0,1.0
1978,SNII/sn2006bp.p0033.dat,E,9.734365005635363,0.07,0.07677414385959995,0.47071362355222496,-2.0,0.9814076666035776
1979,SNIa-CN/sn1999ek.p0012.dat,E,9.738744875182407,0.07,0.04832334429721682,0.6246710282498601,-2.0,1.0
1980,SNIa-CL/sn2006H.p0006.dat,E,9.74433393510222,0.08,0.08786631627469149,0.3362421215594576,-2.0,1.0
1981,SNIc/sn1990B.p0100.dat,E,9.75657704225085,0.13,0.14607375795487504,0.07582627207398829,-2.0,0.9639530987822347
1982,SNIIb/sn2008ax.m0015.dat,E,9.762167853808215,0.07,0.0640550728651003,0.5611896813557758,-2.0,1.0
1983,SNIb/sn2007C.p0070.dat,E,9.762815547858903,0.07,0.08252141552933696,0.5044315651943998,-2.0,1.0
1984,SNIc-bl/sn2002ap.p0004.dat,E,9.769316782498484,0.07,0.06047907304740758,0.5634812993094281,-2.0,1.0
1985,SNIIn/sn1997eg.p0293.dat,E,9.774202412076422,0.08,0.10908515003843176,0.29843044381579364,-2.0,1.0
1986,SNIb-n/sn2006jc.p0061.dat,E,9.786867077084018,0.13,0.04801537584617117,0.7730548347731357,-2.0,1.0
1987,SNIc/sn2007gr.p0009.dat,E,9.78719741111819,0.07,0.0676585173371433,0.5160379925470862,-2.0,1.0
1988,SNIa-CN/sn2001G.p0055.dat,E,9.796132453809301,0.07,0.07562493623113814,0.5363859294888913,-1.8440667642051274,1.0
1989,SNIIn/sn2000eo.p0028.dat,E,9.80527972041665,0.07,0.08525579890304966,0.443925113496788,-2.0,1.0
1990,SNIa-CN/sn2004L.p0028.dat,E,9.813258071595818,0.13,0.0968700812512548,0.2986196855939713,-2.0,1.0
1991,SNIa-BL/sn2002bo.p0013.dat,E,9.82113665763361,0.07,0.03668303713686836,0.7226752965783193,-2.0,1.0
1992,SNIa-CSM/sn2011km.p0030.dat,E,9.822957421337243,0.07,0.06329772848837509,0.5087098977614546,-2.0,1.0
1993,SNII/sn2012aw.p0040.dat,E,9.82602016485834,0.07,0.051609963132243857,0.5819978756159557,-2.0,1.0
1994,SNIc/sn1994I.p0002.dat,E,9.840038444723227,0.07,0.03603290987385078,0.6412612262994599,-2.0,1.0
1995,SNIIb/sn2008bo.p0107.dat,E,9.845174442544577,0.11000000000000001,0.06337039473782369,0.5356906151443451,-2.0,1.0
1996,SNIIn/sn1997eg.m0069.dat,E,9.851872064257895,0.07,0.04851055151936745,0.7909816346955483,-2.0,1.0
1997,SNIc/sn2007gr.p0012.dat,E,9.860376049935141,0.07,0.06868670769859607,0.49033267716431317,-2.0,1.0
1998,Gap/sn2000ch.p3495.dat,E,9.867799830219234,0.07,0.04961565917014745,0.7207136115184908,-2.0,1.0
1999,SNIIb/sn1993J.p0770.dat,E,9.869790635708275,0.07,0.0492873158948913,0.7916739829741988,-2.0,1.0
2000,SNIIn/sn2015da.m0027.dat,E,9.891189838649185,0.07,0.11215754144963323,0.30878210817118673,-2.0,1.0
2001,SNII/sn2009N.p0032.dat,E,9.891983073584687,0.07,0.05951563802742046,0.5607493236785142,-2.0,1.0
2002,SNIa-SS/sn1999gp.p0021.dat,E,9.897201933142696,0.07,0.04964165394961286,0.6469572990758642,-2.0,1.0
2003,SNIIn/sn1996L.p0060.dat,E,9.902303061710525,0.07,0.07448452195677432,0.4867970369986384,-2.0,1.0
2004,SNIa-SS/sn2001V.p0020.dat,E,9.90899162857617,0.07,0.02596390363613977,0.708091182347892,-2.0,1.0
2005,SNIIn/sn1996L.p0009.dat,E,9.911252768474666,0.13,0.0803556822736417,0.7041286881157675,-1.6701872108394455,0.9709341959908462
2006,SNIa-BL/sn2006ac.p0017.dat,E,9.917653546759466,0.07,0.042588657192173814,0.7266041826658339,-2.0,1.0
2007,SNIc-bl/sn1998bw.p0022.dat,E,9.9218195247514,0.07,0.0656228847994155,0.4482472861763977,-2.0,1.0
2008,SNIIn/sn1997cy.p0572.dat,E,9.922426615336743,0.13,0.04874955759005381,0.6652356351241577,-2.0,1.0
2009,SNIc/sn2005az.p0030.dat,E,9.923968653784325,0.07,0.09396073568493281,0.36276340033271015,-2.0,1.0
2010,SNIa-SS/sn1998es.p0073.dat,E,9.928546439260007,0.07,0.048993915953923085,0.6522073932511784,-2.0,1.0
2011,SNIc/sn2004gt.p0022.dat,E,9.93870491299458,0.07,0.12499911578274515,0.3162874729067645,-1.9279088078734532,1.0
2012,SNII/sn1999gi.p0034.dat,E,9.93895704240771,0.07,0.07810722922613209,0.4909656177909606,-2.0,1.0
2013,SNIIn/sn2006jd.p0092.dat,E,9.969981140279284,0.07,0.037333543659540856,0.7952856590704894,-2.0,1.0
2014,SNIa-BL/sn1999cl.p0001.dat,E,9.97443534487475,0.09000000000000001,0.09669596662000221,0.2960472096764506,-2.0,1.0
2015,SNIa-CN/sn2008C.p0029.dat,E,9.981411679751659,0.12000000000000001,0.1166700933112185,0.14984526505208468,-2.0,1.0
2016,SNIa-CL/sn2002dl.p0010.dat,E,9.988283928151008,0.07,0.059330689885408926,0.5736062562333484,-2.0,1.0
2017,SNII/sn2009N.p0033.dat,E,10.00551386203701,0.07,0.058549783925221296,0.5845341342428018,-2.0,1.0
2018,SNIIb/sn2008ax.p0004.dat,E,10.006092354483894,0.07,0.0607176185140727,0.5376322691749904,-2.0,1.0
2019,SNIIn/sn2005kj.p0157.dat,E,10.007963253940417,0.07,0.07896990422538305,0.45918363774842,-2.0,1.0
2020,SNIa-CN/sn2008bf.p0068.dat,E,10.025991129684122,0.07,0.05188691835235126,0.644196732515527,-2.0,1.0
2021,SNIa-CSM/sn2005gj.p0079.dat,E,10.033524308374018,0.07,0.07156891132503569,0.4932378552953083,-2.0,1.0
2022,SNIa-CN/sn2004L.p0031.dat,E,10.04663878820569,0.13,0.1096826811048408,0.25649029262668394,-1.9296938470941893,1.0
2023,SNIIb/sn2000H.p0047.dat,E,10.049796529827738,0.11000000000000001,0.08687708281801067,0.3058113584374083,-2.0,1.0
2024,SNIIn/sn1999el.p0030.dat,E,10.059820306013542,0.07,0.09120605717725615,0.4138102013199729,-2.0,1.0
2025,SNIa-CSM/sn1999E.p0066.dat,E,10.060533729488045,0.07,0.07036378722425199,0.543158653843269,-2.0,1.0
2026,SNIa-CSM/sn1999E.p0028.dat,E,10.069812047060417,0.07,0.07023848271754682,0.5322023885207112,-2.0,1.0
2027,SNIa-BL/sn2007af.p0102.dat,E,10.092282275638844,0.07,0.0634646746552455,0.7103826398745543,-1.4995403771327156,1.0
2028,SNIIn/sn1997cy.p0194.dat,E,10.096061624412,0.07,0.044746525306449424,0.761178959923535,-2.0,1.0
2029,SNIa-BL/sn2007bm.p0013.dat,E,10.096886224095684,0.07,0.04551148449949961,0.6403134076426206,-2.0,1.0
2030,SNIa-BL/sn2006X.p0150.dat,E,10.0969946270068,0.07,0.036429346759128636,0.7589408994773793,-2.0,1.0
2031,SNIa-CN/sn2004L.p0024.dat,E,10.097353004353087,0.07,0.08628439397079864,0.42442821807957454,-2.0,1.0
2032,SNIIn/sn1998S.p0438.dat,E,10.09767604024995,0.07,0.06108042377066889,0.6597356152943149,-2.0,1.0
2033,SNIb/sn1998dt.p0007.dat,E,10.114081778601385,0.07,0.07191745002303017,0.46340255917558826,-1.9767733313041744,1.0
2034,SNIIn/snOGLE-2013-SN-016.p0008.dat,E,10.131037691251924,0.11000000000000001,0.08494097140023889,0.3893853675826842,-2.0,1.0
2035,SNIIb/sn1996cb.p0003.dat,E,10.137046076570622,0.07,0.06407828384071103,0.5572481612456927,-2.0,1.0
2036,SNIa-CSM/sn1999E.p0007.dat,E,10.144214538449038,0.07,0.08520491098342736,0.4109934438980319,-2.0,1.0
2037,SNIa-CSM/sn2002ic.p0057.dat,E,10.145091919852005,0.07,0.0461457855418921,0.5635182996770886,-2.0,1.0
2038,SNIa-BL/sn2007kk.p0090.dat,E,10.145551143217187,0.07,0.0328548035481619,0.7344759517540282,-2.0,1.0
2039,SNIIn/sn2006jd.p0184.dat,E,10.155018402499367,0.07,0.032472876542021,0.816307605152561,-2.0,1.0
2040,SNIIn/sn2005gl.p0066.dat,E,10.163274455910692,0.07,0.04903728139852691,0.7145372537973768,-2.0,1.0
2041,SNIa-SS/sn1999gp.p0055.dat,E,10.164022856324888,0.07,0.07511544146405331,0.47917110016656783,-2.0,1.0
2042,SNIa-BL/sn2007le.p0016.dat,E,10.1657634646571,0.07,0.033652348405117355,0.7354365921725142,-2.0,1.0
2043,SNIa-BL/sn1995al.p0018.dat,E,10.16639257148757,0.07,0.036810561578550366,0.7208953025497221,-2.0,1.0
2044,SNIc-bl/sn2003jd.p0033.dat,E,10.170482230348682,0.07,0.06530859418035939,0.5492566328088596,-2.0,1.0
2045,SNIa-CL/sn2002eu.p0061.dat,E,10.200739048950567,0.07,0.05139333250900777,0.6128467962885759,-2.0,1.0
2046,SNIa-CN/sn2005na.p0020.dat,E,10.22526249669571,0.07,0.05504074825775212,0.5987762024883392,-2.0,1.0
2047,SNIa-CN/sn2003kf.p0018.dat,E,10.228103177796013,0.07,0.04884465482703214,0.679554929012464,-1.8153121603470848,1.0
2048,SNIa-BL/sn2006sr.p0018.dat,E,10.234206632823406,0.07,0.04166089918117855,0.6947681140325604,-2.0,1.0
2049,SNIIn/sn2015da.m0011.dat,E,10.253890195647797,0.07,0.13795000410672079,0.14739834855682932,-2.0,1.0
2050,SNIIn/sn2005ip.p0071.dat,E,10.255038146340977,0.07,0.04546040305649464,0.7610616889724773,-2.0,1.0
2051,SNIa-CN/sn2000dg.p0017.dat,E,10.271738059152295,0.07,0.06296888893399259,0.5499956391221124,-2.0,1.0
2052,SNIIb/sn1996cb.m0019.dat,E,10.279038793923089,0.07,0.057601007180709665,0.667338557267445,-1.9698281339042354,1.0
2053,SNIb/sn2007C.p0054.dat,E,10.28266703283458,0.07,0.0898023688228592,0.49435815263074934,-2.0,1.0
2054,SNIa-BL/sn1998ef.p0018.dat,E,10.282781547766602,0.07,0.05586893487311732,0.5806680090889479,-2.0,1.0
2055,SNIa-BL/sn2005am.p0015.dat,E,10.291578478583661,0.07,0.04052017803567954,0.699742904048047,-2.0,1.0
2056,SNIIn/sn2006jd.p0121.dat,E,10.295481937357067,0.07,0.027731319728991927,0.8587517490490492,-2.0,1.0
2057,SNIa-CSM/sn2012ca.p0469.dat,E,10.304904105713515,0.07,0.02787920231302819,0.8228605374264,-2.0,1.0
2058,SNIa-CN/sn2004L.p0026.dat,E,10.311354166460154,0.13,0.09068719609274498,0.3471454812776734,-1.9959490886350997,1.0
2059,SNIb/sn2007kj.p0092.dat,E,10.320444426356062,0.07,0.03875921874503709,0.7296363527383718,-2.0,1.0
2060,SNIa-SS/sn2007if.p0007.dat,E,10.327578211862095,0.1,0.0674509315300566,0.6025204021204635,-1.9459784305383434,0.9691096774193548
2061,SNIc-bl/sn1998bw.p0013.dat,E,10.34273663058472,0.07,0.060694666566068194,0.4730694205742982,-1.8898166607290254,1.0
2062,SNIa-CN/sn2001G.p0053.dat,E,10.34818420855104,0.07,0.059900214777109724,0.5713200433958834,-2.0,1.0
2063,SNIb/sn2007kj.p0004.dat,E,10.357011348845768,0.07,0.09942901172987088,0.4829805963121338,-1.6687143726537281,1.0
2064,SNIIb/sn1993J.p0346.dat,E,10.359998701692591,0.08,0.03582471881035374,0.8076630901897361,-2.0,1.0
2065,SNIc-bl/sn1998bw.p0029.dat,E,10.366402342863898,0.07,0.06046205454049168,0.5196418751794293,-2.0,0.9647111822871643
2066,SNII/sn2012aw.p0017.dat,E,10.38636210228959,0.09000000000000001,0.06672284941012327,0.67290472267678,-2.0,0.9574785502235076
2067,SNIa-CL/sn2006H.p0019.dat,E,10.391633741619291,0.07,0.10631352950431705,0.31602092338169835,-2.0,1.0
2068,SNIc-bl/sn2003jd.p0048.dat,E,10.39242826558663,0.07,0.05632541660853469,0.6101910230354181,-2.0,1.0
2069,SNIa-CN/sn2002do.p0030.dat,E,10.401775260796704,0.13,0.150496825494581,0.0,-2.0,1.0
2070,SNIc/sn2005az.p0032.dat,E,10.402842650809362,0.07,0.08913968682849448,0.3971836250221683,-2.0,1.0
2071,SNIa-BL/sn1999gh.p0073.dat,E,10.433739719110745,0.07,0.036167315902485814,0.7487398086961559,-2.0,1.0
2072,SNIIb/sn2006el.p0012.dat,E,10.434359186848774,0.07,0.0788664151878858,0.4617564444522575,-2.0,1.0
2073,SNIa-CSM/sn2011km.p0332.dat,E,10.450296295172992,0.07,0.03179839829432508,0.8186408898826611,-2.0,1.0
2074,SNIIn/snOGLE-2013-SN-019.p0000.dat,E,10.454752149579003,0.13,0.06560729927334998,0.5426176304077883,-2.0,1.0
2075,SNIa-SS/sn2002cx.p0011.dat,E,10.455744257300635,0.07,0.05749884802126894,0.609530452172026,-2.0,1.0
2076,SNIc/sn2007gr.p0010.dat,E,10.459467614860323,0.07,0.0872837000595389,0.3844314545318616,-1.9468666411364257,1.0
2077,SNIa-CN/sn2004L.p0023.dat,E,10.476797596620536,0.07,0.08749387265708367,0.4498853156490874,-1.946056349874342,1.0
2078,SNIb-pec/sn2009er.p0053.dat,E,10.48309639475241,0.13,0.10929017392774472,0.08269258687986691,-2.0,1.0
2079,SNIa-BL/sn2003kc.p0020.dat,E,10.487709838366,0.07,0.058596418966823646,0.5898257973525383,-2.0,1.0
2080,Gap/sn2006fp.p0003.dat,E,10.49793535826031,0.13,0.09053698086545206,0.38706196568328827,-2.0,1.0
2081,SNIa-BL/sn2002bf.p0029.dat,E,10.49824168167775,0.07,0.08812806173219953,0.39039304844584594,-2.0,1.0
2082,SNIa-CL/sn2002es.p0011.dat,E,10.508600703536471,0.07,0.08007398387178509,0.4609368875018733,-2.0,1.0
2083,SNIc-bl/sn1998bw.p0019.dat,E,10.513727821493127,0.07,0.059401917947108154,0.41808842657560363,-2.0,1.0
2084,SNIa-BL/sn2002bo.p0014.dat,E,10.52484372917154,0.07,0.035779177426515325,0.7239704021755463,-2.0,1.0
2085,SNIa-CL/sn1999by.p0005.dat,E,10.528406585285015,0.07,0.05511203939207605,0.6005213160710354,-2.0,1.0
2086,SNIa-SS/sn2001V.p0078.dat,E,10.52859430091889,0.07,0.03879466294503144,0.725464602817779,-2.0,1.0
2087,SNIa-CL/sn2007ux.p0016.dat,E,10.540911496345712,0.07,0.03561891476018617,0.6806720425519451,-2.0,1.0
2088,SNIa-CL/sn2007fb.p0066.dat,E,10.541695638553893,0.07,0.06017240019772556,0.5771318818280167,-2.0,1.0
2089,SNIa-BL/sn2001ay.p0023.dat,E,10.543566181712723,0.07,0.04946103660638108,0.6501878883806727,-2.0,1.0
2090,SNIa-CSM/sn2002ic.p0306.dat,E,10.564826699342046,0.07,0.03558770297040518,0.786841167046672,-2.0,1.0
2091,SNIa-CN/sn2003du.p0021.dat,E,10.566150077004501,0.07,0.04414767440321727,0.7111553487067765,-1.914690626169222,1.0
2092,SNIa-SS/sn1998ab.p0020.dat,E,10.569063563768188,0.07,0.054005134978655264,0.6361508266868191,-2.0,1.0
2093,SNIc-bl/sn2003jd.p0049.dat,E,10.583553948066719,0.07,0.05609186834998013,0.6022248730194981,-2.0,1.0
2094,SNIa-BL/sn2007af.p0088.dat,E,10.585058815106743,0.07,0.03449129392950521,0.7622873504192396,-2.0,1.0
2095,SNIIb/sn1993J.p0005.dat,E,10.595924749453715,0.07,0.05989145481792713,0.5191339494686057,-2.0,1.0
2096,Gap/sn2007sv.p0044.dat,E,10.601845608009723,0.07,0.10204631107881998,0.29460148371120176,-2.0,1.0
2097,SNIa-SS/sn2001V.p0079.dat,E,10.637286953435472,0.07,0.04012466509230087,0.6302395115492821,-1.9517580647497492,1.0
2098,SNIc/sn2004aw.p0026.dat,E,10.642343035629457,0.07,0.12194766948057117,0.1837747340947557,-2.0,1.0
2099,SNIa-BL/sn1996Z.p0014.dat,E,10.64255025766684,0.07,0.034581249362596655,0.724474610703084,-2.0,1.0
2100,SNIa-CN/sn1996bl.p0018.dat,E,10.64424306467276,0.07,0.04474459410868188,0.6931289636126275,-2.0,1.0
2101,SNIc/sn1994I.p0032.dat,E,10.656818110461685,0.07,0.06303681975674515,0.5377064149738449,-2.0,1.0
2102,SNIc/sn2005az.p0048.dat,E,10.671672107311942,0.07,0.06848193918418802,0.5205520627142515,-2.0,1.0
2103,SNIa-CN/sn2007F.p0080.dat,E,10.67343125734217,0.07,0.03781262229455149,0.7382276993940418,-2.0,1.0
2104,SNIIb/sn2008ax.m0016.dat,E,10.695131811772093,0.07,0.06287101147741828,0.5743504611119462,-2.0,1.0
2105,SNIa-CN/sn2002fk.p0072.dat,E,10.696126979301804,0.07,0.03995673705967359,0.733970680750053,-2.0,1.0
2106,SLSN-IIn/sn2006gy.p0138.dat,E,10.696300415968741,0.12000000000000001,0.16676282960857886,0.0,-2.0,1.0
2107,SNII/sn1987A.p0785.dat,E,10.702583286889713,0.07,0.018278026837074125,0.906689455122942,-1.767430310500382,1.0
2108,SNIa-CN/sn2003cg.p0008.dat,E,10.711889757992667,0.09000000000000001,0.08993969774514345,0.27729696199402853,-2.0,1.0
2109,SNII/sn1999em.p0037.dat,E,10.716827136337574,0.07,0.04901308173107875,0.6215857493919241,-2.0,1.0
2110,SNIa-BL/sn2007le.p0015.dat,E,10.741531400085595,0.07,0.05395406482386922,0.5818582978399492,-1.8651714488240787,1.0
2111,SNIIn/sn2007pk.p0059.dat,E,10.756196466846843,0.07,0.05313458871807249,0.5729790217182408,-2.0,1.0
2112,SNIa-BL/sn2001N.p0030.dat,E,10.75830091726471,0.07,0.08371726858563369,0.460699298809695,-1.9541516735686733,1.0
2113,SNIc/sn1994I.p0003.dat,E,10.765830363248375,0.07,0.060431514422752686,0.5378565455506117,-2.0,1.0
2114,SNIa-BL/sn1996bo.p0011.dat,E,10.7688238040172,0.07,0.03235766607992772,0.7317789213025513,-2.0,1.0
2115,SNIa-SS/sn1999dq.p0033.dat,E,10.775224200171012,0.13,0.13586505894739548,0.21702492388139244,-1.7798556952170177,1.0
2116,SNIIn/sn2005cp.p0125.dat,E,10.775971671610531,0.07,0.060902693857688865,0.5496243189485874,-2.0,1.0
2117,SNIa-SS/sn2001V.p0073.dat,E,10.776399422291288,0.07,0.03971193771334072,0.7199946736237258,-2.0,1.0
2118,SNIc-bl/sn1997ef.p0281.dat,E,10.778782149439072,0.08,0.07716962584129554,0.5424197774153802,-2.0,1.0
2119,SNIc-bl/sn2003jd.p0026.dat,E,10.781405313471847,0.07,0.0632936683341775,0.5484105389700171,-2.0,1.0
2120,SNIa-CN/sn2008ar.p0061.dat,E,10.78325918228334,0.07,0.05995982418057137,0.6231972830384528,-2.0,1.0
2121,SNIa-CN/sn2005cf.p0082.dat,E,10.798485254547128,0.07,0.03637039479370857,0.7432354484116868,-2.0,1.0
2122,SNIa-CL/sn2007fb.p0063.dat,E,10.803827456429033,0.07,0.06230940085728842,0.576390306177012,-2.0,1.0
2123,SNIc-bl/sn1998bw.p0124.dat,E,10.813818499169336,0.07,0.028278313140401762,0.7825056801208723,-2.0,1.0
2124,SNIIb/sn1993J.p0590.dat,E,10.816496705367738,0.07,0.0458312496089874,0.8140832009001844,-2.0,1.0
2125,SNIIb/sn1993J.p0655.dat,E,10.816882651111822,0.07,0.04567751386901742,0.8141188150312533,-2.0,1.0
2126,SLSN-IIn/sn2006gy.p0088.dat,E,10.82029784924596,0.07,0.1790018943241267,0.0,-2.0,1.0
2127,SNII/sn2005cs.p0033.dat,E,10.826126018818465,0.07,0.04242002355880044,0.6120620017576339,-2.0,1.0
2128,SNIa-SS/sn1998ab.p0021.dat,E,10.833433247756089,0.07,0.05493095625208039,0.6262897377199501,-2.0,1.0
2129,SNIc-bl/sn1997ef.p0080.dat,E,10.83355384375026,0.07,0.06800996178292777,0.56585893039224,-2.0,1.0
2130,SNIIn/sn1997eg.p0076.dat,E,10.84856632426753,0.07,0.04180820027158054,0.812316155263443,-2.0,1.0
2131,SNIa-CL/sn2006H.p0007.dat,E,10.870037665077152,0.07,0.08196194788318102,0.4158992275846283,-2.0,1.0
2132,SNIIn/sn2010jl.p0072.dat,E,10.882884316975044,0.07,0.04785041475371179,0.7271580270040852,-2.0,1.0
2133,SNIIb/sn1996cb.p0004.dat,E,10.899869175010044,0.07,0.06785731668346336,0.558201132860337,-2.0,1.0
2134,SNIb-pec/sn2007uy.p0054.dat,E,10.900792276570954,0.07,0.08043141223041148,0.4557024793036034,-2.0,1.0
2135,SNIa-CSM/sn2012ca.p0349.dat,E,10.902145460242078,0.07,0.028229067001431872,0.8334383217476035,-2.0,1.0
2136,SNIa-SS/sn1998ab.p0022.dat,E,10.904064048480242,0.07,0.05571210324765085,0.6235869691003123,-2.0,1.0
2137,SNIc-bl/sn2002ap.p0007.dat,E,10.907028890107378,0.07,0.06388992265732821,0.5310663472706968,-2.0,1.0
2138,SNIa-SS/sn2001V.p0021.dat,E,10.910772288258734,0.07,0.030119574047450505,0.7191565915879666,-2.0,1.0
2139,SNII/sn1999em.p0030.dat,E,10.913585149748034,0.07,0.08480699693678695,0.5002388333266905,-2.0,1.0
2140,SNIIb/sn2006el.p0011.dat,E,10.921910131639628,0.07,0.10376758240512679,0.3752707394957749,-1.8412684903692156,1.0
2141,SNIa-BL/sn1993ac.p0011.dat,E,10.946094265564783,0.11000000000000001,0.0519373829692298,0.6564037132317622,-2.0,0.9565612609970673
2142,SNIa-CSM/sn2002ic.p0357.dat,E,10.94756862224191,0.07,0.032643863372026134,0.8197009239572878,-2.0,1.0
2143,SNIc-bl/sn2002ap.p0026.dat,E,10.954276456540654,0.07,0.07602191089603817,0.46499214574983566,-2.0,1.0
2144,SNIIb/sn2006el.p0015.dat,E,10.964117467245085,0.13,0.09601722719936374,0.29161270474279866,-2.0,1.0
2145,SNIa-CN/sn1994ae.p0069.dat,E,10.97411227939244,0.07,0.037462970213474146,0.7242300359039034,-2.0,1.0
2146,SNIa-BL/sn2002cs.p0018.dat,E,10.974563442627948,0.07,0.049456412213336076,0.6440172633911133,-2.0,1.0
2147,SNIIn/sn1997eg.max.dat,E,10.978422748489237,0.07,0.045129882722807206,0.7949729556454057,-2.0,1.0
2148,SNIc/sn2004aw.p0004.dat,E,10.995813153595497,0.07,0.0708373800431485,0.4342496791688372,-2.0,1.0
2149,SNIa-CSM/sn2012ca.p0318.dat,E,11.004535780554018,0.07,0.029075624686856663,0.8278065581107029,-2.0,1.0
2150,SNIa-CN/sn2002do.p0023.dat,E,11.005343768738296,0.13,0.10353185782806773,0.18985499090694952,-2.0,1.0
2151,SNIa-SS/sn2008Z.p0056.dat,E,11.031532794229987,0.07,0.05800532805065674,0.6127624384203914,-2.0,1.0
2152,SNIa-BL/sn2003kc.p0044.dat,E,11.039154686083656,0.07,0.060392098626999485,0.5585719449410131,-2.0,1.0
2153,SNII/sn1999em.p0034.dat,E,11.040569248207548,0.07,0.07769418918647687,0.52229745165044,-2.0,1.0
2154,SNIc/sn2004aw.p0047.dat,E,11.0505427511712,0.07,0.08740283340919833,0.40157472522881055,-2.0,0.9897580816834382
2155,SNIc-bl/sn2002ap.p0030.dat,E,11.05977509164415,0.07,0.06736396392277069,0.5281025092977029,-2.0,1.0
2156,SNIa-CN/sn1994D.p0057.dat,E,11.066241143898662,0.07,0.04260572719364064,0.6941396855873003,-2.0,1.0
2157,SNIa-BL/sn1999gh.p0071.dat,E,11.079240774218736,0.07,0.035382691051108084,0.7518152935794443,-2.0,1.0
2158,SNIa-BL/sn2007le.p0078.dat,E,11.098726548471262,0.07,0.0403047503980051,0.7011411350689712,-2.0,1.0
2159,SNIa-CN/sn2003ic.p0022.dat,E,11.10091181509757,0.13,0.1205101938260757,0.15127016029400475,-2.0,1.0
2160,SNIc-bl/sn2002ap.p0012.dat,E,11.115958876956135,0.07,0.07066566115525606,0.4676100059523045,-2.0,1.0
2161,SNIb/sn2008D.p0003.dat,E,11.134667213892724,0.07,0.093995941931471,0.3377179940648872,-2.0,1.0
2162,SNII/sn2013am.p0016.dat,E,11.15632976415555,0.07,0.08989182118369153,0.4319501135895145,-2.0,1.0
2163,SNIc-bl/sn2002ap.p0006.dat,E,11.161300145500402,0.07,0.05367862799322707,0.4999527347197328,-2.0,1.0
2164,SNIb-pec/sn2009er.p0054.dat,E,11.170862324445999,0.13,0.11227253266077006,0.05978236498351566,-2.0,1.0
2165,SNIIn/sn2010jl.p0085.dat,E,11.17114386825639,0.07,0.04021711381683571,0.7715026333707202,-2.0,1.0
2166,SNIa-SS/sn1999gp.p0050.dat,E,11.186179888713642,0.07,0.0776966612573532,0.5447191459643627,-1.8104384771547832,1.0
2167,SNIa-CN/sn1994D.p0017.dat,E,11.208184457666366,0.07,0.03885240157961618,0.7044382259100802,-2.0,1.0
2168,SNIa-CSM/sn2012ca.p0105.dat,E,11.22836784548101,0.07,0.04193481422348802,0.7378237504487385,-2.0,1.0
2169,SNIIb/sn2008ax.m0020.dat,E,11.230266522234594,0.08,0.07929103551996734,0.4996601170758196,-1.9773318379221827,1.0
2170,SNIc/sn2004gt.p0018.dat,E,11.233637406270942,0.07,0.08831222888506378,0.5664697849680597,-1.785725610239568,1.0
2171,SNII/sn1987A.p0004.dat,E,11.234837329406282,0.07,0.01,0.5641638883939993,-0.49208461172826246,1.0
2172,SNIIn/sn2008B.p0083.dat,E,11.238352014494113,0.07,0.05995382135643534,0.5654390853085788,-2.0,1.0
2173,SNIc/sn2005mf.p0007.dat,E,11.24160322387852,0.08,0.07546204218082131,0.4193660568692343,-2.0,1.0
2174,SNII/sn2012aw.p0046.dat,E,11.25955876353122,0.07,0.05238117864531276,0.5911493865315044,-2.0,1.0
2175,SNIa-CL/sn2007fb.p0060.dat,E,11.268620627070378,0.07,0.06058920045770807,0.5819457081644371,-2.0,1.0
2176,SNIIn/sn1997eg.p0018.dat,E,11.278667833238703,0.07,0.04408627141568458,0.8009102409851727,-2.0,1.0
2177,SNIa-CSM/sn2012ca.p0134.dat,E,11.286054810401655,0.07,0.03991699216668285,0.7603197694921617,-2.0,1.0
2178,SNIIn/snPTF10gvf.m0015.dat,E,11.29572041981086,0.13,0.04157812614942948,0.7360462418359099,-2.0,1.0
2179,SNIa-CN/sn1995D.p0069.dat,E,11.325165426140593,0.07,0.03962034268178971,0.7342732761001995,-2.0,1.0
2180,SNIa-BL/sn2002bf.p0018.dat,E,11.325690347115291,0.07,0.04605561573751435,0.6500452161051897,-2.0,1.0
2181,SNIa-CN/sn2006D.p0016.dat,E,11.34726595565451,0.07,0.033383870724678424,0.7165025132260464,-2.0,1.0
2182,SNIa-CN/sn2002fk.p0068.dat,E,11.354437879524852,0.07,0.037497463015322294,0.7502679521149601,-2.0,1.0
2183,SNIa-SS/sn2002hu.p0022.dat,E,11.35961741460488,0.07,0.041702800239587307,0.7213717216914339,-2.0,1.0
2184,SNIa-CN/sn1994D.p0059.dat,E,11.370338559793659,0.07,0.03911027648059966,0.7124584375960669,-2.0,1.0
2185,SNIb/sn2005bf.p0025.dat,E,11.3851805147521,0.11000000000000001,0.08454028413374395,0.40973417954600544,-1.9844495061495127,1.0
2186,SNIc/sn1994I.p0025.dat,E,11.400211502045178,0.07,0.06438668879628594,0.6457288545283617,-1.6363418204423208,1.0
2187,SNIIb/sn2000H.p0015.dat,E,11.408733022952632,0.07,0.1027690172983839,0.3189962309308289,-2.0,1.0
2188,SNIa-CN/sn1995E.m0003.dat,E,11.421622824880389,0.13,0.06766586121396166,0.5835112102978904,-2.0,0.9686385923753663
2189,Gap/sn2020agp.p0005.dat,E,11.422086548417823,0.07,0.0414513762888986,0.7865162057077937,-2.0,1.0
2190,SNIa-CSM/sn2012ca.p0112.dat,E,11.4490879715141,0.07,0.04061868555535192,0.7435707211177299,-2.0,1.0
2191,SNIa-CN/sn2006cf.p0031.dat,E,11.450641424067628,0.13,0.12404129034383247,0.12374797993855355,-2.0,1.0
2192,SNIc-bl/sn2003jd.p0023.dat,E,11.466493319013594,0.07,0.06194940876092394,0.5587126370984111,-2.0,1.0
2193,SNIc/sn2007gr.p0015.dat,E,11.471512794126935,0.07,0.06911827029933436,0.5087955534821507,-2.0,1.0
2194,SNIa-CSM/sn2012ca.p0096.dat,E,11.48693695436663,0.07,0.04166391544804414,0.7257919823498538,-2.0,1.0
2195,SNIa-SS/sn1998es.p0023.dat,E,11.503730117456568,0.07,0.04051889520569075,0.6956670468029236,-2.0,1.0
2196,SNII/sn2009N.p0038.dat,E,11.506337740036864,0.07,0.05756778496893447,0.5756788540450984,-2.0,1.0
2197,SNIIn/sn2005ip.p0079.dat,E,11.515861884054708,0.07,0.03806198148734633,0.7997428217434723,-2.0,1.0
2198,SNIa-SS/sn2001V.p0022.dat,E,11.519510858881912,0.07,0.03611143904837048,0.7302434264159448,-2.0,1.0
2199,SNIc-bl/sn1997ef.p0048.dat,E,11.56608361436626,0.07,0.08924344248234388,0.3766398040817493,-2.0,1.0
2200,SNIIn/sn1997eg.p0026.dat,E,11.580877427377,0.07,0.04393839771811772,0.7954309754715866,-2.0,1.0
2201,SNIIb/sn2008ax.m0017.dat,E,11.589387787205693,0.08,0.06069840944198418,0.49636501343422446,-2.0,1.0
2202,SNIa-BL/sn2002dp.p0017.dat,E,11.592585363292223,0.07,0.03789188124899853,0.7267967745720505,-2.0,1.0
2203,SNIIn/sn1998S.p0256.dat,E,11.595998449392907,0.07,0.04985249782368181,0.7226319532289621,-2.0,1.0
2204,SNIa-CSM/sn2012ca.p0192.dat,E,11.59833838118503,0.07,0.03388843616431895,0.8011094104710468,-2.0,1.0
2205,SNII/sn2012aw.p0048.dat,E,11.603410153885342,0.07,0.04677928714347822,0.6165004313062648,-2.0,1.0
2206,SNII/sn1999br.p0039.dat,E,11.612359938138887,0.07,0.0526472472806923,0.5576369549876969,-2.0,1.0
2207,SNIIn/sn1996L.p0035.dat,E,11.61785996652554,0.13,0.06224845655125745,0.5808957285059652,-2.0,0.9709341959908462
2208,SNIa-CSM/sn2012ca.p0292.dat,E,11.618464948723929,0.07,0.04730548927693944,0.8105923097235946,-1.5764891228040876,1.0
2209,SNIIn/sn2010jl.p0145.dat,E,11.623676305168075,0.07,0.03184334185560978,0.8331056999265912,-2.0,1.0
2210,SNIb/sn2004gq.p0072.dat,E,11.623955531048747,0.12000000000000001,0.08017386475403208,0.40001439035906433,-2.0,1.0
2211,SNIc/sn1990B.p0072.dat,E,11.629057506674235,0.07,0.09158615341431967,0.4234338476965529,-2.0,1.0
2212,SNIIb/sn1996cb.m0020.dat,E,11.632659379989988,0.07,0.04853058898864584,0.708581894496249,-2.0,1.0
2213,SNIIn/sn2005cp.p0213.dat,E,11.634093670672524,0.07,0.07483044524442645,0.49222187861923017,-2.0,1.0
2214,SNIc-bl/sn2002ap.p0027.dat,E,11.635299587590195,0.07,0.08048736194088901,0.44498804381282697,-2.0,1.0
2215,SNIa-SS/sn2007if.p0009.dat,E,11.638068938418192,0.1,0.0623671146701756,0.613516025254433,-2.0,0.9700129032258064
2216,SNIc-bl/sn1997ef.p0046.dat,E,11.638231320093155,0.07,0.08670605444614436,0.34617017826557644,-2.0,1.0
2217,SNIa-CL/sn2006H.p0008.dat,E,11.641024243765834,0.07,0.08246290410537267,0.427311505545078,-2.0,1.0
2218,SNIa-CN/sn1999ac.p0086.dat,E,11.676693171089367,0.07,0.032434050143343905,0.7871370090021467,-2.0,1.0
2219,SNIa-CN/sn2005cf.p0017.dat,E,11.677674727179086,0.07,0.10882277612166934,0.7314846140033686,-0.8877072217246756,1.0
2220,SNIIn/sn1998S.p0074.dat,E,11.713733019125577,0.07,0.0789282228987189,0.6809737528769751,-1.5148635739464829,1.0
2221,SNII/sn2004et.p0030.dat,E,11.726550399125836,0.07,0.09504664351299347,0.3232182889180653,-2.0,1.0
2222,Gap/sn2000ch.p3303.dat,E,11.73490362585529,0.07,0.03784356995216973,0.8174380341395737,-2.0,1.0
2223,SNIa-CSM/sn2002ic.p0275.dat,E,11.74424041231411,0.07,0.03105111792799164,0.7531321606755549,-2.0,1.0
2224,SNIIb/sn1996cb.p0005.dat,E,11.749445866835265,0.07,0.06701499697723212,0.573111909839354,-2.0,1.0
2225,SNIa-CN/sn2001G.p0026.dat,E,11.75030543857658,0.07,0.05700557211575731,0.5880872916100085,-2.0,1.0
2226,SNIa-BL/sn2002bo.p0079.dat,E,11.757441926918741,0.07,0.03872062572569709,0.7248954322964282,-2.0,1.0
2227,SNIa-BL/sn1995al.p0068.dat,E,11.780210931343941,0.07,0.038195490115681,0.7114481400247789,-2.0,1.0
2228,SNIa-CL/sn2000dk.p0059.dat,E,11.799891391933299,0.07,0.03787910218211765,0.7423960568926405,-2.0,1.0
2229,SNIIn/sn1998S.p0257.dat,E,11.823018423678992,0.07,0.07324519156737287,0.6041585665578814,-1.8520063920454817,1.0
2230,SNIIb/sn2008ax.p0079.dat,E,11.825165938476777,0.11000000000000001,0.057052551420285445,0.4772072621218478,-2.0,1.0
2231,SNIa-CN/sn2003du.p0023.dat,E,11.83703492669858,0.07,0.037021214252504334,0.7376439560464942,-2.0,1.0
2232,SNIa-BL/sn1997do.p0020.dat,E,11.843626201797544,0.07,0.03635332114415978,0.7324681985294126,-2.0,1.0
2233,SNII/sn2006bp.p0042.dat,E,11.871056562435617,0.07,0.07054229093153375,0.5290566379362652,-2.0,0.9814076666035776
2234,SNIIn/sn2010jl.p0087.dat,E,11.876666631876592,0.07,0.04594941352673039,0.7659004378497934,-2.0,1.0
2235,SNIa-CSM/sn2012ca.p0124.dat,E,11.910937690667089,0.07,0.03386179119990112,0.766304654136089,-2.0,1.0
2236,SNIa-BL/sn1999gh.p0066.dat,E,11.954637744812796,0.07,0.0348340461800197,0.7553220822002121,-2.0,1.0
2237,SNIIn/sn2010jl.p0100.dat,E,11.957141376892654,0.07,0.03955855637221132,0.780088400737616,-2.0,1.0
2238,SNIb-pec/sn2007uy.p0045.dat,E,11.960830737027116,0.11000000000000001,0.12922242799288214,0.021252266506516515,-2.0,1.0
2239,SNIIn/sn1997eg.p0032.dat,E,11.970935663379578,0.07,0.03700728963096839,0.8481856358465014,-2.0,1.0
2240,SNIIb/sn2008ax.p0113.dat,E,11.988024606758072,0.11000000000000001,0.057917682761909235,0.47789038212766694,-2.0,1.0
2241,SNIa-SS/sn2000cx.p0039.dat,E,11.99461956401111,0.07,0.048545178417128,0.6568856532626643,-2.0,1.0
2242,SNIa-CSM/sn1999E.p0121.dat,E,12.002522700355566,0.07,0.06522950920442872,0.57375155276382,-2.0,1.0
2243,SNIIn/sn2006jd.p0119.dat,E,12.012415730167564,0.07,0.030976025381396356,0.8321321901247898,-2.0,1.0
2244,SNIa-CN/sn1995D.p0064.dat,E,12.021896216325525,0.07,0.03869102608134462,0.737875967456755,-2.0,1.0
2245,SNIIn/sn1988Z.p0112.dat,E,12.028655048727622,0.08,0.036931875999839325,0.7906478991972938,-2.0,1.0
2246,SNII/sn2009N.p0039.dat,E,12.03669883002259,0.07,0.059448398887302155,0.5786434574720503,-2.0,1.0
2247,SNII/sn2002gd.p0053.dat,E,12.03780636142507,0.07,0.05524771507876777,0.6240265960621746,-2.0,1.0
2248,SNIb/sn2007C.p0060.dat,E,12.041927712950232,0.11000000000000001,0.09171679994091175,0.35998039690656125,-2.0,1.0
2249,SNIa-CN/sn2000fa.p0018.dat,E,12.060202078569192,0.07,0.11502059448593165,0.6622141115526251,-0.998513694679649,1.0
2250,SNIIn/sn1998S.p0071.dat,E,12.078925224627532,0.07,0.06238626287509804,0.6150152447841643,-1.8405084685219473,1.0
2251,SNIa-CSM/sn2012ca.p0140.dat,E,12.09478967779204,0.07,0.031950419508591746,0.7852566724552389,-2.0,1.0
2252,SNIa-BL/sn2006ac.p0015.dat,E,12.111242377314452,0.08,0.043262151717470235,0.6913730342449343,-1.9296282974461505,1.0
2253,SNIa-CN/sn2005el.p0059.dat,E,12.13415515843512,0.07,0.0403031670399881,0.7164893397395047,-2.0,1.0
2254,SNIa-CSM/sn2012ca.m0006.dat,E,12.142519421383717,0.07,0.11828831017773053,0.5473452476997467,-1.3381809960299782,1.0
2255,SNIa-CN/sn2003kf.p0020.dat,E,12.15030816006607,0.07,0.032159533706271434,0.7275766642614722,-2.0,1.0
2256,SNIIb/sn2008bo.p0021.dat,E,12.153786107341242,0.07,0.06342038851905162,0.6205392060186657,-2.0,1.0
2257,SNIa-BL/sn1995al.p0019.dat,E,12.15402065001497,0.07,0.06072130245932717,0.6838586937246912,-1.5215017985129307,1.0
2258,SNIIn/sn2010jl.p0108.dat,E,12.155497336055504,0.07,0.03799853643594857,0.790418676002852,-2.0,1.0
2259,SNIa-CN/sn2000fa.p0021.dat,E,12.1568572228505,0.07,0.03167649088399617,0.7616796589179505,-2.0,1.0
2260,SNIa-BL/sn2002bo.p0015.dat,E,12.162885207209538,0.07,0.029401043879252953,0.7638193830476271,-2.0,1.0
2261,Gap/sn2002bu.p0081.dat,E,12.167999352197315,0.07,0.0417750705590139,0.7443251645011261,-2.0,1.0
2262,SNIa-BL/sn2003cq.p0017.dat,E,12.18094632691671,0.07,0.039297887448045396,0.7302424589562339,-2.0,1.0
2263,SNIa-CN/sn2001fe.p0052.dat,E,12.187150621380695,0.07,0.042608227082118935,0.6941813708969878,-2.0,1.0
2264,SNIc/sn2004dn.p0052.dat,E,12.187975877404995,0.13,0.07094158076123082,0.5112038130370065,-2.0,1.0
2265,SNIb/sn2009iz.p0011.dat,E,12.196366497003982,0.07,0.0508832473024276,0.6722707081289291,-2.0,1.0
2266,SNIb/sn2005bf.p0029.dat,E,12.197863470276408,0.11000000000000001,0.08206327177318683,0.448580138812188,-2.0,1.0
2267,SNIa-SS/sn2008Z.p0023.dat,E,12.216690730077278,0.07,0.12919173923036736,0.5180316792279689,-1.2014475135636453,1.0
2268,SNIa-CSM/sn2012ca.p0098.dat,E,12.22854774666769,0.07,0.037589011978426325,0.7684198073354155,-2.0,1.0
2269,SNII/sn2004et.p0032.dat,E,12.233653465140963,0.07,0.08759238830786373,0.3603803544244491,-2.0,1.0
2270,SNIc/sn1994I.p0006.dat,E,12.247307631912928,0.07,0.048363221192341196,0.6424795176306143,-1.8849097816809803,1.0
2271,SNIa-CL/sn2007ax.p0017.dat,E,12.250213626380127,0.07,0.08123297613979366,0.4631083277092495,-2.0,1.0
2272,SNIa-SS/sn1998ab.p0036.dat,E,12.250779056252107,0.13,0.07300148051026266,0.4725250307290746,-2.0,1.0
2273,SNIIb/sn2008ax.p0306.dat,E,12.274057600772595,0.09000000000000001,0.05120052284161438,0.6300291863581057,-2.0,1.0
2274,SNIa-CSM/sn1999E.p0056.dat,E,12.278426662906913,0.07,0.059761446891652525,0.5806868526556168,-2.0,1.0
2275,SNIa-BL/sn2007kk.p0021.dat,E,12.288917274596965,0.07,0.03514318612079347,0.756581458283385,-2.0,0.9773223753665687
2276,SNIa-CSM/sn2011km.p0390.dat,E,12.304898911090765,0.07,0.0293047076700611,0.8496815979094254,-2.0,1.0
2277,SNIa-SS/sn2001V.p0023.dat,E,12.306653628234042,0.07,0.03413649594002885,0.7410946951805617,-2.0,1.0
2278,SNIa-SS/sn1998ab.p0046.dat,E,12.30860807652243,0.07,0.05201938336763461,0.6623877039680707,-2.0,1.0
2279,SNIIn/sn1997cy.p0410.dat,E,12.31744780475335,0.08,0.03791438681618898,0.7985016123882569,-2.0,0.9503567411370443
2280,SNIa-CN/sn1998aq.p0059.dat,E,12.335662752055148,0.07,0.03622861040894897,0.7394894537432928,-2.0,1.0
2281,SNIa-SS/sn2001az.p0025.dat,E,12.351698350220996,0.07,0.038106409489782694,0.7354478552528666,-2.0,1.0
2282,SNIIn/sn1997eg.p0088.dat,E,12.351764048234978,0.07,0.034467069047815636,0.85574065978668,-2.0,1.0
2283,SNIa-SS/sn1998es.p0056.dat,E,12.354019438323775,0.07,0.04695457163364691,0.6636194545237221,-2.0,1.0
2284,SNIa-SS/sn2008Z.p0048.dat,E,12.361326115935885,0.07,0.05445189379894739,0.6014113222790496,-2.0,1.0
2285,SNIa-BL/sn2002hd.p0016.dat,E,12.369503703773875,0.07,0.03963881425489947,0.727728227762855,-2.0,1.0
2286,SNIa-BL/sn1999cc.p0018.dat,E,12.381477731405527,0.07,0.03920521276028344,0.7389554621345239,-2.0,1.0
2287,SNIa-CN/sn2003kf.p0070.dat,E,12.385900382365119,0.07,0.03718097884630952,0.725978353058186,-2.0,1.0
2288,SNIb/sn2005hg.p0087.dat,E,12.38892877736038,0.13,0.05581316674405252,0.5884712346136641,-2.0,1.0
2289,SNIc/sn2005az.p0025.dat,E,12.391933161129073,0.07,0.08706684920425009,0.40886578543015517,-2.0,1.0
2290,SNII/sn2012aw.p0047.dat,E,12.392385141432419,0.07,0.05000256990614664,0.6240219571276922,-2.0,1.0
2291,SNIa-CN/sn1998co.p0028.dat,E,12.407110293814425,0.07,0.059132757363542336,0.5932662633960564,-2.0,1.0
2292,SNIIb/sn2008bo.p0093.dat,E,12.414717539727015,0.11000000000000001,0.06191048689962183,0.5251287414300286,-2.0,1.0
2293,SNIa-CN/sn1998aq.p0065.dat,E,12.415473782228215,0.07,0.0709216373556736,0.6988032407612126,-1.4204176636285568,1.0
2294,SNII/sn2012aw.p0056.dat,E,12.427596439203707,0.07,0.03642727380079929,0.6767104541109363,-2.0,1.0
2295,SNII/sn2004et.p0027.dat,E,12.445032464810339,0.08,0.09622278012069484,0.31296149248441707,-2.0,1.0
2296,SNIIb/sn1998fa.p0050.dat,E,12.457098484500108,0.07,0.08144679791445857,0.49508520592786975,-2.0,1.0
2297,SNIa-CN/sn2003du.p0059.dat,E,12.458351406308093,0.07,0.03232780067567867,0.7387430067297521,-2.0,1.0
2298,SNIa-BL/sn2000cf.p0025.dat,E,12.46310414956908,0.13,0.0619356739058387,0.5461582346282075,-2.0,1.0
2299,SNIa-SS/sn2001eh.p0059.dat,E,12.463407844623394,0.07,0.04070754674090578,0.7368600899635314,-2.0,1.0
2300,SNIa-CN/sn2003kf.p0068.dat,E,12.46663934274968,0.07,0.03740872461817189,0.7283893995779004,-2.0,1.0
2301,SNIa-BL/sn2006ac.p0018.dat,E,12.482900094409334,0.07,0.03220333183534839,0.7590336815746254,-2.0,1.0
2302,SNIIn/sn1997eg.p0048.dat,E,12.491276155965735,0.07,0.036482352744546864,0.8582002014105865,-2.0,0.9629587255233706
2303,SNIIn/snOGLE-2013-SN-019.p0006.dat,E,12.50319645207069,0.13,0.09428699541584036,0.29951675888735296,-1.894947370056623,1.0
2304,SNIa-CN/sn2003cg.p0011.dat,E,12.50803516139833,0.07,0.050331940162353456,0.5931519441217505,-2.0,1.0
2305,SNII/sn1987A.p0713.dat,E,12.508280812919034,0.07,0.011850865447125677,0.9082982732565055,-2.0,1.0
2306,SNIIn/sn2010jl.p0114.dat,E,12.524083473256841,0.07,0.036545657353557734,0.809660258111638,-1.953768272612499,1.0
2307,SNIIb/sn2000H.p0016.dat,E,12.524430398336499,0.07,0.07850473736860032,0.48627607427747,-2.0,1.0
2308,SNIa-SS/sn2002hu.p0073.dat,E,12.53250449481299,0.07,0.04000924951717471,0.7879314898658668,-1.4994635313661397,1.0
2309,SNIIb/sn1993J.p0278.dat,E,12.540239596155882,0.09000000000000001,0.027332853228000158,0.8305164884874169,-2.0,1.0
2310,SNIa-BL/sn2003kc.p0024.dat,E,12.552001996622174,0.07,0.054855235576571806,0.6182816084333045,-2.0,1.0
2311,SNIa-CL/sn2002fb.p0053.dat,E,12.569519942704098,0.07,0.02418014085664319,0.7961588341878783,-2.0,1.0
2312,SNIa-BL/sn1997do.p0048.dat,E,12.58356398995895,0.07,0.04421040876114876,0.7051996144736554,-2.0,1.0
2313,SNIb/sn1998dt.p0011.dat,E,12.584820214589563,0.07,0.06227970576865044,0.5830139488649787,-2.0,1.0
2314,SNIc-bl/sn2003jd.p0021.dat,E,12.590608068122041,0.07,0.06200940729507306,0.5664700362300851,-2.0,1.0
2315,SNIa-SS/sn2000cx.p0036.dat,E,12.593873123594232,0.07,0.045020565032308876,0.6734676053944225,-2.0,1.0
2316,SNIa-BL/sn2001gc.p0013.dat,E,12.59443319446423,0.08,0.03781552876245917,0.7118407281741573,-2.0,1.0
2317,SNIIb/sn2008bo.p0016.dat,E,12.596250532840866,0.07,0.05861044827598012,0.6311987462623312,-2.0,1.0
2318,SNIIb/sn2008ax.p0094.dat,E,12.6101572545493,0.11000000000000001,0.053417822927876196,0.5298298939296174,-2.0,1.0
2319,SNIa-CSM/sn2012ca.p0125.dat,E,12.636591421688834,0.07,0.03177034907598511,0.8163277540834274,-2.0,1.0
2320,SNIc-bl/sn1997ef.p0075.dat,E,12.637519536888677,0.07,0.049318231285199014,0.6146221095444667,-2.0,1.0
2321,SNIa-CSM/sn2012ca.p0141.dat,E,12.638198384371474,0.07,0.041415251542978614,0.8461535979386913,-1.540534646387547,1.0
2322,SNIIn/sn2015da.m0001.dat,E,12.645459451582196,0.07,0.13806763833904184,0.17310682901586016,-2.0,1.0
2323,SNIa-SS/sn1998es.p0025.dat,E,12.647621600660695,0.07,0.04112866561529007,0.695789540158089,-2.0,1.0
2324,SNII/sn2005cs.p0035.dat,E,12.658188617381175,0.07,0.044966085642594834,0.6637559926011207,-2.0,1.0
2325,SNIc/sn2004dn.p0034.dat,E,12.670721459197487,0.07,0.07938043120302261,0.4859154159732043,-2.0,1.0
2326,SNIIn/sn1997eg.m0008.dat,E,12.677738214174294,0.07,0.03567459042248433,0.8552332239549197,-2.0,1.0
2327,SNII/sn2002gd.p0037.dat,E,12.69604560357659,0.07,0.0683118501783077,0.5723951089651158,-2.0,1.0
2328,SNII/sn1999em.p0005.dat,E,12.71413601354128,0.13,0.06580631285911269,0.6437362746885992,-2.0,0.9522593991465048
2329,SNIIb/sn1996cb.p0006.dat,E,12.71560376629796,0.07,0.06590750564831949,0.5863450669348451,-2.0,1.0
2330,SLSN-IIn/sn2006gy.p0107.dat,E,12.718306604726763,0.11000000000000001,0.1555704045868517,0.0,-2.0,1.0
2331,SNIa-CN/sn1998aq.p0062.dat,E,12.742494977995557,0.07,0.05763150237647882,0.7490885194452184,-1.4864654359528044,1.0
2332,SNIb/sn2004gq.p0069.dat,E,12.746217440883058,0.12000000000000001,0.08829040015314088,0.3576420967999777,-1.9898278309396489,1.0
2333,Gap/sn2019abn.p0025.dat,E,12.76886430485517,0.07,0.18571651616969542,0.0,-2.0,1.0
2334,SNIIb/sn2000H.p0030.dat,E,12.76896875412058,0.07,0.041428160872362896,0.6977002907538059,-2.0,1.0
2335,SNIIb/sn1993J.p0096.dat,E,12.774726305296047,0.1,0.052277533745969704,0.5615914437713081,-2.0,1.0
2336,SNIIn/sn2010jl.p0117.dat,E,12.779358173433184,0.07,0.030134877554033844,0.8370045664249489,-2.0,1.0
2337,SNIa-BL/sn2001bg.p0019.dat,E,12.780009152204086,0.07,0.029082505878855736,0.7696935639544186,-2.0,1.0
2338,SNIa-CN/sn2003cg.p0009.dat,E,12.842879119106595,0.08,0.0689755390347675,0.450503707913093,-2.0,1.0
2339,SNIb/sn1998dt.p0032.dat,E,12.849108670454983,0.12000000000000001,0.07870955219532567,0.43000414770628964,-2.0,1.0
2340,SNIa-CL/sn2007ax.p0021.dat,E,12.85031915309997,0.07,0.07776797859050623,0.4970309691297244,-2.0,1.0
2341,SNIIn/sn1998S.p0096.dat,E,12.85761182397729,0.07,0.03602205309771957,0.767940498938852,-2.0,1.0
2342,SNIa-CN/sn1994D.p0055.dat,E,12.86359133952121,0.07,0.03728243304797535,0.727946166806445,-2.0,1.0
2343,SNII/sn1987A.p0803.dat,E,12.865184638253075,0.07,0.01618852780326715,0.9209121510881872,-2.0,1.0
2344,SNIa-CN/sn2003du.p0060.dat,E,12.875287206626396,0.07,0.03786957274202551,0.7290671211630895,-2.0,1.0
2345,SNII/sn2013am.p0019.dat,E,12.884541002920685,0.07,0.08766708074467366,0.49029054759034774,-2.0,1.0
2346,SNIa-BL/sn2004dt.p0019.dat,E,12.887205682673626,0.07,0.03729517478041139,0.7787000483400349,-1.8649925076006968,1.0
2347,SNIc-bl/sn2002ap.p0031.dat,E,12.887238775040862,0.07,0.05788276526155816,0.5653745340381616,-2.0,1.0
2348,SNIa-BL/sn2003W.p0021.dat,E,12.896084829542415,0.07,0.049248608839523686,0.6505189619860777,-2.0,1.0
2349,SNIa-CN/sn1998aq.p0057.dat,E,12.901020750259686,0.07,0.03510318382517352,0.7442054085972554,-2.0,1.0
2350,SNIa-SS/sn2005M.p0025.dat,E,12.901177754009705,0.07,0.035922664161619496,0.7358307931485726,-2.0,1.0
2351,SNIIn/sn2010jl.p0079.dat,E,12.935565514137101,0.08,0.04700810773323687,0.7222051966347777,-2.0,1.0
2352,SNIb/sn2005bf.p0022.dat,E,12.95252148937058,0.11000000000000001,0.07710822538066969,0.4735962132303535,-2.0,1.0
2353,SNIIb/sn2008ax.m0019.dat,E,12.953766503053306,0.07,0.050316910462362335,0.681473292601159,-2.0,1.0
2354,SNIb/sn2004gv.p0015.dat,E,12.965020651836253,0.07,0.0531921261702182,0.6276831794337009,-2.0,1.0
2355,SNIa-BL/sn2007le.p0019.dat,E,12.987425595239579,0.07,0.02639523773135906,0.778857490075599,-2.0,1.0
2356,SNIa-CN/sn2003cg.p0010.dat,E,12.990975544455573,0.07,0.05138032866971075,0.5924191218546673,-2.0,1.0
2357,SNIc/sn1990B.p0065.dat,E,12.998267170262936,0.07,0.10069454250336415,0.40077744268258547,-2.0,1.0
2358,SNIIb/sn2008ax.p0121.dat,E,13.005607210885966,0.1,0.04633041177784705,0.6190658993270419,-2.0,1.0
2359,SNIa-BL/sn2002bo.p0016.dat,E,13.032367823370127,0.07,0.02689493214464648,0.7781660622956804,-2.0,1.0
2360,SNIa-SS/sn1999aa.p0052.dat,E,13.033575235440004,0.07,0.038072217741083554,0.7314833765167982,-2.0,1.0
2361,SNIa-CN/sn2003kf.p0021.dat,E,13.03969679905595,0.07,0.056979345188328916,0.6403794287478232,-1.6741511835655705,1.0
2362,SNII/sn1987A.p0586.dat,E,13.041292723973655,0.07,0.01,0.8613682566590556,-1.9079530284009292,1.0
2363,SNIIb/sn1993J.p1013.dat,E,13.054423078276194,0.07,0.04366654828593751,0.7614538399081167,-2.0,1.0
2364,SNIa-CN/sn1998aq.p0054.dat,E,13.056003892331415,0.07,0.0340056826515925,0.7529684146326368,-2.0,1.0
2365,SNIIn/sn2015da.m0053.dat,E,13.057103097349486,0.07,0.062376102277276996,0.6359128323775234,-2.0,1.0
2366,SNIb/sn2009jf.p0079.dat,E,13.057748365378973,0.07,0.0442173117404354,0.709070846051652,-2.0,1.0
2367,SNIIb/sn2008ax.p0006.dat,E,13.062443695605843,0.07,0.054579282220915196,0.5885707614549684,-2.0,1.0
2368,SNIb-n/sn2006jc.p0118.dat,E,13.063690257324781,0.12000000000000001,0.05354656398674029,0.723520499413345,-2.0,1.0
2369,SNIa-CN/sn2003du.p0056.dat,E,13.07744305718094,0.07,0.037258822182855665,0.7366300150627966,-2.0,1.0
2370,SNIa-CN/sn2007ca.p0046.dat,E,13.088317331446675,0.07,0.056966602134372796,0.6252063389306021,-2.0,1.0
2371,SNIa-CN/sn2008bf.p0060.dat,E,13.103371410330944,0.07,0.04564781525426401,0.8088755996223012,-1.553304475138281,1.0
2372,SNIc-bl/sn2007ru.p0036.dat,E,13.105339029818374,0.07,0.043449410976998164,0.6635935014224423,-2.0,1.0
2373,SNIa-BL/sn2006X.p0001.dat,E,13.108126950335109,0.1,0.08338747846797911,0.39925966602457297,-2.0,1.0
2374,SNIc/sn2004dn.p0054.dat,E,13.108162760427984,0.07,0.06094795515449328,0.6052627687588388,-2.0,1.0
2375,SNIIn/sn2015da.m0057.dat,E,13.10841413018261,0.07,0.06141897103328035,0.6428342559692315,-2.0,1.0
2376,SNIa-BL/sn2005am.p0063.dat,E,13.110184432381583,0.07,0.032306161208431,0.7745644320229869,-2.0,1.0
2377,SNIa-SS/sn1999aa.p0054.dat,E,13.12814409251509,0.07,0.03671537330223258,0.7404727334390723,-2.0,1.0
2378,SNIa-CN/sn2008ar.p0056.dat,E,13.143499858782349,0.07,0.04664488254317287,0.686849291963619,-2.0,1.0
2379,SNIb/sn2009jf.p0023.dat,E,13.170524475905207,0.07,0.06943281789397102,0.5168819747297441,-2.0,1.0
2380,SNIa-BL/sn2007le.p0017.dat,E,13.175894422856274,0.07,0.07153139255192038,0.6709330475256252,-1.3296647493920353,1.0
2381,SNIa-SS/sn2001eh.p0026.dat,E,13.178429914046529,0.07,0.03685109198845556,0.7447560088363382,-2.0,1.0
2382,SNIa-BL/sn2007af.p0070.dat,E,13.180213415155082,0.07,0.030438535005881187,0.782608963405167,-2.0,1.0
2383,Gap/sn2019abn.p0016.dat,E,13.183561738600712,0.07,0.17404171184062567,0.0,-2.0,1.0
2384,SNIa-SS/sn2001eh.p0025.dat,E,13.196187576113942,0.07,0.03555273248433756,0.7501393415510529,-2.0,1.0
2385,SNIc/sn1994I.p0009.dat,E,13.201005016138255,0.07,0.057150572074989504,0.5197413464828449,-2.0,1.0
2386,SNIa-BL/sn1997do.p0021.dat,E,13.21160924529395,0.07,0.021979361198982555,0.785282071542094,-2.0,1.0
2387,SNIa-BL/sn1999gh.p0011.dat,E,13.21528509831711,0.07,0.045392748854206334,0.6986410599691795,-1.8029212070265699,1.0
2388,SNIa-BL/sn2001ay.p0031.dat,E,13.217560523084867,0.07,0.04520561516326758,0.6791772004010252,-2.0,1.0
2389,SNIa-CN/sn1994D.p0050.dat,E,13.222121135321107,0.07,0.03535357169751722,0.7419376241468886,-2.0,1.0
2390,SNIb/sn2004gq.p0078.dat,E,13.26230898831881,0.11000000000000001,0.07482523376877818,0.45996194265766194,-2.0,1.0
2391,SNIa-SS/sn2005eq.p0054.dat,E,13.281636252377245,0.07,0.04480221681203003,0.7002252323370108,-2.0,0.9991773607038124
2392,SNIa-CN/sn2007fs.p0055.dat,E,13.283788267544955,0.07,0.03593036506261049,0.7431027889324872,-2.0,1.0
2393,SNIIn/sn2010jl.p0159.dat,E,13.283976991331695,0.07,0.02511157968025422,0.8637599598200015,-2.0,1.0
2394,SNIa-SS/sn2002cx.p0015.dat,E,13.304641787919252,0.07,0.050681623025073896,0.6674086979998738,-2.0,1.0
2395,SNIa-CSM/sn1999E.p0142.dat,E,13.305000353140626,0.12000000000000001,0.08002176431151871,0.3694283186111022,-2.0,1.0
2396,SNIa-CN/sn2002cr.p0019.dat,E,13.30681683036191,0.07,0.04331424053541842,0.77752802297362,-1.6632709960101146,1.0
2397,SNIc-bl/sn2003jd.p0027.dat,E,13.314809962309084,0.07,0.04879733893569911,0.655532060091224,-2.0,1.0
2398,SNIa-CL/sn2007fb.p0058.dat,E,13.335423266387703,0.07,0.0613538984657632,0.7996278165924171,-1.5007205129901808,1.0
2399,SNIIn/sn2005kj.p0155.dat,E,13.348163372970914,0.1,0.06697423556171013,0.5451815593939832,-2.0,1.0
2400,SNIb/sn2009iz.p0012.dat,E,13.352544962831098,0.12000000000000001,0.0584928167423038,0.5711332257624424,-2.0,1.0
2401,SNIa-BL/sn2002cd.p0015.dat,E,13.356539582468763,0.07,0.0298940745483351,0.8287432872595558,-1.67906641938005,1.0
2402,SNIa-BL/sn2007af.p0092.dat,E,13.358145998346373,0.08,0.03144979347492052,0.7806501418983007,-2.0,1.0
2403,SNIIb/sn2008ax.m0018.dat,E,13.391813872030646,0.07,0.051055159699017465,0.6565080001714447,-2.0,1.0
2404,SNIa-CN/sn1994S.p0027.dat,E,13.400117463031016,0.07,0.03231094707901464,0.7712896729318489,-2.0,1.0
2405,SNIa-CN/sn2003du.p0025.dat,E,13.406492685091715,0.07,0.032902316496634054,0.7665369161818386,-2.0,1.0
2406,SNIb/sn1998dt.p0012.dat,E,13.40690259313889,0.07,0.059538050636122566,0.6086420927805463,-2.0,1.0
2407,SNIb/sn2009jf.p0057.dat,E,13.411482948095088,0.07,0.04899770895965025,0.6614988071709725,-2.0,1.0
2408,SNIIn/sn1997eg.p0116.dat,E,13.412345827463666,0.07,0.029763754370497348,0.8780061121492785,-2.0,1.0
2409,SNIa-BL/sn2001ay.p0029.dat,E,13.412653987349692,0.07,0.04366468054589304,0.6897322819227285,-2.0,1.0
2410,SNIc-bl/sn1998bw.p0199.dat,E,13.416992807465343,0.09000000000000001,0.020746423250968357,0.7952131894779154,-2.0,1.0
2411,SNIIn/sn2010jl.p0164.dat,E,13.419167531849073,0.07,0.025415884485978504,0.8698033660703174,-2.0,1.0
2412,SNIa-SS/sn2000cx.p0037.dat,E,13.439624386432248,0.07,0.06693366957713992,0.678501007847176,-1.5702636472049032,1.0
2413,SNIb/sn2009jf.p0053.dat,E,13.454110819521699,0.07,0.04894253916149748,0.6585397378609738,-2.0,1.0
2414,SNIa-CL/sn2007hj.p0012.dat,E,13.45676455642863,0.07,0.03602455049359826,0.7146467315100112,-2.0,1.0
2415,SNIIn/sn2005ip.p0119.dat,E,13.469553971223117,0.07,0.024437742032320953,0.888172112414376,-2.0,1.0
2416,SNIb/sn2007C.p0007.dat,E,13.471150845993902,0.07,0.06636423941623991,0.5316759172439041,-2.0,1.0
2417,SNIb/sn2004gv.p0013.dat,E,13.479993203025185,0.07,0.0665694314969211,0.5585844817997507,-2.0,1.0
2418,SNIa-CN/sn2001G.p0039.dat,E,13.49944074099248,0.07,0.058821101396766586,0.5933270222019971,-2.0,1.0
2419,SNIb/sn2009jf.p0032.dat,E,13.518485029883175,0.07,0.06585732835946473,0.5496205525421927,-2.0,1.0
2420,SNIIn/sn1994ak.p0003.dat,E,13.520598131574896,0.13,0.04114111968258279,0.7876467692931013,-2.0,1.0
2421,SNIc/sn2007gr.p0019.dat,E,13.523630645163395,0.07,0.06804611904120042,0.557022466804576,-2.0,1.0
2422,SNIa-CL/sn1999by.p0006.dat,E,13.526027758330626,0.08,0.05694150190866914,0.5698528760163358,-2.0,1.0
2423,SNIa-BL/sn2001ep.p0067.dat,E,13.547515929470972,0.07,0.03594318202365716,0.7735873941283622,-2.0,1.0
2424,SNIa-SS/sn2005eq.p0051.dat,E,13.5504812740516,0.07,0.042087094770392776,0.7170925926307639,-2.0,0.9948753958944281
2425,SNII/sn2002gd.p0110.dat,E,13.551618515266245,0.07,0.04699410323692292,0.701945249299302,-2.0,1.0
2426,SNIc-bl/sn2002ap.p0120.dat,E,13.553829655290967,0.08,0.022639010987430166,0.809970752136635,-2.0,1.0
2427,SNII/sn2009N.p0040.dat,E,13.561527289079706,0.07,0.06878040269306587,0.7018798853012708,-1.52285111303076,1.0
2428,SNIa-BL/sn2007bm.p0016.dat,E,13.56683218884321,0.07,0.03167402229167383,0.7385172884112877,-2.0,1.0
2429,SNIa-SS/sn2006gr.p0024.dat,E,13.577168410608348,0.07,0.032980184109144696,0.7705364508718842,-2.0,0.9907209090909088
2430,SNIb/sn2005bf.p0032.dat,E,13.58259720913236,0.12000000000000001,0.06615609647786025,0.5642007950058942,-2.0,1.0
2431,SNIc/sn1994I.p0011.dat,E,13.600115509869065,0.07,0.0542080701842857,0.5764787086608603,-2.0,1.0
2432,SNIIn/sn2010jl.p0206.dat,E,13.616339595820367,0.07,0.024091361942008144,0.8788349316654968,-2.0,1.0
2433,SNIa-BL/sn2001bf.p0065.dat,E,13.621506303172925,0.07,0.03327793127698763,0.7917084961288363,-2.0,1.0
2434,SNIb/sn2009jf.p0028.dat,E,13.66284949616805,0.07,0.06392553925860785,0.5589335085265126,-2.0,1.0
2435,SNIa-BL/sn2002bo.p0072.dat,E,13.674477207890632,0.07,0.03372390001052978,0.7629946237049952,-2.0,1.0
2436,SNIa-CN/sn2008ar.p0023.dat,E,13.67853705127442,0.07,0.033476176591122654,0.7540580636865418,-2.0,1.0
2437,SNIb/sn2009jf.p0059.dat,E,13.682321174460826,0.07,0.04431148931930812,0.6986716289050592,-2.0,1.0
2438,SNIIn/sn2005db.p0053.dat,E,13.709887032303627,0.13,0.1303487585784413,0.09666147104041978,-2.0,1.0
2439,SLSN-II/sn2020bfe.p0215.dat,E,13.737423124332755,0.07,0.023449984035106022,0.8596986654949761,-2.0,1.0
2440,SNIIn/sn1997eg.p0299.dat,E,13.738699297544986,0.07,0.03174683799627618,0.840747850470471,-2.0,1.0
2441,SNIa-CN/sn2005cf.p0021.dat,E,13.73989129929766,0.07,0.02912852427497311,0.7743232188886828,-2.0,1.0
2442,SNIb/sn2009iz.p0013.dat,E,13.748933300305401,0.07,0.046608051373581746,0.7604905416345134,-1.8469288958425134,1.0
2443,SNIa-SS/sn2001eh.p0027.dat,E,13.773732923467088,0.07,0.03533248669614291,0.7580584837877912,-2.0,1.0
2444,SNIa-BL/sn2007le.p0020.dat,E,13.814301141207949,0.07,0.024899886193394775,0.7908928334894774,-2.0,1.0
2445,SNIa-CN/sn2006lf.p0013.dat,E,13.85357516659932,0.07,0.038336005308135766,0.8269147005006079,-1.5622809171136236,1.0
2446,SNII/sn1999em.p0047.dat,E,13.863069854839756,0.07,0.06268244731161987,0.6221620635801528,-2.0,1.0
2447,SNIa-CN/sn1996X.p0058.dat,E,13.866880367472039,0.07,0.029451373036505277,0.775326673252089,-2.0,1.0
2448,SNIa-CN/sn1998V.p0041.dat,E,13.876798105174661,0.07,0.03449483684818147,0.7707516682138997,-2.0,1.0
2449,SNIa-SS/sn1998es.p0051.dat,E,13.892897348247125,0.07,0.037733657987692286,0.7349451845910153,-2.0,1.0
2450,SNIa-CN/sn2002do.p0019.dat,E,13.902551100980933,0.08,0.07969491192389866,0.49782061531159977,-2.0,1.0
2451,SNIa-CL/sn2007bc.p0060.dat,E,13.90982888744627,0.07,0.030706065715028884,0.7943888709635294,-2.0,1.0
2452,SNIa-CN/sn2000ce.p0020.dat,E,13.9210402556815,0.07,0.034101803470589415,0.741886416071587,-2.0,1.0
2453,SNIa-CN/sn2003du.p0049.dat,E,13.925776895890158,0.07,0.0334914374296524,0.765556703783609,-2.0,1.0
2454,SNIa-BL/sn2001bf.p0058.dat,E,13.958385335318207,0.07,0.038976150652042,0.73861121191447,-2.0,1.0
2455,SNIa-SS/sn1999aa.p0048.dat,E,13.964661390588798,0.07,0.03464466079122486,0.7581685455039552,-2.0,1.0
2456,SNIa-CN/sn1998aq.p0050.dat,E,13.967853971634964,0.07,0.031167322787447577,0.7742630434051949,-2.0,1.0
2457,SNIa-BL/sn1998ec.p0020.dat,E,13.988470891258821,0.07,0.035636555904466925,0.8412739781477812,-1.5191704686370695,1.0
2458,SNIa-BL/sn2001da.p0057.dat,E,13.99649190988949,0.07,0.03997592213934305,0.7203416376120308,-2.0,1.0
2459,SNIa-SS/sn2001V.p0057.dat,E,14.006855481689986,0.07,0.031906948347277225,0.7662453381181643,-2.0,1.0
2460,SNIIb/sn2008ax.p0080.dat,E,14.015878231598577,0.11000000000000001,0.06295592353143407,0.514900166971906,-2.0,1.0
2461,SNIIn/sn1994Y.p0264.dat,E,14.02376844107682,0.07,0.015027356769478358,0.9597717040154123,-2.0,1.0
2462,SNIa-CN/sn2001G.p0037.dat,E,14.038426734562156,0.07,0.04156210930460113,0.7034704232357525,-2.0,1.0
2463,SNIIb/sn1998fa.p0067.dat,E,14.079102091470226,0.09000000000000001,0.06569065491028717,0.6164436684724779,-2.0,1.0
2464,SNIIn/sn2010jl.p0208.dat,E,14.084879820149789,0.07,0.01940694321037592,0.900490266521713,-2.0,0.951719292574388
2465,SNIa-BL/sn2003W.p0030.dat,E,14.08983538452911,0.07,0.05828340826174165,0.6051456912418676,-2.0,1.0
2466,SNIa-BL/sn2001ay.p0036.dat,E,14.097989764899626,0.07,0.04256882018566058,0.6985574989376493,-2.0,1.0
2467,SNIIb/sn1993J.p0150.dat,E,14.127979425739474,0.09000000000000001,0.03223171421373883,0.7487572735666195,-2.0,0.9717651736482298
2468,SNIa-BL/sn2001ay.p0055.dat,E,14.133567078995622,0.07,0.0705444123770686,0.5925775311178685,-1.6096076081399815,1.0
2469,SNIb/sn2004gq.p0016.dat,E,14.139747340959847,0.07,0.057549712821929465,0.5925441291009638,-2.0,1.0
2470,SNIa-CN/sn1998eg.p0023.dat,E,14.140818459914584,0.07,0.032614568234621825,0.7583430545567191,-2.0,1.0
2471,SNIa-CL/sn1999by.p0007.dat,E,14.143892916684282,0.07,0.03852452673294323,0.722866790609926,-2.0,1.0
2472,SNIb/sn2005bf.p0028.dat,E,14.154474379346306,0.11000000000000001,0.07107702065284145,0.5111589841714699,-2.0,1.0
2473,SNIc-bl/sn2003jd.p0022.dat,E,14.157940310156565,0.07,0.04858083567206014,0.6696243409332061,-2.0,1.0
2474,SNII/sn2005cs.p0043.dat,E,14.169327787648543,0.07,0.0329442644052011,0.7293955654826653,-2.0,1.0
2475,SNIIn/sn2015da.m0070.dat,E,14.186551612461699,0.07,0.03941533992970266,0.7833089772462895,-2.0,1.0
2476,SNIb/sn2008D.p0062.dat,E,14.190602034046183,0.07,0.044307347755280724,0.6554628877140436,-2.0,1.0
2477,SNIb/sn2007C.p0041.dat,E,14.197822671958567,0.12000000000000001,0.09174953046429704,0.3458696406758965,-2.0,1.0
2478,SNIa-CN/sn2006N.p0028.dat,E,14.205130453240884,0.07,0.06494885385355047,0.5752707627780799,-2.0,1.0
2479,SNIa-BL/sn2001ep.p0061.dat,E,14.239350711527205,0.07,0.03138768237182116,0.7935538334642304,-2.0,1.0
2480,SNIa-SS/sn1999dq.p0026.dat,E,14.255179468987873,0.07,0.044882228790125864,0.678265193605569,-2.0,1.0
2481,Gap/sn2000ch.p3086.dat,E,14.267285872541542,0.07,0.029579818146702293,0.8527887438538043,-2.0,1.0
2482,SNIa-CL/sn2007al.p0008.dat,E,14.27023584584617,0.07,0.052987487832445654,0.629256789075072,-2.0,1.0
2483,SNIIn/sn2015da.m0067.dat,E,14.272182842739632,0.07,0.04212968514283383,0.7704485432880996,-2.0,1.0
2484,SNIa-SS/sn2005eq.p0027.dat,E,14.27703507213034,0.07,0.03234400686892541,0.7715714864926347,-2.0,1.0
2485,SNIIb/sn2008ax.p0046.dat,E,14.278180271061995,0.11000000000000001,0.0701298456424934,0.46027235538118993,-2.0,1.0
2486,SNIa-CN/sn1994D.p0020.dat,E,14.278499961911617,0.07,0.03411241337835459,0.748414136725089,-2.0,1.0
2487,SNIa-BL/sn2003W.p0028.dat,E,14.287163770927167,0.07,0.051835324494317735,0.6387965681594535,-2.0,1.0
2488,SNIa-CN/sn1994ae.p0063.dat,E,14.28843970464283,0.07,0.11533449169835987,0.7289786633736752,-0.8225454349575624,1.0
2489,SLSN-II/sn2019xfs.p0122.dat,E,14.288994095748617,0.07,0.05561789952985629,0.5920876088637796,-2.0,1.0
2490,SNIIb/sn1993J.p0234.dat,E,14.30318377800501,0.09000000000000001,0.0278890782982823,0.8445733530487761,-2.0,1.0
2491,SNIa-CN/sn2001fe.p0028.dat,E,14.315071580378744,0.07,0.03385284458439906,0.7578484988427239,-2.0,1.0
2492,SNIc-bl/sn2003jd.p0019.dat,E,14.321264718360911,0.08,0.06461107278985903,0.5359844709397683,-2.0,1.0
2493,SNIa-BL/sn2006X.p0002.dat,E,14.325386028884108,0.1,0.07930865618004182,0.4362447425456147,-2.0,1.0
2494,SNIa-SS/sn2006gr.p0023.dat,E,14.33490912697942,0.07,0.027857839429451442,0.910031029541149,-1.5524156074716842,0.9907209090909088
2495,SNIa-SS/sn2001V.p0024.dat,E,14.341140408143792,0.07,0.046658555851342674,0.6069758462648437,-2.0,1.0
2496,SNIa-CN/sn1994D.p0056.dat,E,14.345018537773853,0.08,0.03936562474205871,0.7253630398581234,-2.0,1.0
2497,SNIa-CN/sn2000dn.p0046.dat,E,14.349109627361806,0.07,0.031624119994542454,0.7992502099753012,-2.0,1.0
2498,SNIIn/sn1994Y.p0206.dat,E,14.358669320006467,0.07,0.01869529762184232,0.9410138310232349,-2.0,1.0
2499,SNIa-BL/sn1997bq.p0041.dat,E,14.360526205489311,0.07,0.037530753376760054,0.7574102757123711,-2.0,1.0
2500,SNIa-BL/sn2001N.p0026.dat,E,14.380068853019438,0.07,0.058978834896946684,0.5995696453072796,-2.0,1.0
2501,SNIIn/sn2015da.p0794.dat,E,14.395520955664724,0.07,0.014553803852699962,0.9326583182531741,-2.0,1.0
2502,SNII/sn2006ov.p0197.dat,E,14.397032317924932,0.07,0.031386708340744855,0.78853181284868,-2.0,1.0
2503,SNII/sn2006bp.p0057.dat,E,14.398392567134382,0.07,0.05241318528243484,0.6701266852149386,-2.0,0.9814076666035776
2504,SLSN-IIn/sn2006gy.p0083.dat,E,14.401974191052657,0.12000000000000001,0.15489617868379627,0.0,-2.0,1.0
2505,SNIa-SS/sn2007if.p0014.dat,E,14.412957082968738,0.13,0.052763179004638505,0.62905587662594,-2.0,1.0
2506,SNIa-BL/sn2001ep.p0057.dat,E,14.425548613696701,0.07,0.031439692595191776,0.7904912326208969,-2.0,1.0
2507,SNIa-BL/sn1997bp.p0019.dat,E,14.426044511634302,0.07,0.02148926341989478,0.9022014206962112,-1.634265949910534,1.0
2508,SNII/sn2013am.p0022.dat,E,14.459787617561084,0.07,0.07776265130298077,0.5434701450536787,-2.0,1.0
2509,SNIa-SS/sn2001V.p0052.dat,E,14.476863838149566,0.07,0.027585134531342346,0.7789797961627217,-2.0,1.0
2510,SNIIn/sn1997eg.p0111.dat,E,14.481146033249956,0.07,0.03785898498661568,0.8382447838999977,-1.8604816090630134,1.0
2511,SNIa-CN/sn1999ac.p0062.dat,E,14.485236130943338,0.07,0.028739730834107902,0.811856560205518,-2.0,1.0
2512,SNIa-CN/sn1996ai.m0001.dat,E,14.492639475846804,0.1,0.14869566946711882,0.04716675594564103,-2.0,1.0
2513,SNIa-SS/sn1999gp.p0035.dat,E,14.498525511931614,0.13,0.07037364552744023,0.4631338530079667,-2.0,1.0
2514,SNIa-CN/sn2007fs.p0051.dat,E,14.503144871928521,0.07,0.030293252820581897,0.7823112525798662,-2.0,1.0
2515,SLSN-IIn/sn2006gy.p0166.dat,E,14.50352804923034,0.08,0.17111262899599325,0.0,-2.0,1.0
2516,SNIb/sn2005hg.p0012.dat,E,14.513411032485065,0.07,0.0454666860190202,0.6978769441952621,-2.0,1.0
2517,SNIa-SS/sn1998ab.p0034.dat,E,14.520171763466546,0.07,0.0397558612601219,0.7404103666495672,-2.0,1.0
2518,SNII/sn1987A.p0525.dat,E,14.52338216533277,0.08,0.01,0.8093546733801976,-1.886807711413003,1.0
2519,Gap/sn2000ch.p3089.dat,E,14.546267644810877,0.07,0.027422194906961954,0.8892565246364442,-2.0,1.0
2520,SNIa-SS/sn2001az.p0044.dat,E,14.551806217570155,0.07,0.02687808573593851,0.7826151548534367,-2.0,1.0
2521,SNIa-CN/sn1998co.p0025.dat,E,14.555757159313217,0.07,0.058877947382418985,0.6177069244543834,-2.0,1.0
2522,SNIIb/sn1993J.p0184.dat,E,14.564129970640249,0.08,0.02219839519813344,0.8809238238703943,-2.0,0.9591314356810666
2523,SNIIb/sn1993J.p2960.dat,E,14.591922181451995,0.12000000000000001,0.026066436135278464,0.8459150244787111,-2.0,1.0
2524,SNIIb/sn1993J.p0948.dat,E,14.60886071013786,0.13,0.04160944453595265,0.7408178652616522,-2.0,1.0
2525,SNIa-CSM/sn2011km.p0025.dat,E,14.620003064942845,0.07,0.02722510040191241,0.8362340418479276,-2.0,1.0
2526,SNIa-BL/sn2007af.p0067.dat,E,14.62343400872519,0.07,0.0398024105213052,0.7942732502226687,-1.6531364888313973,1.0
2527,SNIa-BL/sn1997E.p0041.dat,E,14.632360662990619,0.07,0.030786445639941453,0.7901329459064488,-2.0,1.0
2528,SNIa-SS/sn2001V.p0050.dat,E,14.647095953295532,0.07,0.02955134599048754,0.7852036443999172,-2.0,1.0
2529,SNIc-bl/sn2002ap.p0013.dat,E,14.652770027222111,0.07,0.0482631522781278,0.592730244453492,-2.0,0.9978886084373346
2530,SNII/sn2012aw.p0062.dat,E,14.667226080885701,0.07,0.036467785467878225,0.7330672384408462,-2.0,1.0
2531,SNIa-CN/sn2001cp.p0026.dat,E,14.673951214060331,0.07,0.03130454795183425,0.7712429848900006,-2.0,1.0
2532,SNIa-CL/sn2006H.p0010.dat,E,14.681406870268464,0.07,0.05711924863732055,0.6189800427972556,-2.0,1.0
2533,SNIa-SS/sn2001V.p0049.dat,E,14.684166832094029,0.07,0.030746237688506574,0.781491430010236,-2.0,1.0
2534,SNIa-CSM/sn2011km.p0040.dat,E,14.698082155374795,0.07,0.05963652779092849,0.7514695870215107,-1.3431781650625998,1.0
2535,SNIc-bl/sn1997ef.p0104.dat,E,14.704159542300141,0.08,0.049936674911029474,0.6665531907750654,-2.0,1.0
2536,SNIa-BL/sn2002cd.p0018.dat,E,14.70826999371856,0.07,0.022242228944394163,0.8139667801035276,-2.0,1.0
2537,SNIb/sn2004gv.p0048.dat,E,14.718256941795062,0.13,0.05440343511824007,0.6314461272148516,-2.0,1.0
2538,SNIb/sn2009iz.p0047.dat,E,14.72311046250876,0.11000000000000001,0.05212940594788673,0.5852714639711744,-2.0,1.0
2539,SNIa-SS/sn1999aa.p0042.dat,E,14.754166566981844,0.07,0.031475340890518885,0.780725064571407,-2.0,1.0
2540,SNIc-bl/sn1998bw.p0334.dat,E,14.763968422735353,0.1,0.02408556327808395,0.8165115383257068,-2.0,1.0
2541,SNIIb/sn2008ax.p0008.dat,E,14.776012997831252,0.07,0.048486550976107365,0.6648479838069106,-2.0,1.0
2542,SNIa-BL/sn2001bf.p0059.dat,E,14.785008684565977,0.07,0.027464961589618725,0.8007985075057275,-2.0,1.0
2543,SNIa-SS/sn1999aa.p0044.dat,E,14.806515627239452,0.07,0.0316393656296164,0.7801970174851933,-2.0,1.0
2544,SNIIn/sn1994Y.p0235.dat,E,14.813980231599128,0.07,0.01480306197038738,0.9666003825328893,-2.0,1.0
2545,SNIa-CN/sn2001cp.p0022.dat,E,14.814600483233438,0.07,0.12194912475861082,0.8068417431438486,-0.4703370282379561,1.0
2546,SNIc/sn2005az.p0086.dat,E,14.815443010523921,0.07,0.02723960077196586,0.7925246918595696,-2.0,1.0
2547,SNIa-BL/sn2006ac.p0022.dat,E,14.815529690209594,0.07,0.029864259873763902,0.805175503472717,-2.0,1.0
2548,SNIa-BL/sn2002bo.p0018.dat,E,14.83071635409626,0.07,0.02182235793184864,0.8159703357404852,-2.0,1.0
2549,SNIa-SS/sn1999aa.p0050.dat,E,14.839838957227371,0.07,0.05880541245011698,0.5759983744202378,-1.939513412457479,1.0
2550,SNIa-SS/sn1998es.p0044.dat,E,14.848872492991411,0.07,0.03347624314194331,0.7576639272938915,-2.0,1.0
2551,Gap/sn2015dl.p0003.dat,E,14.853441760777997,0.07,0.09097853985788881,0.43054318813086173,-2.0,1.0
2552,SNIa-CN/sn2008bf.p0042.dat,E,14.8588846584661,0.07,0.029829315134298505,0.7931370765761673,-2.0,1.0
2553,SNIa-BL/sn2007le.p0021.dat,E,14.862615110275422,0.07,0.0217604470716119,0.8172879775775723,-2.0,1.0
2554,SNIa-BL/sn2007le.p0018.dat,E,14.87033773235406,0.07,0.11505185609161289,0.7598017024599503,-0.5063143763428407,1.0
2555,SNIa-CN/sn2007fs.p0048.dat,E,14.874769997119973,0.07,0.029968298230180296,0.7921010728748648,-2.0,1.0
2556,SNIa-BL/sn1999cl.p0008.dat,E,14.875915220316479,0.07,0.03515298036546481,0.7283896717247237,-2.0,1.0
2557,SNIa-SS/sn1999aa.p0027.dat,E,14.884970181409278,0.07,0.030081924137257913,0.7900220132460887,-2.0,1.0
2558,SNIIn/sn2015da.m0079.dat,E,14.889006936429507,0.07,0.031717599707271525,0.8335565975323872,-2.0,1.0
2559,SNIb/sn2004gv.p0019.dat,E,14.889306010096902,0.07,0.045239018724753916,0.7175191599278414,-2.0,1.0
2560,SNIb/sn1998dt.p0017.dat,E,14.890566263882508,0.07,0.052050475788343355,0.6699234490601725,-2.0,1.0
2561,SNIa-CL/sn2006H.p0012.dat,E,14.900563074528037,0.07,0.06789958120080009,0.5697998812009942,-2.0,1.0
2562,SNII/sn1999br.p0019.dat,E,14.906703254442984,0.13,0.02175653176571913,0.8707447761624624,-2.0,1.0
2563,SNIa-SS/sn2001V.p0047.dat,E,14.91153481785446,0.07,0.029193929954593238,0.7924317458075398,-2.0,1.0
2564,SNIa-CN/sn2007F.p0053.dat,E,14.915746946727142,0.07,0.028197016300485284,0.8043908185389329,-2.0,1.0
2565,SNII/sn1987A.p0497.dat,E,14.919949504734271,0.07,0.01,0.8479599758326658,-1.7080648529719662,1.0
2566,SNIa-BL/sn2007af.p0063.dat,E,14.9320918027096,0.07,0.033028202931533926,0.8163105631590145,-1.7681204502217882,1.0
2567,SNIa-BL/sn2005am.p0057.dat,E,14.932595673319774,0.07,0.023056749432557047,0.8403985111822461,-2.0,1.0
2568,SNIa-CL/sn2006em.p0004.dat,E,14.966420935270444,0.07,0.040504744637103574,0.7211805528433666,-2.0,1.0
2569,SNIa-BL/sn1994M.p0040.dat,E,14.968089664268604,0.07,0.016141496787489024,0.8555140550992635,-2.0,1.0
2570,SNIa-CN/sn1997Y.p0023.dat,E,14.969429037161294,0.07,0.026525977983132276,0.8107676890136364,-2.0,1.0
2571,SLSN-IIn/sn2006gy.p0052.dat,E,14.985258376144882,0.12000000000000001,0.17588368183482306,0.0,-2.0,1.0
2572,SNIa-CN/sn2003du.p0061.dat,E,14.9945659968952,0.07,0.014260748921227633,0.9759190312622276,-2.0,1.0
2573,SNIa-CN/sn2008ar.p0035.dat,E,14.998257066047895,0.07,0.0428988625519571,0.7256828883111636,-2.0,1.0
2574,SNIIb/sn2006T.p0007.dat,E,15.014811027328197,0.07,0.04565746686576544,0.6702252214343034,-2.0,1.0
2575,SNIb/sn2004gq.p0020.dat,E,15.028764398063938,0.07,0.04879434732264008,0.6643030751050591,-2.0,1.0
2576,SNIa-BL/sn2005am.p0071.dat,E,15.040036435497385,0.07,0.01,0.9799151601552474,-1.5509030698613604,1.0
2577,SNIa-CN/sn2001br.p0027.dat,E,15.041897644194332,0.07,0.04958625635675141,0.6697382549195582,-2.0,1.0
2578,SNIa-CN/sn2001G.p0031.dat,E,15.084355105191154,0.07,0.032546788885009004,0.7693510215657394,-2.0,1.0
2579,SNII/sn1987A.p0513.dat,E,15.090161185665032,0.08,0.01,0.8119830788709514,-1.8469733218815334,1.0
2580,SNII/sn2013am.p0026.dat,E,15.094757282939398,0.07,0.06621134312409536,0.6365744475186637,-2.0,1.0
2581,SNIa-CL/sn1997cn.p0043.dat,E,15.098441865870562,0.07,0.02162107497014548,0.8493178099886297,-2.0,1.0
2582,SNIa-CN/sn1996X.p0020.dat,E,15.099621347262213,0.07,0.023498869921536644,0.8090308456921109,-2.0,1.0
2583,SNIa-CN/sn2002fk.p0044.dat,E,15.112155568784019,0.07,0.028800806930674147,0.8071536691216904,-2.0,1.0
2584,SNIa-CN/sn2003du.p0051.dat,E,15.118365411850498,0.07,0.023720463096362464,0.9164997504007081,-1.637296792466706,1.0
2585,SNIa-SS/sn1999dq.p0029.dat,E,15.122116450878815,0.07,0.04309440654171437,0.7088380710518576,-2.0,1.0
2586,SNIa-SS/sn2001V.p0053.dat,E,15.129230298783515,0.07,0.026500323523879203,0.8113335723826476,-2.0,1.0
2587,SNIa-BL/sn2007af.p0061.dat,E,15.14398076982001,0.07,0.020771366865431407,0.8905653031869801,-1.8937164013336447,1.0
2588,SNIIb/sn2008ax.p0067.dat,E,15.14429716341758,0.11000000000000001,0.06392890658284871,0.5104535491786604,-2.0,1.0
2589,SNIa-CL/sn2007ci.p0013.dat,E,15.15427726378865,0.07,0.023828302332243742,0.8252257849707848,-2.0,1.0
2590,SNIa-BL/sn2001gc.p0018.dat,E,15.159286110614897,0.07,0.019172448393510504,0.864185285157945,-2.0,1.0
2591,SNIa-SS/sn1999aa.p0028.dat,E,15.169861738109422,0.07,0.027335234629542363,0.8101693182156914,-2.0,1.0
2592,SNIIn/sn1997eg.p0139.dat,E,15.170843583484851,0.07,0.019364664339451425,0.9226309762017563,-2.0,1.0
2593,SNIa-CN/sn2005na.p0024.dat,E,15.173918587817255,0.07,0.030392091933371924,0.7873561420561689,-2.0,1.0
2594,SNIb/sn2004dk.p0049.dat,E,15.183633216236359,0.12000000000000001,0.09772956815325562,0.2805826449885036,-2.0,1.0
2595,SNIa-CN/sn1994D.p0040.dat,E,15.198463069964863,0.07,0.027282303536420683,0.8101451193048401,-2.0,1.0
2596,SNIa-CN/sn2006lf.p0016.dat,E,15.204606550999632,0.07,0.038342355395982596,0.7318941557753511,-2.0,1.0
2597,SNIa-CN/sn2003it.p0032.dat,E,15.204727552925116,0.07,0.036573696936213484,0.7734933578377362,-2.0,1.0
2598,SNIIn/sn2015da.p0048.dat,E,15.21148211379865,0.07,0.05341715002751757,0.6991838649544656,-2.0,1.0
2599,SNIa-BL/sn2003W.p0044.dat,E,15.211914102391146,0.07,0.038619531816371414,0.7326197135772416,-2.0,1.0
2600,SNIa-CN/sn1994ae.p0039.dat,E,15.212187844770085,0.07,0.029261260271098596,0.8004030051442547,-2.0,1.0
2601,SNIa-BL/sn2007af.p0058.dat,E,15.22022446996464,0.07,0.025227552175510332,0.8252722603502004,-2.0,1.0
2602,SNIIn/snPTF12csy.p0159.dat,E,15.2258905345041,0.07,0.01825568217576049,0.9363463826476832,-2.0,1.0
2603,SNII/sn1987A.p0005.dat,E,15.227598122176605,0.07,0.01,0.5035077290090487,0.790711539589364,1.0
2604,SNIb/sn2009iz.p0021.dat,E,15.237064187589308,0.11000000000000001,0.07409291083906398,0.4915707643392159,-2.0,1.0
2605,SNIa-CL/sn2002es.p0027.dat,E,15.260860699386505,0.07,0.051326227395270235,0.6984313568230243,-2.0,1.0
2606,SNIa-CN/sn2003kf.p0053.dat,E,15.26446655087614,0.07,0.029189308845877327,0.7982341747924142,-2.0,1.0
2607,SNIa-BL/sn2001ay.p0030.dat,E,15.273347213503312,0.13,0.059788211544327695,0.49548595638655163,-2.0,1.0
2608,SNIa-CL/sn2007ax.p0019.dat,E,15.281537263100535,0.07,0.05253067818547723,0.6714133995801101,-2.0,1.0
2609,SNIa-BL/sn2000cf.p0024.dat,E,15.28776837247701,0.13,0.05608910341592179,0.6100672498517792,-2.0,1.0
2610,SNIa-CL/sn2000dk.p0033.dat,E,15.305687590764826,0.07,0.029483734158971354,0.8010817114465877,-2.0,1.0
2611,SNIa-CN/sn2002fk.p0042.dat,E,15.313518713506227,0.07,0.027718268765515582,0.8183563206961787,-2.0,1.0
2612,SNIa-BL/sn1997bp.p0054.dat,E,15.356196473480505,0.07,0.026550337535589413,0.8114491276402187,-2.0,1.0
2613,SNIa-CL/sn1998bp.p0030.dat,E,15.357767456523423,0.07,0.029408441035118832,0.8024304920496913,-2.0,1.0
2614,SNIIn/sn2015da.m0078.dat,E,15.362895723359571,0.07,0.030871641185510317,0.8468196543582254,-2.0,1.0
2615,SNIIn/sn2015da.m0063.dat,E,15.36432331013364,0.07,0.0433636229228132,0.7773564512430423,-2.0,1.0
2616,SNIa-BL/sn2002he.p0035.dat,E,15.368857359261993,0.07,0.02902971942105917,0.8100122471661949,-2.0,1.0
2617,SNII/sn2012aw.p0450.dat,E,15.384871932204495,0.07,0.012235646353158942,0.9148143228160642,-2.0,1.0
2618,SNIa-CN/sn2007fs.p0061.dat,E,15.385300214884914,0.07,0.1178458635336807,0.6973642027875276,-0.8686931842086276,1.0
2619,SNIa-CN/sn1998dm.p0026.dat,E,15.39033668915948,0.07,0.029885020341940613,0.7767092319251514,-2.0,1.0
2620,SNIIn/sn2006jd.p0440.dat,E,15.394211246286233,0.07,0.022412214940618104,0.9232070791541297,-2.0,1.0
2621,SNIIn/sn2015da.p0857.dat,E,15.41410679535391,0.07,0.010306212560229957,0.9604464994784716,-2.0,1.0
2622,SNIa-BL/sn2006cp.p0041.dat,E,15.420175246804446,0.07,0.031545959045114515,0.8109405878446002,-2.0,1.0
2623,SNIa-SS/sn2008Z.p0042.dat,E,15.430869280639882,0.07,0.029725511690202072,0.7715062822974276,-2.0,1.0
2624,SNIa-CN/sn2001fe.p0038.dat,E,15.44861220023122,0.07,0.02698769064997272,0.8146401861648991,-2.0,1.0
2625,SNIa-BL/sn2004dt.p0058.dat,E,15.45324011252226,0.07,0.03995356467684106,0.8048658968875119,-1.6959229725163285,1.0
2626,SNIa-BL/sn1995al.p0044.dat,E,15.465837088255757,0.07,0.027276035735457636,0.8058340829271053,-2.0,1.0
2627,SNIa-CN/sn2007F.p0026.dat,E,15.469442366478246,0.07,0.016897788394836404,0.9263820851427977,-1.8998930032782586,1.0
2628,SNII/sn1999em.p0044.dat,E,15.478691240209093,0.07,0.06254425076950038,0.6660967363411205,-2.0,1.0
2629,SNIa-BL/sn2004dt.p0053.dat,E,15.48054833015619,0.07,0.026008608847173036,0.8216779852278008,-2.0,1.0
2630,SNIa-CN/sn2005cf.p0023.dat,E,15.4903109028972,0.07,0.023495607973438096,0.8260368803401782,-2.0,1.0
2631,SNIIn/sn2005ip.p0129.dat,E,15.494082866928485,0.07,0.015131836739620168,0.9495811159331198,-2.0,1.0
2632,SNIa-BL/sn2002ha.p0032.dat,E,15.501004385172289,0.07,0.026433060493815105,0.8435359707802327,-2.0,1.0
2633,SNIa-SS/sn1999aa.p0056.dat,E,15.508099202510913,0.07,0.05966956727870016,0.8953242545002171,-0.8280943662728025,1.0
2634,SNIa-CN/sn1994D.p0043.dat,E,15.50904243370924,0.07,0.024850291588590215,0.8285504470295622,-2.0,1.0
2635,SNIa-CN/sn2003kf.p0025.dat,E,15.511374142599193,0.07,0.026054542216837284,0.8090739112845455,-2.0,1.0
2636,SNIa-CL/sn2006H.p0011.dat,E,15.517911293137143,0.07,0.05394274164535874,0.6606558132545048,-2.0,1.0
2637,SNIa-SS/sn2001eh.p0029.dat,E,15.522594485460147,0.07,0.027002199157754394,0.8217271812907891,-2.0,1.0
2638,SNIa-CL/sn2002eu.p0026.dat,E,15.536728502382195,0.07,0.04058751607034827,0.7577507863184185,-2.0,1.0
2639,SNIa-CN/sn2008bf.p0039.dat,E,15.537214276348667,0.07,0.027785033803867962,0.8112062992718314,-2.0,1.0
2640,SNIa-SS/sn2001V.p0048.dat,E,15.545401968414813,0.07,0.025294493903314477,0.8212146001141764,-2.0,1.0
2641,SNIa-BL/sn2007le.p0067.dat,E,15.547699798918874,0.07,0.01925180519453912,0.9286455881107551,-1.6907840657283781,1.0
2642,SNIIn/sn2015da.p0004.dat,E,15.552588872988903,0.09000000000000001,0.1482918677059873,0.0,-2.0,1.0
2643,SNIIn/sn1997eg.p0136.dat,E,15.558501701446314,0.07,0.017674734055965133,0.9339475808323635,-2.0,1.0
2644,SNIa-SS/sn2001V.p0027.dat,E,15.562298296912804,0.07,0.024043917809741928,0.8283780558095064,-2.0,1.0
2645,SNIa-CN/sn2007ca.p0038.dat,E,15.572534559650126,0.13,0.07097667048756906,0.4804030775000695,-2.0,1.0
2646,SNIa-SS/sn2006gr.p0048.dat,E,15.577519119339582,0.07,0.03015408492468794,0.8149367649770032,-2.0,0.9907209090909088
2647,Gap/sn2015dl.p0026.dat,E,15.591533145711228,0.07,0.08109580303925053,0.5293078942059721,-2.0,1.0
2648,SNIa-CN/sn2002fk.p0037.dat,E,15.592300962775894,0.07,0.02751901372149694,0.8208698405898374,-2.0,1.0
2649,SNIa-BL/sn1997bp.p0060.dat,E,15.617733957072494,0.07,0.05289993936921053,0.7799650070224715,-1.390396249489502,1.0
2650,SNIa-BL/sn2002ha.p0035.dat,E,15.624379978659949,0.07,0.025423943092247134,0.8429489571460271,-2.0,1.0
2651,SNIa-CN/sn2000ce.p0022.dat,E,15.648657040475712,0.07,0.027619155460788882,0.8031945685795288,-2.0,1.0
2652,SNIa-CN/sn1999ac.p0054.dat,E,15.654406364188565,0.13,0.04496910216101296,0.6895783775422728,-2.0,0.9783711730205275
2653,SNIa-BL/sn1997bq.p0019.dat,E,15.661128153055323,0.07,0.02108104519798824,0.8425656557451036,-2.0,1.0
2654,SNIa-CN/sn2002fk.p0064.dat,E,15.687394045362392,0.07,0.15856663737538418,0.7084911215897017,-0.5346468081728204,1.0
2655,SNIc-bl/sn2002ap.p0149.dat,E,15.690075183811846,0.08,0.02040171750277254,0.8916009831114301,-2.0,1.0
2656,SNIa-CN/sn2006le.p0048.dat,E,15.714714817426358,0.07,0.027028870318258607,0.8243547570108807,-2.0,1.0
2657,SNIa-CL/sn1997cn.p0020.dat,E,15.727382961966175,0.07,0.041569457545686965,0.767176976832811,-2.0,1.0
2658,SNIIb/sn1993J.p0923.dat,E,15.735630108237302,0.13,0.041320359873638995,0.7623112989806806,-2.0,1.0
2659,SNIa-BL/sn2002bo.p0057.dat,E,15.73987030797952,0.07,0.027955240183333147,0.8299194019099807,-2.0,1.0
2660,SNIa-SS/sn2006gr.p0039.dat,E,15.74657691843475,0.07,0.032229610368628855,0.7999130331917841,-2.0,0.9904196774193547
2661,SNIa-CL/sn1999by.p0008.dat,E,15.754813197326161,0.07,0.029345927514339357,0.7996076065503327,-2.0,1.0
2662,SNIa-SS/sn1999aa.p0029.dat,E,15.768908410541801,0.07,0.023935943591729986,0.8373593592778679,-2.0,1.0
2663,SNIa-SS/sn2007S.p0025.dat,E,15.78461451047214,0.07,0.02704348812182442,0.7956305800415455,-2.0,1.0
2664,SNIa-CN/sn2005cf.p0024.dat,E,15.796393925581793,0.07,0.021729189672977486,0.8441275797647059,-2.0,1.0
2665,SNII/sn1999em.p0063.dat,E,15.821820823724426,0.07,0.012209890159481544,0.9754311809218266,-2.0,0.9674029930299184
2666,SNIa-BL/sn2001ep.p0033.dat,E,15.82499180509429,0.07,0.02716774063936937,0.8234192857325356,-2.0,1.0
2667,SNIIb/sn1996cb.p0039.dat,E,15.838783085115487,0.11000000000000001,0.07863885441511624,0.49389746114395733,-2.0,1.0
2668,SNII/sn2002gd.p0089.dat,E,15.841790512858935,0.07,0.027676581538001413,0.7893241608487007,-2.0,1.0
2669,SNIIn/sn1998S.p0107.dat,E,15.861943455443157,0.07,0.019979873600483124,0.8938426949269919,-2.0,1.0
2670,SNIIn/sn2015da.p0616.dat,E,15.872303363297785,0.07,0.01,0.9648449486152245,-2.0,1.0
2671,SNIIn/sn2010jl.p0392.dat,E,15.886068579210665,0.07,0.01,0.9826317693456021,-2.0,1.0
2672,SNIa-BL/sn2006X.p0004.dat,E,15.888602980215222,0.09000000000000001,0.05955891311986666,0.5624234012229972,-2.0,1.0
2673,SNIa-SS/sn1999aa.p0046.dat,E,15.894666868519582,0.07,0.026910532690472805,0.9247954088913937,-1.4376947405803544,1.0
2674,SNIa-CL/sn2007hj.p0014.dat,E,15.913638749314142,0.07,0.02532861224460891,0.8210556954936774,-2.0,1.0
2675,SNIa-BL/sn2006X.p0010.dat,E,15.91502440742908,0.07,0.02398734604510115,0.831864044006221,-2.0,1.0
2676,SNIa-BL/sn2006X.p0008.dat,E,15.921999383466542,0.07,0.02735603928114356,0.8100351955239509,-2.0,1.0
2677,SNIIn/sn2005cp.p0201.dat,E,15.924479907953454,0.07,0.03590887207090083,0.8318377423565264,-1.763935434955788,1.0
2678,SNIa-BL/sn2006X.p0005.dat,E,15.933456328369324,0.07,0.03198164747097907,0.7887524952258211,-2.0,1.0
2679,SNIa-CL/sn1997cn.p0021.dat,E,15.938575532135873,0.07,0.035630657738325425,0.8050695776595287,-2.0,1.0
2680,SNIa-BL/sn1997bp.p0049.dat,E,15.941991307936593,0.07,0.023193857783591242,0.8426064315527894,-2.0,1.0
2681,SNIa-CL/sn2007bc.p0043.dat,E,15.958679232476317,0.07,0.021476771555666935,0.8672517357836054,-2.0,1.0
2682,SNIa-BL/sn2004dt.p0051.dat,E,15.970144851692021,0.07,0.02195877161737063,0.8675597449776492,-2.0,1.0
2683,SNIIn/sn1998S.p0136.dat,E,15.990342317059401,0.07,0.01975323285622534,0.9151950814073069,-1.8225736070839202,1.0
2684,SNIa-CN/sn1994D.p0021.dat,E,15.997196043637036,0.07,0.02413168254429847,0.8371308919720294,-2.0,1.0
2685,SNIIn/sn1998S.p0142.dat,E,16.001791165509452,0.07,0.01556714772775288,0.9319252673213102,-2.0,1.0
2686,SNIa-SS/sn2001V.p0028.dat,E,16.010676763791924,0.07,0.02193193965436853,0.8514595560712066,-2.0,1.0
2687,SNIa-CN/sn1994ae.p0035.dat,E,16.01190018199386,0.07,0.02437923201961191,0.8408544789589552,-2.0,1.0
2688,SNIa-CN/sn1999gd.p0030.dat,E,16.015808933932753,0.07,0.034678631718997946,0.7825476972695073,-2.0,1.0
2689,SNIIn/sn1998S.p0429.dat,E,16.01588128275618,0.12000000000000001,0.040504940732657965,0.8043484666195455,-2.0,0.9778661195461753
2690,SNIa-BL/sn1995al.p0025.dat,E,16.018263788754137,0.07,0.011939644189146935,0.8602008086771361,-2.0,1.0
2691,SNIa-CN/sn1999ac.p0025.dat,E,16.02502451970819,0.07,0.024548297833993583,0.8392011677170026,-2.0,1.0
2692,SNIa-CN/sn1999gd.p0026.dat,E,16.03647624762705,0.07,0.03203659949366893,0.7989694943124438,-2.0,1.0
2693,SNIa-CN/sn2007F.p0044.dat,E,16.060193164252482,0.07,0.02392810802957296,0.8629636040625299,-2.0,1.0
2694,SNIa-BL/sn1999cc.p0025.dat,E,16.06773848118231,0.07,0.02449172328382691,0.856938571931461,-2.0,1.0
2695,SNIc-bl/sn2002ap.p0181.dat,E,16.073511574661776,0.08,0.01048247892590423,0.9318622141088081,-2.0,1.0
2696,SNIa-CN/sn1996X.p0049.dat,E,16.074731003352206,0.07,0.0231080442609497,0.8429152145903605,-2.0,1.0
2697,SNIa-BL/sn1999gh.p0012.dat,E,16.090168786915235,0.07,0.049670605926090544,0.8736174577952619,-0.9577731951190054,1.0
2698,SNIa-SS/sn1998es.p0029.dat,E,16.094525847205002,0.07,0.024094777862276172,0.8324974687703076,-2.0,1.0
2699,SNIIb/sn1993J.p0341.dat,E,16.099575978235364,0.09000000000000001,0.026888204871471907,0.8441057180481937,-2.0,1.0
2700,SNIa-CN/sn1996X.p0022.dat,E,16.101819541586536,0.07,0.01912587473250128,0.855839528147023,-2.0,1.0
2701,SNIa-BL/sn2006X.p0006.dat,E,16.11009970191036,0.07,0.03052885808133131,0.8016999070545348,-2.0,1.0
2702,SNII/sn2012aw.p0077.dat,E,16.111345435525678,0.07,0.029837115095039533,0.826608487206618,-2.0,1.0
2703,SNII/sn2005cs.p0279.dat,E,16.120050495674377,0.07,0.02646615456894986,0.8350772385460035,-2.0,1.0
2704,SNIa-BL/sn2006ac.p0034.dat,E,16.121014260875665,0.07,0.025907759034167813,0.8426007038068193,-2.0,1.0
2705,SNIa-BL/sn2006X.p0011.dat,E,16.12277353326754,0.07,0.021964347789989066,0.8464322809516954,-2.0,1.0
2706,SNIa-BL/sn2002bo.p0020.dat,E,16.124720372390055,0.07,0.017523325492756734,0.862337153645478,-2.0,1.0
2707,SNIa-CN/sn1995D.p0038.dat,E,16.157537005671063,0.07,0.0194178698952369,0.8621801642541442,-2.0,1.0
2708,SNIa-BL/sn2002bo.p0054.dat,E,16.173482096618145,0.07,0.021024755347813687,0.8430144877731369,-2.0,1.0
2709,SNIa-BL/sn2003cq.p0029.dat,E,16.18135287869337,0.07,0.025270021788665283,0.8676245891948672,-2.0,1.0
2710,SNIa-CL/sn1997cn.p0012.dat,E,16.191659712724157,0.07,0.031925311985160056,0.8223101204902357,-2.0,1.0
2711,SNIa-SS/sn2005M.p0028.dat,E,16.200156553072475,0.07,0.02445554532711556,0.8553043157256627,-2.0,1.0
2712,SNIa-BL/sn2004as.p0031.dat,E,16.2021340012805,0.07,0.02899615182839944,0.827785769754716,-2.0,1.0
2713,SNIa-BL/sn2004ef.p0020.dat,E,16.204371777768362,0.07,0.02366224722598106,0.845717423466568,-2.0,0.9973919354838706
2714,SNIa-CL/sn1999by.p0042.dat,E,16.205856160049887,0.07,0.021116933331168628,0.8810984781482147,-2.0,1.0
2715,SNIa-CN/sn2002jy.p0031.dat,E,16.208258053630427,0.07,0.025089120695700233,0.8432580807967099,-2.0,1.0
2716,SNIa-CN/sn1996ai.max.dat,E,16.211792228307143,0.09000000000000001,0.1139452373393045,0.2731269568272857,-2.0,1.0
2717,SNII/sn2012aw.p0368.dat,E,16.220458312279725,0.07,0.011239117442096068,0.9421128726477124,-2.0,1.0
2718,SNIc-bl/sn2002ap.p0152.dat,E,16.223850119968063,0.08,0.013329341722243529,0.9069661857145221,-2.0,1.0
2719,SNIa-CN/sn2006le.p0047.dat,E,16.249389960936615,0.07,0.025121809924782645,0.8283221136153265,-2.0,1.0
2720,SNIa-BL/sn2001ep.p0047.dat,E,16.259056458266453,0.07,0.022667876229898958,0.8704825506279423,-2.0,1.0
2721,SNIa-CN/sn1999ac.p0041.dat,E,16.26202456126669,0.07,0.023431077999378068,0.8604279500840769,-2.0,1.0
2722,SNIIn/sn1998S.p0267.dat,E,16.26803905910369,0.07,0.01,0.9681194211647856,-2.0,1.0
2723,SNIa-BL/sn1999gh.p0040.dat,E,16.273028613002488,0.07,0.021306424161775396,0.865879746747886,-2.0,1.0
2724,SNII/sn2009N.p0412.dat,E,16.27570108476185,0.07,0.01000874945629204,0.9699699955963527,-2.0,1.0
2725,SNIa-CL/sn1998bp.p0028.dat,E,16.29535968322966,0.07,0.026000263050458362,0.835005432438149,-2.0,1.0
2726,SNIa-CN/sn1994D.p0046.dat,E,16.296599819518434,0.07,0.03890080943215168,0.9015331128457462,-1.1254016923455812,1.0
2727,SNIIb/sn2008ax.p0045.dat,E,16.312986499827716,0.11000000000000001,0.06454172397442948,0.5079968932680803,-2.0,1.0
2728,SNII/sn2006ov.p0121.dat,E,16.320113154502106,0.07,0.027957614435961724,0.8419647911341764,-2.0,1.0
2729,SNIa-BL/sn2007kk.p0027.dat,E,16.320614499496944,0.07,0.026848991192502468,0.8503639831871782,-2.0,0.9777648093841639
2730,SNIa-CN/sn2004at.p0030.dat,E,16.324918013498113,0.07,0.022535501694070495,0.8609195037736497,-2.0,1.0
2731,SNII/sn2004dj.p0137.dat,E,16.32497673339649,0.07,0.016914905834551717,0.9176676769127576,-2.0,1.0
2732,SNIIb/sn1993J.p0035.dat,E,16.328566747643734,0.07,0.028314918481269862,0.838766949617237,-2.0,1.0
2733,SNIa-BL/sn1999gh.p0042.dat,E,16.340182684964034,0.07,0.022511901002533648,0.8658122421448629,-2.0,1.0
2734,SNIa-CN/sn1998dm.p0041.dat,E,16.342969242647477,0.07,0.03207800508328758,0.8065605303819181,-2.0,1.0
2735,SNIc/sn2004aw.p0024.dat,E,16.343693986667155,0.08,0.10015364610226517,0.28720795117515663,-2.0,1.0
2736,SNIa-CN/sn1998V.p0044.dat,E,16.347512680933413,0.07,0.022467737781992837,0.854503665231863,-2.0,1.0
2737,SNII/sn1999em.p0332.dat,E,16.367464437413197,0.07,0.011143711298366861,0.9492271611286512,-2.0,1.0
2738,SNIa-CN/sn1999ac.p0039.dat,E,16.371292999209043,0.07,0.02229826343604008,0.8681143393532837,-2.0,1.0
2739,SNIa-CL/sn1997cn.p0024.dat,E,16.37288548773643,0.07,0.027966275863429122,0.8505986074730817,-2.0,1.0
2740,SNIa-BL/sn2004dt.p0044.dat,E,16.372950656983736,0.07,0.022546247276601705,0.8666431222532643,-2.0,1.0
2741,SNIa-CN/sn2001fe.p0034.dat,E,16.374129924717913,0.07,0.02146579999090544,0.8604264434222604,-2.0,1.0
2742,SNIa-CN/sn2002ck.p0037.dat,E,16.37739361213108,0.07,0.023012006199536375,0.8635169869147912,-2.0,1.0
2743,SNIIb/sn1993J.p0037.dat,E,16.37934962573074,0.07,0.032676627436056566,0.8236886508029483,-2.0,1.0
2744,SNIa-CN/sn2005el.p0030.dat,E,16.37956410320516,0.07,0.02251618007114365,0.8563083307400032,-2.0,1.0
2745,SNIa-BL/sn2004as.p0025.dat,E,16.381417437501995,0.07,0.021324116310956886,0.8607776545793903,-2.0,1.0
2746,SNIa-BL/sn1997bq.p0047.dat,E,16.38615738409321,0.07,0.021869029814361365,0.8658003448849829,-2.0,1.0
2747,SNIIn/sn2015da.p0104.dat,E,16.392849049192552,0.07,0.023187259281092117,0.9083371255276499,-2.0,1.0
2748,SNIa-BL/sn2007le.p0053.dat,E,16.392995363482274,0.07,0.020511804353669626,0.8647823563677031,-2.0,1.0
2749,SNIIn/sn1997eg.p0150.dat,E,16.417067927064853,0.07,0.043892508197158016,0.9009086501446091,-1.2884513028263245,1.0
2750,SNIa-CL/sn2002fb.p0023.dat,E,16.426761105893927,0.07,0.03332773370471018,0.8092950547356698,-2.0,1.0
2751,SNIIn/sn2015da.p0848.dat,E,16.431482769045616,0.07,0.01,0.9690216802050022,-2.0,1.0
2752,SNIb/sn2009iz.p0015.dat,E,16.438059310095397,0.07,0.012080474201008743,1.0086482196528468,-2.0,1.0
2753,SNII/sn1999em.p0095.dat,E,16.438804273143322,0.07,0.021790637136151345,0.8737195078734551,-2.0,1.0
2754,SNIIn/sn2005ip.p0137.dat,E,16.443914796928198,0.07,0.03590860571160735,0.8970400710224028,-1.471085631201292,1.0
2755,SNIa-BL/sn2004dt.p0049.dat,E,16.44933076462933,0.07,0.018366221512009166,0.8977085599397961,-2.0,1.0
2756,SNIa-BL/sn2006ac.p0036.dat,E,16.460106331447044,0.07,0.021819050047917798,0.8685502945688401,-2.0,1.0
2757,SNIa-CN/sn2008bf.p0032.dat,E,16.462292360849553,0.07,0.021148568230128173,0.8665615802831548,-2.0,1.0
2758,SNIa-BL/sn2005am.p0032.dat,E,16.469350393634564,0.07,0.02186895540034365,0.8600048336429089,-2.0,1.0
2759,SNIa-BL/sn2001en.p0038.dat,E,16.470743627005024,0.08,0.047322466142332945,0.6569591635190474,-2.0,1.0
2760,SNIa-CN/sn2002fk.p0030.dat,E,16.486909395653022,0.07,0.021159459025671377,0.8739075621745701,-2.0,1.0
2761,SNIIn/sn2015da.p0747.dat,E,16.494950149068202,0.07,0.01,0.9732512616879045,-2.0,1.0
2762,SNIa-BL/sn2005am.p0039.dat,E,16.495907500063062,0.07,0.01893348647686819,0.878596861738638,-2.0,1.0
2763,SNIa-BL/sn2006X.p0012.dat,E,16.49947750435697,0.07,0.01934737706067034,0.8735388512503072,-2.0,1.0
2764,SNIa-CN/sn1999ac.p0037.dat,E,16.49958744600623,0.07,0.02142908476216218,0.8749427520864427,-2.0,1.0
2765,SNIa-CN/sn1998aq.p0035.dat,E,16.509704091440426,0.07,0.019582680153316424,0.8781652121645955,-2.0,1.0
2766,SNIa-CL/sn2004gs.p0020.dat,E,16.53309758203293,0.07,0.020929265245754846,0.9018832638107065,-2.0,1.0
2767,SNIIn/sn2015da.p0721.dat,E,16.534997096237618,0.07,0.01,0.9697657906350952,-2.0,1.0
2768,SNIc/sn2004aw.p0011.dat,E,16.53911675275442,0.08,0.060150575311844444,0.5334556265161206,-2.0,1.0
2769,SNIa-CN/sn1998aq.p0033.dat,E,16.54378120813101,0.07,0.01915435620578571,0.8842869881730343,-2.0,1.0
2770,SNIa-CL/sn1998bp.p0026.dat,E,16.54919469844349,0.07,0.022919012372587137,0.8600778792471739,-2.0,1.0
2771,SNIIn/sn2015da.p0755.dat,E,16.54992532475827,0.07,0.01,0.9712188056050631,-2.0,1.0
2772,SNIa-CN/sn1999ac.p0035.dat,E,16.566283641766823,0.07,0.021374181647743126,0.876413702600715,-2.0,1.0
2773,SNIa-CL/sn1997cn.p0018.dat,E,16.566564448453704,0.07,0.02888788396574328,0.8445881066130058,-2.0,1.0
2774,SNIa-BL/sn2007af.p0024.dat,E,16.572737956867336,0.07,0.018210053883472858,0.8830832064463605,-2.0,1.0
2775,SNIa-CN/sn2008ar.p0026.dat,E,16.578586644210336,0.07,0.012087763407230582,0.9775028576183075,-2.0,1.0
2776,SNIa-CN/sn2001G.p0033.dat,E,16.580201449854364,0.07,0.012389852001784288,0.9876645036032308,-1.9067531372519393,1.0
2777,SNIa-SS/sn2001eh.p0033.dat,E,16.591827707416005,0.07,0.021781489254993704,0.8734069295324809,-2.0,1.0
2778,SNIa-SS/sn2001eh.p0031.dat,E,16.593396825136146,0.07,0.01987924802269058,0.8827275890180163,-2.0,1.0
2779,SNIa-CL/sn1998bp.p0025.dat,E,16.599440036382394,0.07,0.021242313809147866,0.8717013741907991,-2.0,1.0
2780,SNIa-CL/sn1999by.p0033.dat,E,16.59979777635222,0.07,0.017580680253912656,0.8968214145398931,-2.0,1.0
2781,SNIa-BL/sn2002dp.p0023.dat,E,16.607288761226407,0.07,0.01923876078898153,0.8790722290196152,-2.0,1.0
2782,SNIa-BL/sn2003W.p0025.dat,E,16.608163274900175,0.08,0.04989557870059291,0.6396277693387759,-2.0,1.0
2783,SNIa-CN/sn2008ar.p0028.dat,E,16.609016764699888,0.07,0.02141056732725137,0.8699030714970334,-2.0,1.0
2784,SNIa-BL/sn2006cp.p0042.dat,E,16.613849266408995,0.07,0.019787335184439588,0.8797895777951257,-2.0,1.0
2785,SNIa-CN/sn2005cf.p0025.dat,E,16.620844578349132,0.07,0.018310572769395822,0.8817814200129533,-2.0,1.0
2786,SNIa-CN/sn1996ai.p0004.dat,E,16.630702258826705,0.1,0.12015268281379303,0.21426715256964574,-2.0,1.0
2787,SNIa-BL/sn1999cc.p0023.dat,E,16.653228544892137,0.07,0.019595007047793243,0.8893555617917902,-2.0,1.0
2788,SNIa-SS/sn2001eh.p0035.dat,E,16.659111292504925,0.07,0.02079012954226646,0.8791116614635716,-2.0,1.0
2789,SNIa-BL/sn2002bo.p0021.dat,E,16.683423100540978,0.07,0.015819584633858772,0.8891524945033756,-2.0,1.0
2790,SNIa-CN/sn2005cf.p0043.dat,E,16.70808692544506,0.07,0.018036771946142525,0.8902074525890296,-2.0,1.0
2791,SNIa-CN/sn2003du.p0033.dat,E,16.718909953469502,0.07,0.019950671883174693,0.8842442219633267,-2.0,1.0
2792,SNIa-BL/sn2001bf.p0042.dat,E,16.723717264258596,0.07,0.01950604720787624,0.8887385942379639,-2.0,1.0
2793,SNIa-CN/sn1995D.p0042.dat,E,16.729204692436284,0.07,0.011642583139264804,0.9889525994806087,-1.9423919956548643,1.0
2794,SNIa-CN/sn2006lf.p0051.dat,E,16.735711961308233,0.07,0.02380785759492247,0.8620159430803355,-2.0,1.0
2795,SNIa-CL/sn1999by.p0031.dat,E,16.743084907854666,0.07,0.0172293680631591,0.9008331363976226,-2.0,1.0
2796,SNIa-CN/sn1998aq.p0031.dat,E,16.749435519424193,0.07,0.0173077639101669,0.9001739080018043,-2.0,1.0
2797,SNIc/sn2004dn.p0031.dat,E,16.76184472146104,0.08,0.06697908907315005,0.5479229165603512,-2.0,1.0
2798,SNIa-CN/sn2001fe.p0031.dat,E,16.77277957719933,0.07,0.018589870100416975,0.8896201635740253,-2.0,1.0
2799,SNIa-BL/sn2007bm.p0018.dat,E,16.775696047382596,0.07,0.012283331567117594,0.9841334136703573,-1.7574987984473,1.0
2800,SNIa-CN/sn2005cf.p0045.dat,E,16.788199160980835,0.07,0.018389705408796482,0.8915043380842146,-2.0,1.0
2801,SNIIn/sn2015da.p0608.dat,E,16.796157231605783,0.07,0.01,0.9701123471084236,-2.0,1.0
2802,SNIa-CN/sn2005cf.p0026.dat,E,16.8022454083214,0.07,0.016483066448998173,0.8986613007986802,-2.0,1.0
2803,SNIa-BL/sn2001ep.p0021.dat,E,16.81672873193374,0.07,0.011369446055604932,0.9672537499462766,-2.0,1.0
2804,SNIIn/sn2015da.p0065.dat,E,16.820141027946057,0.07,0.026284678213276885,0.8937439024080854,-2.0,1.0
2805,SNIa-CN/sn2006lf.p0045.dat,E,16.82254790572865,0.07,0.028428551514168808,0.8473516555242584,-2.0,1.0
2806,SNIc-bl/sn2007D.m0008.dat,E,16.82327397275581,0.07,0.012072615069438295,0.9714485989811681,-2.0,1.0
2807,SNIa-BL/sn1999gh.p0034.dat,E,16.8352236382137,0.07,0.017004538465002036,0.9002888451215086,-2.0,1.0
2808,SNIa-CN/sn1998aq.p0030.dat,E,16.851864396626947,0.07,0.01673342100157449,0.9060185739534645,-2.0,1.0
2809,SNII/sn2004et.p0456.dat,E,16.86575927947544,0.07,0.015712900645519445,0.9415406839223824,-2.0,1.0
2810,SNIa-BL/sn2006X.p0013.dat,E,16.86831800365522,0.07,0.01821669581523567,0.8959901169352438,-2.0,1.0
2811,SNIa-CL/sn1999by.p0029.dat,E,16.86970215416547,0.07,0.016534819459317496,0.9064851214405558,-2.0,1.0
2812,SNIIn/sn2015da.p0707.dat,E,16.87987542795797,0.07,0.01,0.9713608881553428,-2.0,1.0
2813,SNIa-BL/sn2006X.p0007.dat,E,16.894815922068858,0.07,0.011945549391853508,0.9777255644086862,-2.0,1.0
2814,SNIa-BL/sn1998dh.p0043.dat,E,16.899324755845953,0.07,0.011457763783464059,0.9702700186385936,-2.0,1.0
2815,SNIIn/sn2015da.p0139.dat,E,16.91294806768926,0.07,0.014263508067715674,0.9612680210950351,-2.0,1.0
2816,Gap/sn2000ch.p3186.dat,E,16.91432923719986,0.07,0.01,0.9889283903681023,-2.0,1.0
2817,SNII/sn2012aw.p0331.dat,E,16.919718839567015,0.07,0.01,0.9581652760309582,-2.0,1.0
2818,SNIa-BL/sn2002cd.p0053.dat,E,16.921505458469582,0.07,0.026822710139302076,0.8534896114691884,-2.0,1.0
2819,SNIa-CN/sn1999ac.p0033.dat,E,16.92490648688577,0.07,0.019333225284462657,0.8957302554834828,-2.0,1.0
2820,SNIa-BL/sn2002bo.p0051.dat,E,16.957547351856604,0.07,0.01978204194499991,0.8918772430232006,-2.0,1.0
2821,SNIIn/sn2015da.p0153.dat,E,16.965762730703418,0.07,0.011249678279810374,0.9731016639412003,-2.0,1.0
2822,SLSN-IIn/sn2006gy.p0076.dat,E,16.969777223074082,0.13,0.1609818191814005,0.0,-2.0,1.0
2823,SNIIn/sn2010jl.p0492.dat,E,16.97849011795678,0.07,0.01,0.9869865311530671,-2.0,1.0
2824,SNIa-BL/sn2001gc.p0022.dat,E,16.978580697098728,0.07,0.014043237130695517,0.9158627962667508,-2.0,1.0
2825,SNIIn/sn2015da.p0239.dat,E,16.9928609006219,0.07,0.01,0.9785880012803135,-2.0,1.0
2826,SNIa-BL/sn2004ef.p0033.dat,E,17.018585502980788,0.07,0.01325863652981065,0.9999098807053909,-1.7758239463004686,0.9975739296187681
2827,SNII/sn1999gi.p0089.dat,E,17.044197733149957,0.07,0.012340471000777061,0.9868206953134256,-2.0,1.0
2828,SNIa-BL/sn2006cp.p0040.dat,E,17.04776102686677,0.07,0.016831640297886533,0.9088706296937219,-2.0,1.0
2829,SNIIn/sn2015da.p0743.dat,E,17.049802254446238,0.07,0.01,0.9788602230956681,-1.8914803740399586,1.0
2830,SNIa-CN/sn1999ac.p0031.dat,E,17.062587773603486,0.07,0.018091030760350933,0.9069855285207533,-2.0,1.0
2831,SNIa-BL/sn2001ep.p0032.dat,E,17.101197214386946,0.07,0.017635798288830808,0.9094471313200322,-2.0,1.0
2832,SNIa-CL/sn2006hb.p0030.dat,E,17.12910635738682,0.07,0.011354385960845897,0.9611005527971652,-1.8936045084833424,1.0
2833,SNIIb/sn2000H.p0019.dat,E,17.138933660522767,0.07,0.010595138732678344,1.0009080761644804,-2.0,1.0
2834,SNIc-bl/sn2002ap.p0155.dat,E,17.160020243309894,0.07,0.01,0.9754736436735454,-2.0,1.0
2835,SNIa-CN/sn2003kf.p0042.dat,E,17.17568690923969,0.07,0.01856230996297227,0.9051467201491252,-2.0,1.0
2836,SNIa-CL/sn2003iv.p0085.dat,E,17.177865823782103,0.11000000000000001,0.03592278610202317,0.7797049838725841,-1.9986285207440733,0.9600702932551322
2837,SNIa-BL/sn2006X.p0014.dat,E,17.202763321904527,0.07,0.015802098866716574,0.920646257321897,-2.0,1.0
2838,SNIIn/sn2005ip.p0168.dat,E,17.22470778070898,0.07,0.01,1.0065531608017737,-1.7097427500314484,1.0
2839,SNIb/sn2004dk.p0017.dat,E,17.228803194640378,0.07,0.011320944698279291,0.9925332295431952,-2.0,1.0
2840,SNIa-CN/sn1996ai.p0002.dat,E,17.23591282347684,0.09000000000000001,0.0880629196706498,0.3891815203497448,-2.0,1.0
2841,SNIIn/sn2015da.p0779.dat,E,17.238554682510664,0.07,0.01,0.9718783101123725,-1.909801603611573,1.0
2842,SNIIb/sn2008ax.p0038.dat,E,17.265551973823715,0.11000000000000001,0.06580710435207938,0.5417659939387073,-2.0,1.0
2843,SNIa-CL/sn2004gs.p0032.dat,E,17.27815880042084,0.07,0.01340332669573819,0.9510021337196086,-2.0,1.0
2844,SNIa-SS/sn2003fa.p0043.dat,E,17.286771274643584,0.07,0.010224201393269046,0.9714451126937543,-2.0,1.0
2845,SNIa-CL/sn2005ke.p0031.dat,E,17.31512845746247,0.07,0.011153608088152002,0.9749385855218323,-2.0,1.0
2846,SNIa-SS/sn2001V.p0040.dat,E,17.3558043106086,0.07,0.011927868130993516,1.002875292431503,-1.5521017754705535,1.0
2847,Gap/sn2000ch.p3245.dat,E,17.358395512619083,0.07,0.01,0.9889730252490225,-2.0,1.0
2848,SNII/sn2006bp.p0338.dat,E,17.39066521349797,0.07,0.01,0.9850533339718784,-2.0,0.9814076666035776
2849,SNIb/sn2006ep.p0008.dat,E,17.391517451267557,0.08,0.049176813463654545,0.6641149146793942,-2.0,1.0
2850,SNIa-SS/sn1999dq.p0048.dat,E,17.41983189900422,0.07,0.01,0.959618110705413,-2.0,1.0
2851,SNIa-CN/sn1998co.p0023.dat,E,17.43204154962381,0.13,0.07874131837232488,0.4384217675379408,-2.0,1.0
2852,SNIa-SS/sn2007if.p0057.dat,E,17.442869190720828,0.13,0.043965354895917914,0.7245002771946244,-2.0,1.0
2853,SNIa-SS/sn2005M.p0063.dat,E,17.47300051605247,0.07,0.01,0.9621812554911587,-2.0,1.0
2854,SNIIn/sn1994Y.p0297.dat,E,17.49981770709011,0.07,0.01,1.0212775942495784,-1.300733685258346,1.0
2855,SNIa-BL/sn1998dh.p0045.dat,E,17.504262986570364,0.07,0.01,1.0041536101454414,-1.5043044314860445,1.0
2856,SNII/sn2006bp.p0073.dat,E,17.53083097324329,0.07,0.01000004475730807,1.001538607785997,-1.840835821683684,0.9814076666035776
2857,SNIIn/sn1994Y.p0322.dat,E,17.543617970135656,0.07,0.01,1.0197549532867967,-1.1853016637315303,1.0
2858,Gap/sn2000ch.p3217.dat,E,17.57359506112591,0.07,0.013535249503098527,0.9833349243349695,-1.6679790032075317,1.0
2859,SNIIb/sn1996cb.p0031.dat,E,17.574595711568037,0.11000000000000001,0.07201868239391666,0.5351635386203032,-2.0,1.0
2860,SNIb/sn2007C.p0036.dat,E,17.61672888187437,0.12000000000000001,0.08415348027242604,0.37140304726039614,-2.0,1.0
2861,SNIa-CL/sn2007ax.p0010.dat,E,17.62143389660627,0.08,0.052344897806808066,0.6663934930574074,-2.0,1.0
2862,SNIIb/sn1996cb.p0027.dat,E,17.633583460869744,0.11000000000000001,0.06981632068063319,0.5481298646847184,-2.0,1.0
2863,SNIa-SS/sn2007if.p0033.dat,E,17.749409851244266,0.13,0.058219578487627814,0.5944847051832263,-2.0,1.0
2864,SNIIb/sn1996cb.p0025.dat,E,17.78105281275772,0.11000000000000001,0.07006409772940995,0.548041645296147,-2.0,1.0
2865,SNIa-CN/sn1998eg.p0019.dat,E,17.81494780680725,0.13,0.04613499689224123,0.6944034581774499,-2.0,0.9913247507331371
2866,SLSN-IIn/sn2006gy.p0057.dat,E,17.835588065873708,0.12000000000000001,0.17463561178758638,0.0,-2.0,1.0
2867,SNIIn/sn1994Y.p0296.dat,E,17.83824591460791,0.07,0.01,1.0336147346571578,-0.9311400633009247,1.0
2868,SNIIb/sn1996cb.p0035.dat,E,17.839601995801853,0.1,0.06827045428983257,0.5557303603342739,-2.0,1.0
2869,SNIc-bl/sn2002ap.p0332.dat,E,17.83983457785041,0.08,0.01,0.9484292963714647,-1.9544369014079201,1.0
2870,SNIb/sn2004gq.p0070.dat,E,17.849651674054524,0.12000000000000001,0.07372519737809184,0.48051168568956465,-2.0,1.0
2871,SNIa-SS/sn2002de.p0027.dat,E,17.85272531652899,0.08,0.03945945354169019,0.7339721814089862,-2.0,1.0
2872,SNIa-CN/sn1994ae.p0087.dat,E,17.872683043654025,0.12000000000000001,0.0261221964147383,0.8624938814172938,-2.0,0.965371964809384
2873,SNIa-BL/sn2007kk.p0025.dat,E,17.926995090395053,0.07,0.01,1.0700900637473822,2.0,0.9774635777126098
2874,SNIa-BL/sn2007kk.p0030.dat,E,17.930234175134377,0.07,0.01,1.0701451202866534,2.0,0.9786685043988268
2875,SNIc-bl/sn2002ap.p0234.dat,E,17.931702217209075,0.08,0.01,0.9452409067416416,-1.9704117489849573,1.0
2876,SNIIn/sn2006jd.p0406.dat,E,17.931916764234764,0.07,0.01,1.038444983089877,-0.9920653121960987,1.0
2877,SNIIb/sn1993J.p0016.dat,E,17.933029602422486,0.07,0.01,1.07256000156976,2.0,0.9651797487650239
2878,SNIIb/sn1993J.p0019.dat,E,17.933191019173027,0.07,0.01,1.0725375888632225,2.0,0.9651797487650239
2879,SNIc-bl/sn2002ap.p0241.dat,E,17.935836145801026,0.08,0.01,0.9553159223258908,-2.0,1.0
2880,SNIa-SS/sn2005M.p0032.dat,E,17.937816104959552,0.07,0.01,1.0688944112945522,2.0,0.9851983284457476
2881,SNIIb/sn2008ax.p0034.dat,E,17.93984338689525,0.11000000000000001,0.06102341842665149,0.5503143917283657,-2.0,1.0
2882,SNIIn/sn2015da.p0021.dat,E,17.945790101197932,0.09000000000000001,0.13960253880821888,0.2444017104753965,-2.0,0.9871009008720557
2883,SNIIn/sn2015da.p0506.dat,E,17.945795512754962,0.07,0.01,1.023542909426656,-1.0232757271871091,1.0
2884,SNIb/sn2004gq.p0041.dat,E,17.95376982847094,0.12000000000000001,0.07492354280714766,0.46802330283487054,-2.0,1.0
2885,SNIa-SS/sn2007if.p0036.dat,E,17.97410655003337,0.13,0.06135772682418847,0.5829243806761291,-2.0,1.0
2886,SNII/sn1987A.p0422.dat,E,17.983866282031883,0.07,0.01,0.9539374304043351,-0.7016563955877646,1.0
2887,SNIIn/sn2006jd.p0415.dat,E,17.997778377591803,0.07,0.01,1.0410808973515633,-0.6726994798243793,1.0
2888,SNIIn/sn2006jd.p0409.dat,E,18.015812573608997,0.07,0.01,1.0424914563474883,-0.5942367433651334,1.0
2889,SNII/sn1987A.p0407.dat,E,18.041616658794304,0.07,0.01,0.9599979999927287,-0.7712623398523724,1.0
2890,SNIa-CN/sn1998dm.p0049.dat,E,18.068151748305063,0.08,0.03697714327529147,0.7573019465732466,-2.0,1.0
2891,SNIc-bl/sn2002ap.p0383.dat,E,18.068953503749462,0.08,0.01,0.9552912234291833,-2.0,1.0
2892,SNIa-BL/sn2008af.p0024.dat,E,18.097221146917455,0.07,0.01,1.066019825466101,2.0,0.9942917595307917
2893,SLSN-II/snCSS121015.p0429.dat,E,18.100701206137238,0.07,0.01,1.0664995908453045,2.0,0.9965082951924938
2894,SLSN-II/snCSS121015.p0430.dat,E,18.10565372988969,0.07,0.01,1.0664799765607473,2.0,0.9965082951924938
2895,SLSN-II/snCSS121015.p0431.dat,E,18.137985596590685,0.07,0.01,1.0661869422663635,2.0,0.9965082951924938
2896,SNIIn/sn1988Z.p0475.dat,E,18.161971994364478,0.07,0.01,1.0645923272175997,2.0,1.0
2897,SNIIn/sn1988Z.p0811.dat,E,18.16359204079739,0.07,0.01,1.064798708908666,2.0,1.0
2898,SNIIn/sn2010jl.p0815.dat,E,18.164466003759266,0.07,0.01,1.0647001914926635,2.0,1.0
2899,SNIIn/snPTF12csy.p0457.dat,E,18.164807797486034,0.07,0.01,1.0651623678233473,2.0,1.0
2900,SNIIn/sn1988Z.p0782.dat,E,18.16605053094446,0.07,0.01,1.0652046598084493,2.0,1.0
2901,SNIIn/sn2006jd.p0914.dat,E,18.166888220416666,0.07,0.01,1.0645480615939031,2.0,1.0
2902,SNIIn/sn2010jl.p0459.dat,E,18.169781647617135,0.07,0.01,1.065030363872682,2.0,1.0
2903,SNIa-BL/sn2001E.p0039.dat,E,18.174065410428714,0.07,0.01,1.0649260236829021,2.0,1.0
2904,SNIa-BL/sn2003ch.p0031.dat,E,18.17557821775887,0.07,0.01,1.0650179025658058,2.0,1.0
2905,SNIa-CN/sn2002ck.p0029.dat,E,18.17664017193883,0.07,0.01,1.0650457954115917,2.0,1.0
2906,SNIa-BL/sn2002dp.p0037.dat,E,18.177610129688894,0.07,0.01,1.0647541609604485,2.0,1.0
2907,SNIa-CL/sn1997cn.p0022.dat,E,18.177698036890618,0.07,0.01,1.0652065652950313,2.0,1.0
2908,SNIa-BL/sn2002bo.p0049.dat,E,18.178487460843016,0.07,0.01,1.064839706063178,2.0,1.0
2909,SNIa-CN/sn2003kf.p0040.dat,E,18.17870497529087,0.07,0.01,1.064846067280101,2.0,1.0
2910,SNIa-CL/sn2002hw.p0017.dat,E,18.17874617053764,0.07,0.01,1.0649513520361298,2.0,1.0
2911,SNIa-CL/sn2007hj.p0037.dat,E,18.17898296403692,0.07,0.01,1.0648247478287132,2.0,1.0
2912,SNIa-BL/sn2004as.p0028.dat,E,18.179004803280378,0.07,0.01,1.0650135326998587,2.0,1.0
2913,SNIa-CN/sn1999ac.p0029.dat,E,18.17917423894216,0.07,0.01,1.0648094556146304,2.0,1.0
2914,SNIa-CN/sn2005el.p0023.dat,E,18.17950314021445,0.07,0.01,1.0648228625819585,2.0,1.0
2915,SNIa-CN/sn2006le.p0043.dat,E,18.179580745780058,0.07,0.01,1.0647081996247794,2.0,1.0
2916,SNIa-CN/sn1999ac.p0027.dat,E,18.179616744321038,0.07,0.01,1.0648280362043463,2.0,1.0
2917,SNIa-BL/sn1999gh.p0036.dat,E,18.179767633009615,0.07,0.01,1.0645876814352553,2.0,1.0
2918,SNIa-BL/sn2002cd.p0059.dat,E,18.180003832677443,0.07,0.01,1.0650792583512154,2.0,1.0
2919,SNIIn/sn1988Z.p0481.dat,E,18.18020285108539,0.07,0.01,1.0643744984019743,2.0,1.0
2920,SNIa-CL/sn2007bc.p0036.dat,E,18.180306201507825,0.07,0.01,1.0646525889985492,2.0,1.0
2921,SNIa-BL/sn2005am.p0036.dat,E,18.1806581726783,0.07,0.01,1.0645058546370822,2.0,1.0
2922,SNIa-CN/sn2002jy.p0033.dat,E,18.180717654106093,0.07,0.01,1.064471716679967,2.0,1.0
2923,SNIa-CN/sn1996X.p0033.dat,E,18.18072805926441,0.07,0.01,1.0645236363563266,2.0,1.0
2924,SNIa-CL/sn2007ci.p0021.dat,E,18.180833720667234,0.07,0.01,1.064819841457529,2.0,1.0
2925,SNIa-CL/sn1998bp.p0013.dat,E,18.18095897493949,0.07,0.01,1.0646227970965472,2.0,1.0
2926,Gap/sn2000ch.p1454.dat,E,18.18130506497431,0.07,0.01,1.0648793677888295,2.0,1.0
2927,SNIa-BL/sn1998dh.p0040.dat,E,18.181370081871037,0.07,0.01,1.064677176472015,2.0,1.0
2928,SNIa-BL/sn2001ep.p0035.dat,E,18.181489049133983,0.07,0.01,1.0646587579146796,2.0,1.0
2929,SNIa-CN/sn1998bu.p0043.dat,E,18.181599059220467,0.07,0.01,1.0648664979589493,2.0,1.0
2930,SNIa-CN/sn1998bu.p0042.dat,E,18.181772554013875,0.07,0.01,1.0648774554088232,2.0,1.0
2931,SNIa-CL/sn2007hj.p0033.dat,E,18.182006902048244,0.07,0.01,1.0646575707092714,2.0,1.0
2932,SNIa-BL/sn1998dh.p0036.dat,E,18.182310108425956,0.07,0.01,1.0646835094133262,2.0,1.0
2933,SNIa-CN/sn1998bu.p0040.dat,E,18.182410678178194,0.07,0.01,1.0649202466403611,2.0,1.0
2934,SNIa-BL/sn1998ec.p0026.dat,E,18.18252561972634,0.07,0.01,1.0646249109230475,2.0,1.0
2935,SNIa-CL/sn2005ke.p0028.dat,E,18.18256527049096,0.07,0.01,1.06482439102467,2.0,1.0
2936,SNIa-CN/sn1996ai.p0015.dat,E,18.18263690656578,0.07,0.01,1.0652082422806097,2.0,1.0
2937,SNIa-CN/sn2005cf.p0027.dat,E,18.182656743119356,0.07,0.01,1.06455825341456,2.0,1.0
2938,SNIa-CN/sn2005bo.p0022.dat,E,18.182734575987737,0.07,0.01,1.0645919169665314,2.0,1.0
2939,SNIa-CL/sn2002fb.p0027.dat,E,18.18315874047571,0.07,0.01,1.0650901614585833,2.0,1.0
2940,SNIa-CL/sn2007al.p0010.dat,E,18.183224538055118,0.07,0.01,1.0651118964860646,2.0,1.0
2941,SNIa-CL/sn1997cn.p0013.dat,E,18.18337284235234,0.07,0.01,1.065171920269713,2.0,1.0
2942,SNIa-BL/sn2002bo.p0043.dat,E,18.183585274954435,0.07,0.01,1.0647196714777574,2.0,1.0
2943,SNIa-CN/sn2007ca.p0035.dat,E,18.183585726272543,0.07,0.01,1.064925824283576,2.0,1.0
2944,SNII/sn1999gi.p0085.dat,E,18.183866304872776,0.07,0.01,1.065092592032033,2.0,1.0
2945,SNIa-SS/sn2008ae.p0015.dat,E,18.183953819875516,0.07,0.01,1.0652595964214848,2.0,1.0
2946,SNIa-BL/sn1999gh.p0028.dat,E,18.183987360037015,0.07,0.01,1.064533092927662,2.0,1.0
2947,SNIa-CN/sn2003it.p0031.dat,E,18.184167119317564,0.07,0.01,1.0647470275102016,2.0,1.0
2948,SNIa-CN/sn2006le.p0041.dat,E,18.184553795732057,0.07,0.01,1.0646161579876976,2.0,1.0
2949,SNIa-CL/sn1997cn.p0011.dat,E,18.18482341287632,0.07,0.01,1.0651217618658981,2.0,1.0
2950,SNIa-CL/sn2004gs.p0031.dat,E,18.18484563566156,0.07,0.01,1.064658679904929,2.0,1.0
2951,SNIa-CL/sn1999by.p0025.dat,E,18.184883400281677,0.07,0.01,1.0647035426815619,2.0,1.0
2952,SNIa-CN/sn2007F.p0032.dat,E,18.184930586299178,0.07,0.01,1.0646468090441275,2.0,1.0
2953,SNIa-BL/sn1997E.p0020.dat,E,18.185008209357008,0.07,0.01,1.0648709559863672,2.0,1.0
2954,SNII/sn2013am.p0028.dat,E,18.185208790844456,0.07,0.01,1.0654071732945098,2.0,1.0
2955,SNIa-CL/sn2005ke.p0026.dat,E,18.185313319095048,0.07,0.01,1.064873098845048,2.0,1.0
2956,SNIa-CN/sn1998bu.p0037.dat,E,18.18538671909179,0.07,0.01,1.0648630333701983,2.0,1.0
2957,SNIa-BL/sn2002cd.p0024.dat,E,18.185408600298658,0.07,0.01,1.0648784001687177,2.0,1.0
2958,SNIa-CN/sn1998bu.p0041.dat,E,18.18562273393352,0.07,0.01,1.0649482321935926,2.0,1.0
2959,SNIa-SS/sn2005M.p0040.dat,E,18.18566825599452,0.07,0.01,1.0647359761855713,2.0,1.0
2960,SNIa-BL/sn2007bm.p0021.dat,E,18.18584385218643,0.07,0.01,1.0645233585268665,2.0,1.0
2961,SNIa-BL/sn2001ep.p0028.dat,E,18.18591760348953,0.07,0.01,1.0647949586965542,2.0,1.0
2962,SNIa-CL/sn2007ci.p0017.dat,E,18.186350805380023,0.07,0.01,1.0644420680877131,2.0,1.0
2963,SNIa-SS/sn2005hk.p0014.dat,E,18.186455864513373,0.07,0.01,1.0649043764661212,2.0,1.0
2964,SNIc/sn2004aw.p0017.dat,E,18.186481696466544,0.07,0.01,1.0653157956283976,2.0,1.0
2965,SNIa-BL/sn2002bo.p0040.dat,E,18.186639775171354,0.07,0.01,1.0647564388315784,2.0,1.0
2966,SNIa-CL/sn2005ke.p0008.dat,E,18.186759270394813,0.07,0.01,1.0648574715601777,2.0,1.0
2967,SNIa-BL/sn2007af.p0039.dat,E,18.18694805700839,0.07,0.01,1.0645958912504632,2.0,1.0
2968,SNIa-BL/sn2001gc.p0038.dat,E,18.186997979354686,0.07,0.01,1.0652147498164606,2.0,1.0
2969,SNIc/sn2004aw.p0023.dat,E,18.187035848346103,0.07,0.01,1.0653786226087314,2.0,1.0
2970,SNIa-BL/sn2005am.p0024.dat,E,18.187052873262566,0.07,0.01,1.064668376270496,2.0,1.0
2971,SNIa-BL/sn2002bo.p0045.dat,E,18.18715562774566,0.07,0.01,1.064772602809357,2.0,1.0
2972,SNIa-CL/sn1998bp.p0015.dat,E,18.18729749600771,0.07,0.01,1.0647815297012944,2.0,1.0
2973,SNII/sn2009N.p0084.dat,E,18.18737047560508,0.07,0.01,1.0652500127779723,2.0,1.0
2974,SNIa-CL/sn2006H.p0015.dat,E,18.187615562391883,0.07,0.01,1.0652227510486236,2.0,1.0
2975,SNIa-CN/sn1997dt.p0024.dat,E,18.187628026658565,0.07,0.01,1.064982271207454,2.0,1.0
2976,SNIc/sn2004aw.p0018.dat,E,18.187631475733603,0.07,0.01,1.0653073960957153,2.0,1.0
2977,SNIa-CL/sn2006H.p0013.dat,E,18.187737783784687,0.07,0.01,1.0651872828566396,2.0,1.0
2978,SNIa-CN/sn1998bu.p0039.dat,E,18.187850709136544,0.07,0.01,1.064978865986544,2.0,1.0
2979,SNIa-CN/sn2006lf.p0050.dat,E,18.18785617288715,0.07,0.01,1.0650053837555438,2.0,1.0
2980,SNIa-BL/sn2007le.p0048.dat,E,18.18787966047183,0.07,0.01,1.0645975215668158,2.0,1.0
2981,SNIIn/sn2015da.p0121.dat,E,18.188062457620344,0.07,0.01,1.0651595356072674,2.0,1.0
2982,SNIa-CN/sn2006le.p0038.dat,E,18.188067380051624,0.07,0.01,1.0647093048725265,2.0,1.0
2983,SNIa-CL/sn2007bc.p0031.dat,E,18.188099004099207,0.07,0.01,1.064678271189489,2.0,1.0
2984,SNII/sn2005cs.p0060.dat,E,18.188255361701067,0.07,0.01,1.0647544038679941,2.0,1.0
2985,SNIa-CL/sn2007al.p0011.dat,E,18.188323666334625,0.07,0.01,1.0651058649832188,2.0,1.0
2986,SNIa-CN/sn2005cf.p0029.dat,E,18.188369471316932,0.07,0.01,1.064645758725489,2.0,1.0
2987,SNIa-BL/sn2007af.p0032.dat,E,18.1885310699963,0.07,0.01,1.0647319133656246,2.0,1.0
2988,SNIa-CL/sn2002jg.p0025.dat,E,18.188605199108448,0.07,0.01,1.0651451733786175,2.0,1.0
2989,SNIa-CL/sn2006H.p0014.dat,E,18.188627141392555,0.07,0.01,1.0651699936098589,2.0,1.0
2990,SNIa-CN/sn1998bu.p0036.dat,E,18.188635706706535,0.07,0.01,1.064857125790514,2.0,1.0
2991,SNIa-CL/sn1997cn.p0014.dat,E,18.188659012261414,0.07,0.01,1.065081538439743,2.0,1.0
2992,SNIa-CN/sn2000fa.p0038.dat,E,18.18889136065216,0.07,0.01,1.0641193629093324,2.0,1.0
2993,SNIa-BL/sn2007le.p0040.dat,E,18.18890995930706,0.07,0.01,1.064450822784783,2.0,1.0
2994,SNIa-CL/sn2002hw.p0020.dat,E,18.189025337187534,0.07,0.01,1.0650189481805092,2.0,1.0
2995,SNIa-CL/sn2002fb.p0017.dat,E,18.189045466367645,0.07,0.01,1.0651278400325745,2.0,1.0
2996,SNIa-BL/sn2007af.p0034.dat,E,18.189133597429617,0.07,0.01,1.0647595280746862,2.0,1.0
2997,SNIa-CN/sn1998bu.p0038.dat,E,18.189188490111732,0.07,0.01,1.0648696568142066,2.0,1.0
2998,SNIa-CL/sn2006H.p0017.dat,E,18.18939492518911,0.07,0.01,1.06516719312105,2.0,1.0
2999,SNIa-CN/sn2003kf.p0041.dat,E,18.18972555190537,0.07,0.01,1.0644449796133324,2.0,1.0
3000,SNII/sn2009N.p0076.dat,E,18.189726750143492,0.07,0.01,1.0651169000290592,2.0,1.0
3001,SNIa-CN/sn1998bu.p0033.dat,E,18.189809677870738,0.07,0.01,1.064910094661907,2.0,1.0
3002,SNIa-CL/sn1997cn.p0016.dat,E,18.190099375264527,0.07,0.01,1.065169329668035,2.0,1.0
3003,SNIa-CN/sn1998bu.p0035.dat,E,18.1901035773054,0.07,0.01,1.06489095609726,2.0,1.0
3004,SNIa-BL/sn2004fu.p0022.dat,E,18.19015669421122,0.07,0.01,1.0645483008176881,2.0,1.0
3005,SNIa-CL/sn2005ke.p0010.dat,E,18.190448304959244,0.07,0.01,1.064944969351872,2.0,1.0
3006,SNII/sn2009N.p0085.dat,E,18.190456232591337,0.07,0.01,1.0651197437142306,2.0,1.0
3007,SNII/sn2009N.p0071.dat,E,18.19056553873873,0.07,0.01,1.0651101096469198,2.0,1.0
3008,SNIa-BL/sn2007af.p0028.dat,E,18.190617542112545,0.07,0.01,1.0647035673866703,2.0,1.0
3009,SNIa-BL/sn2007bm.p0045.dat,E,18.190874163923677,0.07,0.01,1.0647386388813558,2.0,1.0
3010,SNII/sn2005cs.p0061.dat,E,18.191162373489824,0.07,0.01,1.064637781983109,2.0,1.0
3011,SNIa-CL/sn1997cn.p0015.dat,E,18.191213144806376,0.07,0.01,1.0652107586120239,2.0,1.0
3012,SNIa-CN/sn1996X.p0028.dat,E,18.19138620279782,0.07,0.01,1.0646315832336182,2.0,1.0
3013,SNIa-BL/sn2002cd.p0047.dat,E,18.191666414143135,0.07,0.01,1.0650256946438297,2.0,1.0
3014,SNIa-CN/sn1998bu.p0031.dat,E,18.191874648747216,0.07,0.01,1.0649283146556892,2.0,1.0
3015,SNII/sn2013am.p0032.dat,E,18.19198072834542,0.07,0.01,1.0654187281740752,2.0,1.0
3016,SNIa-CL/sn2006H.p0016.dat,E,18.192128235148537,0.07,0.01,1.0651413880821536,2.0,1.0
3017,SNIa-CN/sn2005cf.p0028.dat,E,18.192596351437047,0.07,0.01,1.064694113705265,2.0,1.0
3018,SNIa-CN/sn2005kc.p0033.dat,E,18.193033799101475,0.07,0.01,1.0648266350033908,2.0,1.0
3019,SNIa-BL/sn1997bp.p0027.dat,E,18.193284110227353,0.07,0.01,1.0643410554518586,2.0,1.0
3020,SNII/sn1999gi.p0168.dat,E,18.193291997936733,0.07,0.01,1.0652521916515987,2.0,1.0
3021,SNIa-CL/sn2005ke.p0011.dat,E,18.1933968364247,0.07,0.01,1.0648979190581496,2.0,1.0
3022,SNIa-CN/sn2002fk.p0033.dat,E,18.193494006354985,0.07,0.01,1.0646152323683298,2.0,1.0
3023,SNIb/sn2005hg.p0026.dat,E,18.19349576157017,0.07,0.01,1.0651635094954086,2.0,1.0
3024,SNIa-CN/sn2006lf.p0019.dat,E,18.193583149648102,0.07,0.01,1.0649577657148177,2.0,1.0
3025,SNIIb/sn2008ax.p0009.dat,E,18.193703994031424,0.07,0.01,1.0649751662358105,2.0,1.0
3026,SNII/sn1999br.p0101.dat,E,18.193870126744567,0.07,0.01,1.064954373770692,2.0,1.0
3027,SNIa-CL/sn2006hb.p0024.dat,E,18.19410832950437,0.07,0.01,1.0646707263814068,2.0,1.0
3028,SNIa-BL/sn1997bp.p0032.dat,E,18.19444284154143,0.07,0.01,1.0646870170588736,2.0,1.0
3029,SNIa-CL/sn2004gs.p0023.dat,E,18.1945448283886,0.07,0.01,1.0647599803929624,2.0,1.0
3030,SNIa-CL/sn2005ke.p0013.dat,E,18.194550126735745,0.07,0.01,1.0648960118722233,2.0,1.0
3031,Gap/sn2015dl.p0057.dat,E,18.194680685493875,0.07,0.01,1.0652832874302918,2.0,1.0
3032,SNII/sn1999em.p0312.dat,E,18.19494618902239,0.07,0.01,1.0640783581511672,2.0,1.0
3033,SNIa-CN/sn1998bu.p0027.dat,E,18.195255560870255,0.07,0.01,1.0649696579694228,2.0,1.0
3034,SNIc/sn2004gt.p0019.dat,E,18.1955692372832,0.07,0.01,1.0650300956063266,2.0,1.0
3035,SNIa-CN/sn1998bu.p0028.dat,E,18.195589492840227,0.07,0.01,1.0650134021215942,2.0,1.0
3036,SNIIn/sn2010jl.p0901.dat,E,18.195628881071087,0.07,0.01,1.0645205355093248,2.0,1.0
3037,SNII/sn2002gd.p0083.dat,E,18.195669772211257,0.07,0.01,1.064853659959745,2.0,1.0
3038,SNIa-BL/sn2007af.p0031.dat,E,18.19567596134098,0.07,0.01,1.0648822438679657,2.0,1.0
3039,Gap/sn2015dl.p0004.dat,E,18.195792335869484,0.07,0.01,1.065303539712075,2.0,1.0
3040,SNIc/sn2004aw.p0021.dat,E,18.1958195761245,0.07,0.01,1.0651767751457866,2.0,1.0
3041,SNIa-CN/sn2006le.p0035.dat,E,18.196412972544948,0.07,0.01,1.064662736918659,2.0,1.0
3042,SNIa-BL/sn2002bo.p0024.dat,E,18.19643877131611,0.07,0.01,1.0645823339433838,2.0,1.0
3043,SNIa-BL/sn2006X.p0017.dat,E,18.196503356515286,0.07,0.01,1.0647505402949535,2.0,1.0
3044,SNIa-CL/sn2007ci.p0018.dat,E,18.196697589276752,0.07,0.01,1.0645027053420082,2.0,1.0
3045,SNIb/sn2004dk.p0020.dat,E,18.197064922496832,0.07,0.01,1.0650568836275505,2.0,1.0
3046,SNII/sn2006ov.p0093.dat,E,18.19724897068931,0.07,0.01,1.064841257133825,2.0,1.0
3047,SNIa-BL/sn2002bo.p0028.dat,E,18.197293578267676,0.07,0.01,1.064697994159302,2.0,1.0
3048,SNIIn/sn2010jl.p0441.dat,E,18.19775355602686,0.07,0.01,1.0648388836453369,2.0,1.0
3049,SNIa-CN/sn2006lf.p0040.dat,E,18.197902059297355,0.07,0.01,1.0650193249004893,2.0,1.0
3050,SNII/sn1999gi.p0110.dat,E,18.198096644162998,0.07,0.01,1.064883465977305,2.0,1.0
3051,SNIa-SS/sn2007S.p0034.dat,E,18.1981673300385,0.07,0.01,1.0647976174455682,2.0,1.0
3052,SNIa-BL/sn2007le.p0039.dat,E,18.198167709371127,0.07,0.01,1.0643804713254252,2.0,1.0
3053,SNIb/sn2005bf.p0024.dat,E,18.198292199870483,0.07,0.01,1.065170286496401,2.0,1.0
3054,SNIa-CN/sn1998bu.p0030.dat,E,18.198297497814725,0.07,0.01,1.0650186562854593,2.0,1.0
3055,SNII/sn2004et.p0042.dat,E,18.19949704789268,0.07,0.01,1.064855655915598,2.0,1.0
3056,SNII/sn1999gi.p0137.dat,E,18.199568704396626,0.07,0.01,1.0652456874788696,2.0,1.0
3057,SNIIn/sn2015da.p0841.dat,E,18.199715215496504,0.07,0.01,1.0644416056768544,2.0,1.0
3058,SNIa-BL/sn2002bo.p0027.dat,E,18.19996689103377,0.07,0.01,1.0646777444091355,2.0,1.0
3059,SNIa-BL/sn2002bo.p0029.dat,E,18.200190044418047,0.07,0.01,1.0647305465274552,2.0,1.0
3060,SNIa-CN/sn1998bu.p0029.dat,E,18.200367124468507,0.07,0.01,1.0650388193081088,2.0,1.0
3061,SNIa-SS/sn2005hk.p0027.dat,E,18.201060737351604,0.07,0.01,1.0650029235827239,2.0,1.0
3062,SNIb/sn2004gq.p0017.dat,E,18.201087464495124,0.07,0.01,1.0648243167530318,2.0,1.0
3063,SNIa-BL/sn2007le.p0050.dat,E,18.201118863933253,0.07,0.01,1.0563479058528558,0.4507827302521943,1.0
3064,SNII/sn2009N.p0061.dat,E,18.201283704907656,0.07,0.01,1.064911109998305,2.0,1.0
3065,SNIa-SS/sn2008A.p0043.dat,E,18.201328928389778,0.07,0.01,1.0648457715588764,2.0,1.0
3066,SNIa-CN/sn1998bu.p0034.dat,E,18.201460051355472,0.07,0.01,1.0650044273775967,2.0,1.0
3067,SNIa-CN/sn2006le.p0033.dat,E,18.201504636738555,0.07,0.01,1.0645611396200447,2.0,1.0
3068,SNIc/sn1990B.p0022.dat,E,18.201793331286773,0.07,0.01,1.0654930591926963,2.0,1.0
3069,SNIa-CN/sn1998bu.p0032.dat,E,18.2023607783278,0.07,0.01,1.0651066593149878,2.0,1.0
3070,SNIa-CN/sn2006lf.p0046.dat,E,18.202508040041096,0.07,0.01,1.0648542922843833,2.0,1.0
3071,SNII/sn2009N.p0091.dat,E,18.20281382689859,0.07,0.01,1.0650123182015185,2.0,1.0
3072,SNIa-BL/sn1996Z.p0023.dat,E,18.20291754256027,0.07,0.01,1.0647769426041553,2.0,1.0
3073,SNIa-CN/sn2005kc.p0029.dat,E,18.20325168145656,0.07,0.01,1.0648425492351081,2.0,1.0
3074,SNIa-BL/sn2005am.p0027.dat,E,18.2032738213584,0.07,0.01,1.0644385346084602,2.0,1.0
3075,SNII/sn1999gi.p0152.dat,E,18.2032812054622,0.07,0.01,1.0652073420164445,2.0,1.0
3076,SNIa-BL/sn2007bm.p0038.dat,E,18.203346466334896,0.07,0.01,1.0646527857339894,2.0,1.0
3077,SNIa-CN/sn2006le.p0037.dat,E,18.203698261145107,0.07,0.01,1.0645463316071984,2.0,1.0
3078,SNII/sn2009N.p0096.dat,E,18.203815157144906,0.07,0.01,1.064899129939019,2.0,1.0
3079,SNIb/sn2008D.p0008.dat,E,18.20393298105443,0.07,0.01,1.0648760731965465,2.0,1.0
3080,SNII/sn2006ov.p0115.dat,E,18.204299029253793,0.07,0.01,1.0650897615006416,2.0,1.0
3081,SNIa-SS/sn2005hk.p0023.dat,E,18.204434036821564,0.07,0.01,1.0649865939877001,2.0,1.0
3082,SNIa-BL/sn2007bm.p0034.dat,E,18.204570922284255,0.07,0.01,1.064768954902714,2.0,1.0
3083,SNIa-CN/sn1998bu.p0056.dat,E,18.204607131218733,0.07,0.01,1.058350047767689,0.5694053779114895,1.0
3084,SNII/sn2004et.p0047.dat,E,18.20481030815497,0.07,0.01,1.064741940773473,2.0,1.0
3085,SNIa-CN/sn2000fa.p0032.dat,E,18.20482235528833,0.07,0.01,1.0643298709612945,2.0,1.0
3086,SNII/sn1999gi.p0096.dat,E,18.20493835976845,0.07,0.01,1.0648002877705236,2.0,1.0
3087,SNIIb/sn2008ax.p0012.dat,E,18.205372117215035,0.07,0.01,1.0648546967225674,2.0,1.0
3088,SNIa-CN/sn1999gd.p0034.dat,E,18.205609825086984,0.07,0.01,1.0648881313847218,2.0,1.0
3089,SNIa-CN/sn1996ai.p0025.dat,E,18.205647294207324,0.07,0.01,1.0654384837464406,2.0,1.0
3090,SNIIb/sn2006T.p0015.dat,E,18.20577429284151,0.07,0.01,1.0647813412972331,2.0,1.0
3091,SNIa-SS/sn2005hk.p0020.dat,E,18.206092667496694,0.07,0.01,1.0648787008797536,2.0,1.0
3092,SNIc/sn2004aw.p0030.dat,E,18.206180774800337,0.07,0.01,1.0651612524830927,2.0,1.0
3093,SNIa-CN/sn2006lf.p0038.dat,E,18.206785762547273,0.07,0.01,1.0649878416449767,2.0,1.0
3094,Gap/sn2019abn.p0053.dat,E,18.207113059362463,0.07,0.01,1.0656411389153035,2.0,1.0
3095,SNIa-SS/sn2002cx.p0308.dat,E,18.207351998634174,0.07,0.01,1.0650067963300325,2.0,1.0
3096,SNII/sn2009N.p0104.dat,E,18.20736854301896,0.07,0.01,1.0651261933320966,2.0,1.0
3097,SNIa-CN/sn1995E.p0032.dat,E,18.20756083855927,0.07,0.01,1.0650800636969757,2.0,1.0
3098,SNIc/sn2005az.p0021.dat,E,18.207764061967673,0.07,0.01,1.064796356770514,2.0,1.0
3099,SNII/sn2004et.p0392.dat,E,18.20803663959112,0.07,0.01,1.0647603183975205,2.0,1.0
3100,SNII/sn2005cs.p0105.dat,E,18.20825987918892,0.07,0.01,1.0651113372796936,2.0,1.0
3101,SNIb-pec/sn2007uy.p0013.dat,E,18.209185427463197,0.07,0.01,1.0644867572669359,2.0,1.0
3102,SNIa-BL/sn2006X.p0073.dat,E,18.209291251804824,0.07,0.01,1.0646177412384945,2.0,1.0
3103,SNII/sn2004et.p0419.dat,E,18.20983506944527,0.07,0.01,1.0646303066114957,2.0,1.0
3104,SNIa-BL/sn2004fu.p0027.dat,E,18.209861051616453,0.07,0.01,1.06473130449246,2.0,1.0
3105,SNIb/sn2008D.p0010.dat,E,18.21060864192844,0.07,0.01,1.0651054216695826,2.0,1.0
3106,SNIIb/sn1993J.p0031.dat,E,18.211033901503242,0.07,0.01,1.065040294434057,2.0,1.0
3107,SNII/sn1999em.p0162.dat,E,18.211107152661654,0.07,0.01,1.0650496654346906,2.0,1.0
3108,SNIIb/sn2008ax.p0019.dat,E,18.211290160771103,0.07,0.01,1.0649421825842105,2.0,1.0
3109,SNIIb/sn2008ax.p0023.dat,E,18.211531445483722,0.07,0.01,1.0648510831956786,2.0,1.0
3110,SNIIb/sn2008ax.p0015.dat,E,18.211810277953887,0.07,0.01,1.0648049053274924,2.0,1.0
3111,SNIa-BL/sn2004dt.p0023.dat,E,18.212394836793,0.07,0.01,1.0582808090204467,0.5017776627424934,1.0
3112,SNIb/sn2006ep.p0012.dat,E,18.21249498750988,0.07,0.01,1.064776316728037,2.0,1.0
3113,SNIa-BL/sn1999cl.p0037.dat,E,18.212723899862016,0.07,0.01,1.0649791372604185,2.0,1.0
3114,SNIIb/sn2008ax.p0016.dat,E,18.212794431100384,0.07,0.01,1.0648084909293143,2.0,1.0
3115,SNIb/sn2007ag.p0009.dat,E,18.21319257461735,0.07,0.01,1.0647195060840962,2.0,1.0
3116,SNIa-SS/sn2008A.p0019.dat,E,18.214057124254175,0.07,0.01,1.0647155243731532,2.0,1.0
3117,SNIa-SS/sn2008A.p0032.dat,E,18.214091550463404,0.07,0.01,1.0648031683240413,2.0,1.0
3118,SNII/sn2012aw.p0249.dat,E,18.215748338417875,0.07,0.01,1.064299419595409,2.0,1.0
3119,SNIb/sn2008D.p0012.dat,E,18.216840948285093,0.07,0.01,1.0650572635874032,2.0,1.0
3120,SNIb/sn2007C.p0027.dat,E,18.217394970653764,0.07,0.01,1.0647955800351354,2.0,1.0
3121,SNII/sn2009N.p0088.dat,E,18.218669459499978,0.07,0.01,1.0648447313577265,2.0,1.0
3122,SNII/sn2004et.p0055.dat,E,18.219012020411345,0.07,0.01,1.0646709941880081,2.0,1.0
3123,SNIa-BL/sn2006X.p0063.dat,E,18.219267797326328,0.07,0.01,1.0644757701549965,2.0,1.0
3124,SNII/sn1999em.p0123.dat,E,18.219713197166627,0.07,0.01,1.0650593805027966,2.0,1.0
3125,SNIa-CN/sn2003cg.p0027.dat,E,18.22181741727207,0.07,0.01,1.065191225302289,2.0,1.0
3126,SNIb/sn2004gq.p0084.dat,E,18.222146540818432,0.07,0.01,1.064852513759119,2.0,1.0
3127,SNIa-BL/sn2006X.p0033.dat,E,18.222531055740532,0.07,0.01,1.0651381049029138,2.0,1.0
3128,SNIa-BL/sn2006X.p0039.dat,E,18.222770031945128,0.07,0.01,1.065112367169288,2.0,1.0
3129,SNII/sn2004et.p0382.dat,E,18.222833272884806,0.07,0.01,1.0647209687396992,2.0,1.0
3130,SNIa-BL/sn2006X.p0060.dat,E,18.222891726743402,0.07,0.01,1.0644548310025665,2.0,1.0
3131,SNIa-SS/sn2008A.p0028.dat,E,18.22295994544206,0.07,0.01,1.0646003352426747,2.0,1.0
3132,SNII/sn2004et.p0065.dat,E,18.223744310307573,0.07,0.01,1.0647449071476263,2.0,1.0
3133,SNIa-BL/sn2006X.p0034.dat,E,18.22404886847823,0.07,0.01,1.0651896096503777,2.0,1.0
3134,SNII/sn2009N.p0158.dat,E,18.224240572335653,0.07,0.01,1.064946804343886,2.0,1.0
3135,SNII/sn1999gi.p0139.dat,E,18.224537473891676,0.07,0.01,1.0651559907447241,2.0,1.0
3136,SNII/sn2013am.p0082.dat,E,18.224639663110032,0.07,0.01,1.0652611892610204,2.0,1.0
3137,SNIa-SS/sn2008A.p0024.dat,E,18.225035793567223,0.07,0.01,1.064618579437578,2.0,1.0
3138,SNIa-SS/sn2008A.p0021.dat,E,18.22551835452109,0.07,0.01,1.0646430489964271,2.0,1.0
3139,SNIa-BL/sn2006X.p0042.dat,E,18.22795544127212,0.07,0.01,1.0649473262644702,2.0,1.0
3140,SNIa-BL/sn2006X.p0043.dat,E,18.228403459034517,0.07,0.01,1.0649227332756352,2.0,1.0
3141,SNII/sn2009N.p0126.dat,E,18.228487281654537,0.07,0.01,1.0648259534601776,2.0,1.0
3142,SNIa-BL/sn2006X.p0032.dat,E,18.229137952295783,0.07,0.01,1.0651344456803036,2.0,1.0
3143,SNIa-BL/sn2004ef.p0026.dat,E,18.22996148257878,0.07,0.01,1.0648113714240652,2.0,0.9975739296187681
3144,SNIa-BL/sn2006X.p0031.dat,E,18.230518707652788,0.07,0.01,1.0650958557255685,2.0,1.0
3145,SNIb/sn2008D.p0128.dat,E,18.231049833661707,0.07,0.01,1.0647589595481033,2.0,1.0
3146,SNII/sn1999em.p0137.dat,E,18.23213573128633,0.07,0.01,1.0648495288198845,2.0,1.0
3147,SNII/sn2004et.p0078.dat,E,18.232360211901614,0.07,0.01,1.0647429680622533,2.0,1.0
3148,SNII/sn2004et.p0203.dat,E,18.23435155001154,0.07,0.01,1.0645927415965337,2.0,1.0
3149,SNII/sn2013am.p0065.dat,E,18.23440362484552,0.07,0.01,1.0652062608210249,2.0,1.0
3150,SNIIb/sn2006T.p0022.dat,E,18.234624617460042,0.07,0.01,1.064832111185299,2.0,1.0
3151,SNIb/sn2007C.p0063.dat,E,18.23527458254569,0.07,0.01,1.0647508413802305,2.0,1.0
3152,SNII/sn2005cs.p0277.dat,E,18.23550648040996,0.07,0.01,1.0647535353082684,2.0,1.0
3153,SNIa-BL/sn2006X.p0029.dat,E,18.235721114653977,0.07,0.01,1.0650747827416105,2.0,1.0
3154,SNIb-pec/sn2007uy.p0075.dat,E,18.23876928920975,0.07,0.01,1.0648345974671156,2.0,1.0
3155,SNIb/sn2008D.p0040.dat,E,18.239439227223116,0.07,0.01,1.0650229237201307,2.0,1.0
3156,SNII/sn2004et.p0090.dat,E,18.241318985499205,0.07,0.01,1.0646811508433836,2.0,1.0
3157,SNIb/sn2004gq.p0024.dat,E,18.243839047429177,0.07,0.01,1.057082988926313,0.31421896377295466,1.0
3158,SNII/sn2004et.p0305.dat,E,18.248078748110835,0.07,0.01,1.0640359610409695,2.0,1.0
3159,SNIIb/sn1993J.p0028.dat,E,18.249010032285963,0.07,0.01,1.0647862058585864,2.0,1.0
3160,SNII/sn2004et.p0104.dat,E,18.249420262994526,0.07,0.01,1.0647976699081283,2.0,1.0
3161,SNII/sn2004et.p0292.dat,E,18.25986227798614,0.07,0.01,1.0642590655769189,2.0,1.0
3162,SNIc/sn2004aw.p0228.dat,E,18.260926119329692,0.07,0.01,1.0645442780573713,2.0,1.0
3163,SNIc/sn2004aw.p0252.dat,E,18.261084482916395,0.07,0.01,1.0651217763048426,2.0,1.0
3164,SNIIn/sn1988Z.p3691.dat,E,18.264817765621142,0.07,0.01,1.06570138629786,2.0,1.0
3165,SNII/sn2004et.p0240.dat,E,18.2676023316665,0.07,0.01,1.0643161881638705,2.0,1.0
3166,SNIIn/sn2006jd.p1513.dat,E,18.270543910050552,0.07,0.01,1.0640387419657862,2.0,1.0
3167,SNII/sn2004et.p0218.dat,E,18.272331537848117,0.07,0.01,1.064397797894314,2.0,1.0
3168,SNIc-bl/sn2002ap.p0270.dat,E,18.27275951153271,0.07,0.01,1.0646775726522002,2.0,1.0
3169,SNII/sn2004et.p0250.dat,E,18.27407200938212,0.07,0.01,1.064328336924226,2.0,1.0
3170,SNII/sn2004et.p0154.dat,E,18.27526490353294,0.07,0.01,1.0646627816736154,2.0,1.0
3171,SNII/sn2004et.p0244.dat,E,18.275554997906006,0.07,0.01,1.0643079784818965,2.0,1.0
3172,SNIIn/sn1995N.p0051.dat,E,18.282795884395426,0.07,0.01,1.0637554098729902,2.0,1.0
3173,SNIc-bl/sn2002ap.p0267.dat,E,18.291993852756953,0.07,0.01,1.0641711561898812,2.0,1.0
3174,SNII/sn2009N.p0112.dat,E,18.292835498674243,0.07,0.01,1.064326307260624,2.0,1.0
3175,SNIIn/sn1995N.m0043.dat,E,18.306503701416748,0.07,0.01,1.063612434922364,2.0,1.0
3176,SNIIn/sn1995N.p1791.dat,E,18.30693597886881,0.07,0.01,1.0644712518969268,2.0,1.0
3177,SNIb-pec/sn2007uy.p0140.dat,E,18.311736838765885,0.07,0.01,1.0640820672442557,2.0,1.0
3178,SNIIn/sn1988Z.p1124.dat,E,18.312233898297446,0.07,0.01,1.0635127342161028,2.0,1.0
3179,SNII/sn2005cs.p0225.dat,E,18.33313056601047,0.07,0.01,1.0636773399902184,2.0,1.0
3180,SNII/sn2005cs.p0123.dat,E,18.341123187532265,0.07,0.01,1.0635393929694081,2.0,1.0
3181,SNII/sn2004et.p0176.dat,E,18.346989270660757,0.07,0.01,1.063724839940827,2.0,1.0
3182,SNII/sn1987A.p0398.dat,E,18.361765221009495,0.07,0.01,1.056383400155644,2.0,1.0
3183,SNIIn/sn1988Z.p1532.dat,E,18.361962610904683,0.07,0.01,1.0637944308861393,2.0,1.0
3184,SNIc/sn2005kl.p0008.dat,E,18.367178660124253,0.07,0.01,1.063296085673844,2.0,1.0
3185,SNIa-CN/sn2003du.p0028.dat,E,18.38230643680061,0.08,0.02407641067615348,0.84070806368455,-2.0,1.0
3186,SNIIn/sn1995N.m0276.dat,E,18.383911466976052,0.07,0.01,1.0630971403619824,2.0,1.0
3187,SNII/sn2005cs.p0133.dat,E,18.415222414874535,0.07,0.01,1.0632785868417285,2.0,1.0
3188,SNII/sn2005cs.p0177.dat,E,18.450426056458596,0.07,0.01,1.062845978603741,2.0,1.0
3189,SNII/sn2005cs.p0166.dat,E,18.47242560461507,0.07,0.01,1.062580843647822,2.0,1.0
3190,SNIa-SS/sn1999aa.p0072.dat,E,18.50451241984464,0.12000000000000001,0.03203280768458748,0.8343053558020507,-2.0,0.9566123167155425
3191,SNII/sn1987A.p0338.dat,E,18.57477197106399,0.07,0.01,1.0523991949542462,2.0,1.0
3192,SNIa-CN/sn1998eg.p0017.dat,E,18.60087266910647,0.13,0.04044467117292932,0.8007371649647146,-1.7733611822290705,0.9898699999999997
3193,SNIc-bl/sn2003jd.p0020.dat,E,18.634506744911132,0.07,0.09727108227264533,0.9727893910483462,0.2947903571448258,1.0
3194,SNII/sn1987A.p1049.dat,E,18.718922225456883,0.13,0.02932552853931257,0.946888148754318,-2.0,1.0
3195,SNIc/sn2007gr.p0034.dat,E,18.862382572216166,0.07,0.07832619905566797,1.0024774317251188,0.499576633889455,1.0
3196,SNIb/sn2005hg.p0016.dat,E,18.96338681591232,0.12000000000000001,0.05184551325805732,0.6455751219901106,-2.0,1.0
3197,SNIa-CL/sn2005ke.p0007.dat,E,19.055397782803773,0.07,0.14174315378256336,0.948785383787799,0.5282044576380475,1.0
3198,SNIIn/sn1995G.p0234.dat,E,19.381516811003614,0.11000000000000001,0.03778541215605015,0.7765301593347905,-2.0,0.9645570041809508
3199,SNIc/sn2004aw.p0403.dat,E,19.387482688974906,0.07,0.01,1.0616168433155602,2.0,1.0
3200,SNIb/sn2004gq.p0015.dat,E,19.390973987732156,0.07,0.09274169469260332,0.9832886298790299,0.37816142765194577,1.0
3201,SNII/sn1999em.p0075.dat,E,19.632253681417254,0.07,0.12417099399345416,0.9710946527134872,0.6172673149310137,1.0
3202,SNIa-CN/sn1994ae.p0029.dat,E,19.785725545085704,0.13,0.040446674507985156,0.7256666374723882,-2.0,1.0
3203,SNIIn/sn1988Z.p2917.dat,E,19.874992135397353,0.12000000000000001,0.016593707283082525,0.9684877396554685,-2.0,0.960058900388066
3204,SNIIb/sn2008ax.p0011.dat,E,19.888500428544518,0.11000000000000001,0.05416156395699906,0.6075322405906605,-2.0,1.0
3205,SNII/sn1987A.p0360.dat,E,19.93063522900882,0.07,0.01,1.0210818878809482,2.0,1.0
3206,SNIb/sn2006ep.p0010.dat,E,20.2350751434158,0.12000000000000001,0.061202083851613666,0.582464242840156,-2.0,1.0
3207,SNIIn/sn1988Z.p0722.dat,E,20.288550669646625,0.08,0.01,1.0788793270461283,2.0,0.9525651623943112
3208,SNIa-CN/sn2000fa.p0042.dat,E,20.433227490829427,0.08,0.01,1.0753760450730159,2.0,0.9685280938416423
3209,SNIIn/sn1996L.p0336.dat,E,20.544152019086763,0.13,0.01838702399618565,0.939181978960115,-2.0,0.9576068881474424
3210,SNII/sn1987A.p0198.dat,E,20.882159033200203,0.07,0.01,1.012316559634994,2.0,1.0
3211,SNII/sn1987A.p0472.dat,E,21.68924059843672,0.07,0.01,1.0509469352548346,2.0,1.0
3212,SNIa-BL/sn1998ec.p0038.dat,E,21.71344219469148,0.13,0.03406801631216906,0.8144367654749309,-2.0,0.9867550439882691
3213,SNIIn/sn1988Z.p2563.dat,E,23.17695969527143,0.12000000000000001,0.01,1.0509306318914775,-1.366709343520405,0.9734009571341743
3214,SNIIn/sn1988Z.p1819.dat,E,23.645160809035183,0.12000000000000001,0.01,1.1110532291879078,2.0,0.9556292990638636
3215,SNIa-CN/sn1998V.p0031.dat,E,23.742178785128733,0.13,0.01,1.1177309400296576,2.0,0.9566062463343106
3216,SNIIn/sn2010jl.p0766.dat,E,24.5361237376948,0.13,0.01,1.1030883968547232,2.0,0.9522593991465048
3217,SNII/sn1987A.p0374.dat,E,31.812801477847984,0.07,0.01,0.9473362623455333,2.0,1.0
3218,SNII/sn1987A.p0008.dat,E,40.035783145493475,0.07,0.01,0.2024061271014864,2.0,1.0
3219,SNII/sn1987A.p0018.dat,E,148.64737987055867,0.07,0.01,0.0,2.0,1.0
3220,SNII/sn1987A.p0128.dat,E,262.89197577369964,0.11000000000000001,0.01,0.0748169959014239,2.0,1.0
3221,SNII/sn1987A.p0014.dat,E,316.9638104721292,0.13,0.01,0.0,2.0,1.0
3222,SNII/sn1987A.p0070.dat,E,548.3003584756001,0.13,0.01,0.0,2.0,1.0
3223,SNII/sn1987A.p0021.dat,E,636.8923088407987,0.13,0.01,0.0,2.0,1.0
3224,SNII/sn1987A.p0107.dat,E,783.2353627252274,0.11000000000000001,0.01,0.0,2.0,1.0
3225,SNII/sn1987A.p0027.dat,E,871.4482269074332,0.13,0.01,0.0,2.0,1.0
3226,SNII/sn1987A.p0095.dat,E,2449.69365249166,0.12000000000000001,0.01,0.0,2.0,1.0
3227,SNII/sn1987A.p0073.dat,E,4435.472867576791,0.13,0.01,0.0,2.0,1.0
3228,SNII/sn1987A.p0044.dat,E,4486.647591304033,0.13,0.01,0.0,2.0,1.0
3229,SNII/sn1999br.p0041.dat,E,327347.5493990729,0.11000000000000001,0.01,3.0,2.0,1.0
3230,SNIa-CN/sn2003kf.p0397.dat,E,1214550583.140839,0.09000000000000001,0.01,3.0,2.0,0.9813772434017596
3231,SNII/sn2004dj.p0066.dat,E,inf,0.07,0.01,1.0652456874788696,2.0,1.0
3232,SNIIn/sn2008S.m0004.dat,E,inf,0.13,0.04114111968258279,0.7876467692931013,-2.0,1.0
3233,SNII/sn2009N.p0046.dat,E,inf,0.07,0.036467785467878225,0.7330672384408462,-2.0,1.0
3234,SNII/sn1999gi.p0106.dat,E,inf,0.07,0.08766708074467366,0.49029054759034774,-2.0,1.0
3235,SNII/sn2004dj.p0068.dat,E,inf,0.07,0.01,1.0652611892610204,2.0,1.0
3236,SNII/sn2012aw.p0007.dat,E,inf,0.07,0.01,1.0652611892610204,2.0,1.0
3237,SNII/sn2012aw.p0305.dat,E,inf,0.07,0.01,1.0646627816736154,2.0,1.0
3238,SNII/sn2006ov.p0168.dat,E,inf,0.07,0.09982130428922056,0.3145291860255617,-2.0,1.0
3239,SNII/sn2009N.p0025.dat,E,inf,0.07,0.04901887528753721,0.660406283744881,-2.0,1.0
3240,SNII/sn2012aw.p0012.dat,E,inf,0.07,0.01,0.0,2.0,1.0
3241,SNII/sn1987A.p0251.dat,E,inf,0.07,0.07769418918647687,0.52229745165044,-2.0,1.0
3242,SNIIn/sn2008S.p0031.dat,E,inf,0.07,0.07269393064735419,0.4628399174189027,-2.0,1.0
3243,SNII/sn1999em.p0048.dat,E,inf,0.07,0.07907754098365442,0.6097255629626177,-1.6192065068757013,0.9814076666035776
3244,SNII/sn1999em.p0094.dat,E,inf,0.07,0.07907754098365442,0.6097255629626177,-1.6192065068757013,0.9814076666035776
3245,SNII/sn1999em.p0040.dat,E,inf,0.07,0.04242002355880044,0.6120620017576339,-2.0,1.0
3246,SNII/sn2009N.p0372.dat,E,inf,0.07,0.011143711298366861,0.9492271611286512,-2.0,1.0
3247,SNIIn/sn2010jl.p0169.dat,E,inf,0.07,0.01,1.0065531608017737,-1.7097427500314484,1.0
3248,SNII/sn2004dj.p0056.dat,E,inf,0.07,0.07825295566062757,0.6809346686678373,-1.7978890065749922,1.0
3249,SNII/sn2004dj.p0051.dat,E,inf,0.07,0.0658676213968854,0.5274050779983629,-2.0,0.9814076666035776
3250,SNII/sn2005cs.p0009.dat,E,inf,0.07,0.09982130428922056,0.3145291860255617,-2.0,1.0
3251,SNII/sn2004dj.p0048.dat,E,inf,0.07,0.01,1.0643079784818965,2.0,1.0
3252,SNII/sn2009N.p0057.dat,E,inf,0.07,0.07774949863177341,0.5725897873472385,-1.7961382716459755,1.0
3253,SNII/sn2004dj.p0100.dat,E,inf,0.07,0.05527190395169052,0.7160515260370691,-1.9001777653117,1.0
3254,SNII/sn2012aw.p0026.dat,E,inf,0.07,0.01,1.064911109998305,2.0,1.0
3255,SNII/sn1987A.p0061.dat,E,inf,0.07,0.01,0.9539374304043351,-0.7016563955877646,1.0
3256,SNII/sn1999em.p0049.dat,E,inf,0.07,0.09982130428922056,0.3145291860255617,-2.0,1.0
3257,SNII/sn2004dj.p0098.dat,E,inf,0.13,0.06580631285911269,0.6437362746885992,-2.0,0.9522593991465048
3258,SNIb/sn2004gq.p0297.dat,E,inf,0.11000000000000001,0.08206327177318683,0.448580138812188,-2.0,1.0
3259,SNII/sn2012aw.p0015.dat,E,inf,0.07,0.09490642424568714,0.6503136720229254,-1.4488314065223709,1.0
3260,SNIb/sn2004gq.p0343.dat,E,inf,0.11000000000000001,0.07482523376877818,0.45996194265766194,-2.0,1.0
3261,SNII/sn2004dj.p0096.dat,E,inf,0.07,0.01,1.0647544038679941,2.0,1.0
3262,SNII/sn2012aw.p0009.dat,E,inf,0.07,0.09982130428922056,0.3145291860255617,-2.0,1.0
3263,SNII/sn2004dj.p0084.dat,E,inf,0.07,0.01000004475730807,1.001538607785997,-1.840835821683684,0.9814076666035776
3264,SNIIn/sn1998S.p0339.dat,E,inf,0.07,0.06820112612581995,0.677037126893515,-1.9365651745517567,1.0
3265,SNII/sn2004dj.p0065.dat,E,inf,0.07,0.01,0.0,2.0,1.0
3266,SNII/sn1999em.p0515.dat,E,inf,0.13,0.01,0.0,2.0,1.0
3267,SNIIn/sn2010jl.p0021.dat,E,inf,0.07,0.032472876542021,0.816307605152561,-2.0,1.0
3268,SLSN-I/snPS1-11bam.p0005.dat,E,inf,0.07,0.06587048282432861,0.5776345899466208,-2.0,1.0
3269,SNII/sn2005cs.p0333.dat,E,inf,0.07,0.062471996121528,0.5632664841346423,-2.0,1.0
3270,SNIIb/sn1993J.p0067.dat,E,inf,0.07,0.06785731668346336,0.558201132860337,-2.0,1.0
3271,SNIIb/sn2008ax.p0031.dat,E,inf,0.07,0.06785731668346336,0.558201132860337,-2.0,1.0
3272,SNIb-pec/sn2009er.m0001.dat,E,inf,0.07,0.08858656473380395,0.5910831319669305,-1.9050841622024999,0.9897580816834382
3273,Gap/sn2017be.p0098.dat,E,inf,0.07,0.053102541976695145,0.6610326517628486,-2.0,1.0
3274,SNIIn/sn2006qq.p0036.dat,E,inf,0.07,0.014263508067715674,0.9612680210950351,-2.0,1.0
3275,SNIc/sn2004aw.p0060.dat,E,inf,0.07,0.07938043120302261,0.4859154159732043,-2.0,1.0
3276,SNIc/sn2004aw.p0039.dat,E,inf,0.07,0.07938043120302261,0.4859154159732043,-2.0,1.0
3277,SNIc/sn2004aw.p0045.dat,E,inf,0.07,0.0872837000595389,0.3844314545318616,-1.9468666411364257,1.0
3278,SNIc/sn1990B.p0004.dat,E,inf,0.07,0.06273194543887639,0.5841556231469428,-2.0,1.0
3279,SNIIn/sn1994Y.p0182.dat,E,inf,0.07,0.01,1.0637554098729902,2.0,1.0
3280,SNIa-CSM/snASASSN-15og.p0056.dat,E,inf,0.09000000000000001,1.0380743876289606,0.007290396131738336,0.03419972880694741,1.0
3281,SNIc/sn2004aw.p0058.dat,E,inf,0.07,0.02723960077196586,0.7925246918595696,-2.0,1.0
3282,SNIa-CSM/snASASSN-15og.p0020.dat,E,inf,0.07,0.04193481422348802,0.7378237504487385,-2.0,1.0
3283,SNIc/sn1990B.p0039.dat,E,inf,0.07,0.07632995011761542,0.594633911734981,-2.0,1.0
3284,SNIIn/sn1995G.p0361.dat,E,inf,0.07,0.023187259281092117,0.9083371255276499,-2.0,1.0
3285,SNIa-SS/sn1998ab.p0007.dat,E,inf,0.07,0.04348968147231872,0.7185267859625414,-1.9823747620472185,1.0
3286,SNIc/sn1994I.p0034.dat,E,inf,0.07,0.07669897253061721,0.4268179165497384,-2.0,1.0
3287,SNIIn/sn1998S.p0326.dat,E,inf,0.07,0.05847394797495189,0.6604854529736791,-2.0,1.0
3288,SNIa-SS/sn1998es.m0009.dat,E,inf,0.1,0.3211134862149452,0.4326109846011808,-0.6749786009929469,1.0
3289,SNIIb/sn2008ax.p0258.dat,E,inf,0.07,0.010595138732678344,1.0009080761644804,-2.0,1.0
3290,SNIIn/sn1998S.p0004.dat,E,inf,0.07,0.05847394797495189,0.6604854529736791,-2.0,1.0
3291,SNIIn/sn1994Y.p0205.dat,E,inf,0.07,0.07818014817408332,0.47489934063898676,-2.0,1.0
3292,SNIa-CL/sn1999by.p0011.dat,E,inf,0.07,0.03852452673294323,0.722866790609926,-2.0,1.0
3293,SNIIn/sn2006bo.p0011.dat,E,inf,0.07,0.041312454587111025,0.786511678272895,-2.0,1.0
3294,SNIa-CSM/sn1999E.p0004.dat,E,inf,0.07,0.03179839829432508,0.8186408898826611,-2.0,1.0
3295,Gap/sn2017be.p0037.dat,E,inf,0.07,0.09480279592663284,0.39376842926384,-2.0,1.0
3296,Gap/sn2015dl.p0005.dat,E,inf,0.07,0.09480279592663284,0.39376842926384,-2.0,1.0
3297,SNIIb/sn2008ax.p0337.dat,E,inf,0.11000000000000001,0.08687708281801067,0.3058113584374083,-2.0,1.0
3298,SNIIb/sn1993J.p0047.dat,E,inf,0.07,0.06560616835704651,0.507833121603341,-2.0,1.0
3299,SNIIb/sn1998fa.p0037.dat,E,inf,0.09000000000000001,0.03223171421373883,0.7487572735666195,-2.0,0.9717651736482298
3300,Gap/sn2000ch.p0055.dat,E,inf,0.07,0.09097853985788881,0.43054318813086173,-2.0,1.0
3301,SNIIb/sn2008ax.p0127.dat,E,inf,0.11000000000000001,0.09052683284074178,0.33544008201560266,-2.0,1.0
3302,SNIIn/sn2006qq.p0042.dat,E,inf,0.13,0.01,1.1030883968547232,2.0,0.9522593991465048
3303,SNIIb/sn1998fa.p0007.dat,E,inf,0.11000000000000001,0.06470282225511148,0.5653766340698572,-2.0,1.0
3304,SNIa-CSM/snASASSN-15og.p0087.dat,E,inf,0.07,0.03386179119990112,0.766304654136089,-2.0,1.0
3305,SNIIn/sn2007pk.m0001.dat,E,inf,0.07,0.01,1.0212775942495784,-1.300733685258346,1.0
3306,SNIIb/sn1993J.p0215.dat,E,inf,0.07,0.07704894492620204,0.46389402646454914,-2.0,1.0
3307,SNIa-CSM/snASASSN-15og.p0036.dat,E,inf,0.07,0.031950419508591746,0.7852566724552389,-2.0,1.0
3308,SNIIb/sn1998fa.p0016.dat,E,inf,0.07,0.041428160872362896,0.6977002907538059,-2.0,1.0
3309,Gap/sn2015dl.p0000.dat,E,inf,0.07,0.11809152457183854,0.3386998604074816,-2.0,1.0
3310,SNIc/sn1994I.p0033.dat,E,inf,0.07,0.051474021989692045,0.6645512803664633,-2.0,1.0
3311,SNIc/sn2004aw.p0025.dat,E,inf,0.08,0.055788070043948354,0.5862804603461931,-2.0,1.0
3312,SLSN-I/snPS1-11ky.m0002.dat,E,inf,0.07,0.056381782553725376,0.605661438128704,-2.0,1.0
3313,SLSN-I/sn2010gx.p0010.dat,E,inf,0.07,0.056381782553725376,0.605661438128704,-2.0,1.0
3314,SNIIn/sn1998S.p0467.dat,E,inf,0.07,0.036545657353557734,0.809660258111638,-1.953768272612499,1.0
3315,SLSN-I/snPS1-10awh.p0013.dat,E,inf,0.07,0.23178793632813396,0.6700282974521115,-1.1307461891368071,1.0
3316,SLSN-I/snLSQ12dlf.p0008.dat,E,inf,0.07,0.05146084164815597,0.5616592277467365,-2.0,1.0
3317,SLSN-I/snPTF13ajg.p0025.dat,E,inf,0.07,0.06267433667688882,0.5177926359426581,-2.0,1.0
3318,SLSN-I/snPS1-11ky.p0026.dat,E,inf,0.07,0.09498788195845136,0.6665731751237011,-1.8524429700679272,1.0
3319,SLSN-I/sn2010gx.p0021.dat,E,inf,0.07,0.06441497394592403,0.6266873978823772,-2.0,1.0
3320,SLSN-I/snASASSN-15lh.p0031.dat,E,inf,0.09000000000000001,0.06739133995046041,0.515424414914721,-2.0,1.0
3321,SLSN-I/snPTF11rks.p0044.dat,E,inf,0.07,0.05951466309881298,0.5524382846396574,-2.0,1.0
3322,SLSN-I/sn2011ke.p0036.dat,E,inf,0.07,0.11511765582833795,0.6590981695683562,-1.6612837819855035,1.0
3323,SLSN-I/snPS1-10awh.p0006.dat,E,inf,0.07,0.06306905562081234,0.6343881492675808,-2.0,1.0
3324,SLSN-I/snPTF13ajg.p0027.dat,E,inf,0.07,0.06669339154859458,0.7607899974023897,-2.0,0.9920059042812513
3325,SNIa-CSM/snASASSN-15og.p0021.dat,E,inf,0.07,0.11828831017773053,0.5473452476997467,-1.3381809960299782,1.0
3326,SLSN-I/snSCP06F6.m0016.dat,E,inf,0.07,0.06687083502131305,0.6101362978209246,-2.0,1.0
3327,SLSN-I/snPS1-11bam.p0003.dat,E,inf,0.07,0.06669339154859458,0.7607899974023897,-2.0,0.9920059042812513
3328,SLSN-I/sn2011kf.p0051.dat,E,inf,0.07,0.06587048282432861,0.5776345899466208,-2.0,1.0
3329,SLSN-I/snSCP06F6.p0001.dat,E,inf,0.07,0.07720162438651273,0.48859042856545126,-2.0,1.0
3330,SNIa-CSM/sn2011km.p0043.dat,E,inf,0.07,0.04061868555535192,0.7435707211177299,-2.0,1.0
3331,SNIIn/sn2008fq.p0028.dat,E,inf,0.07,0.01,1.0637944308861393,2.0,1.0
3332,SLSN-I/sn2010gx.p0057.dat,E,inf,0.08,0.07800030199636745,0.6069024803081533,-2.0,1.0
3333,SNIc/sn1994I.p0116.dat,E,inf,0.07,0.06449101668667945,0.7019304812700345,-2.0,1.0
3334,SLSN-I/snASASSN-15lh.p0015.dat,E,inf,0.07,0.07096300206793468,0.6727841253712479,-1.9578945534262977,1.0
3335,SLSN-I/snPTF13ajg.m0008.dat,E,inf,0.07,0.07096300206793468,0.6727841253712479,-1.9578945534262977,1.0
3336,SNIa-CSM/snASASSN-15og.p0055.dat,E,inf,0.07,0.06329772848837509,0.5087098977614546,-2.0,1.0
3337,SNIIb-flash/sn2013cu.m0003.dat,E,inf,0.07,0.06203899229760933,0.6956637336588372,-1.3872707360724204,0.9595300036570854
3338,SLSN-I/snPS1-10awh.m0018.dat,E,inf,0.07,0.14296920580068834,0.6922736544542217,-1.2719438702714336,1.0
3339,SLSN-I/sn2010gx.m0005.dat,E,inf,0.07,0.049670476136074816,0.6803984875078471,-2.0,1.0
3340,SLSN-I/snASASSN-15lh.p0020.dat,E,inf,0.07,0.049670476136074816,0.6803984875078471,-2.0,1.0
3341,SLSN-I/snSNLS-06D4eu.m0023.dat,E,inf,0.07,0.049670476136074816,0.6803984875078471,-2.0,1.0
3342,SLSN-I/snSNLS-07D2bv.m0164.dat,E,inf,0.07,0.06387588085788325,0.5568089533278106,-2.0,1.0
3343,SLSN-I/snPTF13ajg.m0009.dat,E,inf,0.07,0.06386603146682958,0.6927884129203452,-2.0,0.9585233332367881
3344,SLSN-I/sn2006oz.m0020.dat,E,inf,0.07,0.06509809962730259,0.7237903409639254,-1.9958971990023753,1.0
3345,SLSN-I/snPS1-11ky.p0015.dat,E,inf,0.07,0.06509809962730259,0.7237903409639254,-1.9958971990023753,1.0
3346,SLSN-I/snSCP06F6.m0004.dat,E,inf,0.09000000000000001,2.8877378941345353,0.17093128301114222,1.1035906567640417,1.0
3347,SLSN-I/snPTF13ajg.p0080.dat,E,inf,0.09000000000000001,0.4354745328321824,0.38686442014951367,-0.6584135612098578,1.0
3348,SLSN-I/snPTF13ajg.p0010.dat,E,inf,0.07,0.06579331564044641,0.6658338069943833,-2.0,1.0
3349,SLSN-I/snPTF13ajg.p0046.dat,E,inf,0.07,0.06579331564044641,0.6658338069943833,-2.0,1.0
3350,SLSN-I/snPS1-11ky.p0001.dat,E,inf,0.1,2.1666119462352036,0.0,0.643461643197174,1.0
3351,SNII/sn2005cs.p0270.dat,E,inf,0.07,0.058516135253826984,0.5879922776879334,-2.0,1.0
3352,SNIIn/sn1988Z.p0701.dat,E,inf,0.07,0.01,1.0635127342161028,2.0,1.0
3353,SNIIn/sn2005kj.p0115.dat,E,inf,0.07,0.01,1.0635127342161028,2.0,1.0
3354,SNIb/sn2008D.m0013.dat,E,inf,0.07,0.0531921261702182,0.6276831794337009,-2.0,1.0
3355,SNIIn/sn1988Z.p0669.dat,E,inf,0.07,0.07813835537946298,0.48256660992250067,-2.0,1.0
3356,SLSN-II/sn2013hx.p0017.dat,E,inf,0.07,0.10969098404551128,0.657638002144765,-1.531802806380374,1.0
3357,SNIIn/sn2006qq.p0058.dat,E,inf,0.07,0.024437742032320953,0.888172112414376,-2.0,1.0
3358,SNIc-bl/sn1998bw.p0373.dat,E,inf,0.07,0.05788276526155816,0.5653745340381616,-2.0,1.0
3359,SLSN-II/sn2008es.p0080.dat,E,inf,0.07,0.08398078304132349,0.5420973412165182,-2.0,1.0
3360,SNIIn/sn1998S.p1083.dat,E,inf,0.07,0.01,0.9701123471084236,-2.0,1.0
3361,SNIIn/sn2008S.m0008.dat,E,inf,0.07,0.01,0.9701123471084236,-2.0,1.0
3362,SLSN-II/sn2008am.p0345.dat,E,inf,0.07,0.06886722268463971,0.5234541850521358,-2.0,1.0
3363,SLSN-II/sn2008es.m0011.dat,E,inf,0.07,0.09073884377829627,0.6933576203309585,-1.7374185062911702,1.0
3364,SLSN-II/snCSS121015.m0002.dat,E,inf,0.07,0.01,1.0661869422663635,2.0,0.9965082951924938
3365,SLSN-II/snCSS121015.m0003.dat,E,inf,0.07,0.07736829924344055,0.6340046808055131,-2.0,1.0
3366,SLSN-II/sn2013hx.p0002.dat,E,inf,0.07,0.01,1.0664799765607473,2.0,0.9965082951924938
3367,SLSN-II/sn2013hx.p0018.dat,E,inf,0.07,0.07507983811478558,0.6847466307712767,-1.8380635217751307,1.0
3368,SNIIn/sn1988Z.p0742.dat,E,inf,0.07,0.03941533992970266,0.7833089772462895,-2.0,1.0
3369,SLSN-II/snCSS121015.p0027.dat,E,inf,0.07,0.05993595972162259,0.6242995746059669,-2.0,1.0
3370,SNIc-bl/sn1998bw.m0009.dat,E,inf,0.07,0.07066566115525606,0.4676100059523045,-2.0,1.0
3371,SNIb/sn2009iz.p0041.dat,E,inf,0.07,0.09482903270364292,0.5731835606139579,-1.629144611106113,1.0
3372,SNIIn/sn2007pk.p0080.dat,E,inf,0.07,0.06762441223613896,0.517521002473933,-2.0,1.0
3373,SNIb/sn2005hg.p0022.dat,E,inf,0.07,0.05273921922310495,0.6096208512765466,-2.0,1.0
3374,SNIIn/sn1998S.p0689.dat,E,inf,0.07,0.026284678213276885,0.8937439024080854,-2.0,1.0
3375,SNII/sn1999em.p0158.dat,E,inf,0.07,0.062471996121528,0.5632664841346423,-2.0,1.0
3376,SNIIn/sn1988Z.p0775.dat,E,inf,0.07,0.13948412833119042,0.8084014910474574,-0.20963739436069553,1.0
3377,SNII/sn2005cs.p0281.dat,E,inf,0.07,0.01,1.0635393929694081,2.0,1.0
3378,SNII/sn1999em.p0020.dat,E,inf,0.07,0.01,1.0635393929694081,2.0,1.0
3379,SNII/sn2004dj.p0053.dat,E,inf,0.07,0.01,1.064841257133825,2.0,1.0
3380,SNII/sn2005cs.p0003.dat,E,inf,0.07,0.0506566507653138,0.634873275765445,-2.0,1.0
3381,SNIIn/sn1998S.p0411.dat,E,inf,0.07,0.03799853643594857,0.790418676002852,-2.0,1.0
3382,SNII/sn2005cs.p0193.dat,E,inf,0.07,0.05524771507876777,0.6240265960621746,-2.0,1.0
3383,SNII/sn2005cs.p0160.dat,E,inf,0.07,0.053178806631798324,0.7317109946435384,-2.0,1.0
3384,SNII/sn2002gd.p0100.dat,E,inf,0.07,0.053178806631798324,0.7317109946435384,-2.0,1.0
3385,SNII/sn2012aw.p0014.dat,E,inf,0.07,0.12744388166367665,0.6504098885842581,-1.163564680551559,1.0
3386,SNII/sn1987A.p0001.dat,E,inf,0.07,0.01,1.062845978603741,2.0,1.0
3387,SNII/sn2012aw.p0005.dat,E,inf,0.07,0.02646615456894986,0.8350772385460035,-2.0,1.0
3388,SNII/sn1987A.p0085.dat,E,inf,0.07,0.02646615456894986,0.8350772385460035,-2.0,1.0
3389,SNII/sn2012aw.p0092.dat,E,inf,0.07,0.029837115095039533,0.826608487206618,-2.0,1.0
3390,SNII/sn2004dj.p0095.dat,E,inf,0.11000000000000001,0.01,3.0,2.0,1.0
3391,SNIb/sn2005bf.p0213.dat,E,inf,0.07,0.045239018724753916,0.7175191599278414,-2.0,1.0
3392,SNIc-bl/sn2002ap.p0129.dat,E,inf,0.07,0.09915148497379987,0.3454375198345529,-2.0,1.0
3393,SNIa-CL/sn1999by.m0002.dat,E,inf,0.07,0.037942892479982754,0.6588012011028529,-2.0,1.0
3394,SNIIn/sn2006qq.p0031.dat,E,inf,0.07,0.01975323285622534,0.9151950814073069,-1.8225736070839202,1.0
3395,SNIa-CN/sn1998aq.m0004.dat,E,inf,0.11000000000000001,1.021678499292749,0.22696616926994148,0.3781267267419553,1.0
3396,SNIIn/sn2006jd.p0107.dat,E,inf,0.07,0.09120605717725615,0.4138102013199729,-2.0,1.0
3397,Gap/sn2000ch.p0028.dat,E,inf,0.07,0.01,1.065303539712075,2.0,1.0
3398,SNIa-CSM/sn2011km.p0712.dat,E,inf,0.07,0.05963652779092849,0.7514695870215107,-1.3431781650625998,1.0
3399,Gap/sn2015dl.p0119.dat,E,inf,0.07,0.08634043938624304,0.456251239215956,-1.8796439811796548,1.0
3400,SNIIn/sn1988Z.p0653.dat,E,inf,0.07,0.01556714772775288,0.9319252673213102,-2.0,1.0
3401,SNIa-BL/sn2006cj.m0002.dat,E,inf,0.12000000000000001,0.8370589140616748,0.0,-0.14935033217447882,1.0
3402,SNIIn/sn2005kj.p0066.dat,E,inf,0.07,0.037333543659540856,0.7952856590704894,-2.0,1.0
3403,SNIIn/snLSQ12hxg.p0072.dat,E,inf,0.07,0.05577706072496583,0.650619668220972,-2.0,1.0
3404,Gap/sn2019abn.m0013.dat,E,inf,0.07,0.07975201167707403,0.4676771611749908,-2.0,1.0
3405,SNIa-CL/sn1999by.p0010.dat,E,inf,0.09000000000000001,0.5834115814587579,0.2812659449777422,-0.2300169438804306,1.0
3406,SNIa-CSM/sn2005gj.p0042.dat,E,inf,0.1,1.704830370223121,0.0,0.6179939622644632,1.0
3407,SNIIn/sn1988Z.p0442.dat,E,inf,0.07,0.05577706072496583,0.650619668220972,-2.0,1.0
3408,SNIa-CL/sn1999by.p0002.dat,E,inf,0.07,0.02532861224460891,0.8210556954936774,-2.0,1.0
3409,Gap/sn2007sv.p0025.dat,E,inf,0.07,0.07194033336197661,0.6372538358465146,-1.9480065129063924,1.0
3410,SNIIn/sn2015da.m0043.dat,E,inf,0.07,0.01,1.0635127342161028,2.0,1.0
3411,SNIIn/sn1988Z.p0716.dat,E,inf,0.07,0.03955855637221132,0.780088400737616,-2.0,1.0
3412,SNIIn/sn1998S.p0308.dat,E,inf,0.07,0.01,1.0635127342161028,2.0,1.0
3413,SNIIn/snLSQ12heq.p0020.dat,E,inf,0.07,0.09120605717725615,0.4138102013199729,-2.0,1.0
3414,SNIa-CN/sn1998bu.max.dat,E,inf,0.09000000000000001,0.15617659594306954,0.42329518244064157,-1.3533095830117448,1.0
3415,SNIIn/sn2005kj.p0086.dat,E,inf,0.07,0.09120605717725615,0.4138102013199729,-2.0,1.0
3416,SNIa-CSM/snASASSN-15og.p0059.dat,E,inf,0.07,0.03558770297040518,0.786841167046672,-2.0,1.0
3417,SNIIn/sn1998S.p0002.dat,E,inf,0.07,0.2250744801176652,0.18861420072948673,-1.3792170029572361,1.0
3418,SNII-flash/sniPTF14flu.p0013.dat,E,inf,0.13,0.04801537584617117,0.7730548347731357,-2.0,1.0
3419,SNIIn/sn1998S.p0298.dat,E,inf,0.13,0.06352352308156717,0.5710098634722801,-2.0,1.0
3420,SNIIn/sn2005kj.p0059.dat,E,inf,0.07,0.04796890705725846,0.7174141202057985,-1.9506222686055428,1.0
3421,SLSN-IIn/snPTF10scc.p0067.dat,E,inf,0.11000000000000001,0.1555704045868517,0.0,-2.0,1.0
3422,SLSN-IIn/sn2006gy.p0084.dat,E,inf,0.07,0.06424157234277758,0.6317843690565746,-2.0,1.0
3423,SLSN-IIn/sn2006gy.p0055.dat,E,inf,0.07,0.1790018943241267,0.0,-2.0,1.0
3424,SLSN-IIn/sn2006gy.p0109.dat,E,inf,0.07,0.1790018943241267,0.0,-2.0,1.0
3425,SNIIn/sn2006aa.p0034.dat,E,inf,0.07,0.07448452195677432,0.4867970369986384,-2.0,1.0
3426,SLSN-IIn/sn2006gy.p0027.dat,E,inf,0.08,0.17111262899599325,0.0,-2.0,1.0
3427,SNIIn/snLSQ12heq.p0042.dat,E,inf,0.07,0.06794091945072867,0.49058689706834385,-2.0,1.0
3428,SNIIn/sn1995G.p0251.dat,E,inf,0.07,0.05760150975084425,0.6385829403986186,-2.0,0.9897580816834382
3429,SLSN-IIn/sn2006gy.p0023.dat,E,inf,0.07,0.06719289226209516,0.5548363666106894,-2.0,1.0
3430,SNIIn/sn2006jd.p1151.dat,E,inf,0.07,0.04594941352673039,0.7659004378497934,-2.0,1.0
3431,Gap/snLSQ13zm.p0244.dat,E,inf,0.13,0.1609818191814005,0.0,-2.0,1.0
3432,Gap/sn2007sv.p0031.dat,E,inf,0.07,0.013535249503098527,0.9833349243349695,-1.6679790032075317,1.0
3433,SNIIn/sn2008S.p0073.dat,E,inf,0.07,0.03806198148734633,0.7997428217434723,-2.0,1.0
3434,SNIa-BL/sn1999cl.p0005.dat,E,inf,0.07,0.0437485781903935,0.7229197308009786,-2.0,1.0
3435,Gap/sn2001ac.p0013.dat,E,inf,0.07,0.013535249503098527,0.9833349243349695,-1.6679790032075317,1.0
