I,SN,gal,Chi^2,z,cSN,cgal,Av,sfrac
0,SNIIn/sn2005gl.m0013.dat,Sc,0.0901958577436789,0.1,0.48169201519219723,0.3623899627456421,-1.0689826947402377,1.0
1,SLSN-II/sn2008am.p0021.dat,Sc,0.10218094889323745,0.1,0.3814569905084807,0.0,-1.7590087127882787,1.0
2,Gap/sn2002bu.p0011.dat,Sc,0.11023157661318361,0.1,0.034890687981117954,0.660483332639311,-3.4453860408329637,1.0
3,Gap/snLSQ13zm.max.dat,Sc,0.11264153440758641,0.1,0.3452654551059343,0.44619132637248987,-1.377766223878207,1.0
4,SNIa-CSM/snPTF12efc.m0024.dat,Sc,0.11403453653322405,0.1,0.19772363983508676,0.6355721611354991,-2.1788869897336633,1.0
5,Gap/snLSQ13zm.m0006.dat,Sc,0.11844400791078541,0.1,0.3288706858626024,0.4969637899097927,-1.3753593190712086,1.0
6,SNIIn/sn2005kj.p0032.dat,Sc,0.11961883283996148,0.1,0.14247230895277052,0.5363604780094976,-2.077500947062462,1.0
7,SNIa-CSM/sn2019fcg.m0002.dat,Sc,0.11996374248077091,0.1,0.09935189073401188,0.5709425239036313,-2.409944067408252,1.0
8,SNIIn/sn1998S.p0003.dat,Sc,0.12011692354791977,0.1,0.5337157401457767,0.4204250210981001,-0.6947103805545145,1.0
9,SNIIn/sn2007pk.m0002.dat,Sc,0.1254257505832951,0.1,0.8190766048832766,0.3552442176869892,-0.665761630164352,1.0
10,SNIIn/sn2007pk.p0004.dat,Sc,0.12779440743630868,0.1,2.7891115631229906,0.057759100321421605,0.4660522353800918,1.0
11,Gap/sn2017be.p0013.dat,Sc,0.13045035552184606,0.1,0.04968914098355075,0.5656371211704008,-3.136664130135352,1.0
12,SNIIn/sn2007pk.p0021.dat,Sc,0.13071887984784747,0.1,0.1762829963798851,0.5115599527817711,-1.9314239117247636,1.0
13,SLSN-IIn/snPTF10qaf.p0006.dat,Sc,0.1311536460747181,0.1,0.049741553772998506,0.6117516557251552,-3.2175772732242485,1.0
14,SNIIn/sn1998S.p0002.dat,Sc,0.1312456385072717,0.1,0.2841751172736569,0.5098050004835625,-0.7313408682355448,1.0
15,SNIIn/sn2000eo.m0004.dat,Sc,0.13283780874417478,0.1,0.29158494146728453,0.4973945841155252,-1.6108832140011509,1.0
16,Gap/sn2017be.p0040.dat,Sc,0.13324493400174112,0.1,0.027447435701587017,0.5579450050005804,-3.867380373236433,1.0
17,SNIa-CSM/sn1999E.p0386.dat,Sc,0.1338754497590286,0.1,0.02362437386494409,0.5771616703611785,-4.0333939004993855,1.0
18,Gap/sn2019ahd.m0010.dat,Sc,0.1344482685012608,0.1,0.036342576034786266,0.4676180350964568,-3.632794258674646,1.0
19,Gap/sn2002bu.p0023.dat,Sc,0.13684541979966602,0.1,0.07364133468426012,0.5204776436750363,-2.785424665519683,1.0
20,SNII-flash/sniPTF15crj.m0008.dat,Sc,0.14016186775532186,0.1,0.06058119614786715,0.618016088963273,-3.0494260325863696,1.0
21,SLSN-II/sn2008am.p0345.dat,Sc,0.1436178956428546,0.1,0.15680359798659574,0.14962226930212216,-2.511109602138026,1.0
22,SLSN-IIn/snPTF10tpz.p0001.dat,Sc,0.1445795329719068,0.1,0.021472899699328342,0.5225402934110455,-4.160666021305694,1.0
23,SNIIn/sn2005kj.p0033.dat,Sc,0.14681469256082566,0.1,0.15786429988924489,0.511365348636393,-2.0107593401381156,1.0
24,SLSN-IIn/snPTF10scc.p0038.dat,Sc,0.14739156895515249,0.1,0.06897200100442626,0.522886386893427,-3.0179631875401816,1.0
25,Gap/sn2002bu.p0040.dat,Sc,0.1479937429650318,0.1,0.05478798890644268,0.49709434614397047,-3.056172441594514,1.0
26,SNIIn/sn2000eo.m0001.dat,Sc,0.1538573706311766,0.1,0.41374240469460183,0.4716716100743059,-1.280137598986939,1.0
27,SNIa-CSM/sn2017ifu.p0051.dat,Sc,0.15422025056145716,0.1,0.24190708275461634,0.4497859325695266,-1.7016606215149885,1.0
28,SNIIn/sn1998S.p2141.dat,Sc,0.15478099769929057,0.1,0.04140684153566089,0.4359049192176727,-3.6408701903411393,1.0
29,SNIIn/snLSQ12hxg.p0048.dat,Sc,0.15492804484514977,0.1,0.07946464067059676,0.6371156217344326,-2.6540170535309726,1.0
30,SNIIn/sn2000eo.m0002.dat,Sc,0.15685566453789232,0.1,0.38851346786284136,0.4891147505571875,-1.3206568045614446,1.0
31,SNII-flash/sniPTF14flu.p0013.dat,Sc,0.15698416572740406,0.1,0.3674125687741758,0.44773579758506005,-0.9260659652614587,1.0
32,SNII-flash/sn2001fa.m0028.dat,Sc,0.15785025769110675,0.1,2.1611768515648393,0.0,0.2825513741538674,1.0
33,SLSN-II/sn2020bfe.m0014.dat,Sc,0.15967777224649565,0.1,0.3949413930721306,0.3755801781272153,-1.4654668634848957,1.0
34,SNIa-CSM/snPTF10yni.p0032.dat,Sc,0.1602670488012125,0.1,0.18260719967735187,0.5346452911272613,-2.054892868280253,1.0
35,SLSN-II/sn2019cqc.p0002.dat,Sc,0.1624802276455557,0.1,0.19583381300185215,0.35449934135790295,-2.1457913810913856,1.0
36,SNIIn/sn2005kj.p0035.dat,Sc,0.16354919385551034,0.1,0.14076327939697855,0.5452932000472662,-2.084938827835216,1.0
37,SNIIn/sn2000eo.max.dat,Sc,0.16506161980171366,0.1,0.3428585793604231,0.4918928354783941,-1.4528491590728225,1.0
38,SNIIn/sn1995G.p0251.dat,Sc,0.16524083610911955,0.1,0.014988905686445854,0.6982339751242311,-4.314813144328655,1.0
39,Gap/sn2017be.p0026.dat,Sc,0.16559106866464973,0.1,0.05455513097721477,0.37018367868867436,-3.257573223828458,1.0
40,SNII-flash/sn2013fs.max.dat,Sc,0.16745091825225844,0.1,2.4055525257962174,0.12356064926569033,0.4334282593909736,1.0
41,SLSN-II/sn2008am.p0015.dat,Sc,0.1730157190602799,0.1,0.31512898631874664,0.0,-1.9447720503596915,1.0
42,SNIIn/sn2005kj.p0106.dat,Sc,0.1734893167144888,0.1,0.032542980285518386,0.5687246620930034,-3.5264462970446124,1.0
43,SNIIn/sn2003G.m0007.dat,Sc,0.17401382923829564,0.1,0.01798168911815188,0.7802419796179298,-3.9812618259473105,1.0
44,SNIIn/sn2006qq.p0012.dat,Sc,0.174379768273787,0.1,0.015599081692837942,0.6802349746351266,-4.201126838712346,1.0
45,SNIIn/sn1999Z.p0003.dat,Sc,0.17516839809463156,0.1,0.013642390936534583,0.7210723689637061,-4.5,1.0
46,SNIa-CSM/snPTF12efc.m0012.dat,Sc,0.17639322685332517,0.1,0.25364982229455946,0.5225868978781065,-1.9381808756610053,1.0
47,SLSN-II/sn2019cqc.p0032.dat,Sc,0.17784005869648087,0.1,0.22649362413778212,0.25126573061542085,-1.9534462510800308,1.0
48,SNIIn/snOGLE-2013-SN-016.m0022.dat,Sc,0.17847266520544683,0.1,0.03595518625059148,0.6514271074396215,-3.5221573333107092,0.9688088628495765
49,SNII-flash/sniPTF14flu.p0016.dat,Sc,0.18232283197301694,0.1,0.6048289859923662,0.3632781688361956,-0.9359816941163569,1.0
50,SNII-flash/sniPTF14flu.p0018.dat,Sc,0.18343215548846734,0.1,1.157303320648964,0.1404244733323159,-0.4353174865502739,1.0
51,SNII-flash/sn2013fs.p0001.dat,Sc,0.18424655498951129,0.1,3.0,0.03607373907868988,0.6306733998986873,1.0
52,SNIIn/snLSQ12hxg.p0060.dat,Sc,0.18501906373836144,0.1,0.10664537365549083,0.6499444708779171,-2.3041167897669856,1.0
53,SNIa-CSM/sn2016iks.m0074.dat,Sc,0.18552271996884948,0.1,0.1571731712795195,0.6301813474252617,-1.9763951117785992,1.0
54,SNIIb-flash/sn2013cu.max.dat,Sc,0.18662796309321575,0.1,1.9207233619176676,0.0,0.5304957677417945,1.0
55,SNIIn/snASASSN-14il.m0011.dat,Sc,0.18694593261381154,0.1,0.016488020123786026,0.7775885955635219,-4.137120910654907,1.0
56,SNIIn/sn2006qq.p0017.dat,Sc,0.18860697204362062,0.1,0.012175322991269348,0.7129672771820615,-4.5,1.0
57,SLSN-IIn/sn2006gy.p0002.dat,Sc,0.18987268010800565,0.1,0.10100094829092204,0.14382069441268083,-2.8712143474421525,1.0
58,SNIIn/sn2006qq.p0073.dat,Sc,0.19379681073978208,0.1,0.024330317146273265,0.6236811798291881,-3.9436431198711226,1.0
59,Gap/sn2007sv.p0040.dat,Sc,0.19407902366178575,0.1,0.01848399988702932,0.5115884913908711,-4.368383819310039,1.0
60,Gap/sn2001ac.p0009.dat,Sc,0.19589689871059743,0.1,0.08272693998490238,0.5080408296512361,-2.6629876360862843,1.0
61,Gap/snLSQ13zm.p0007.dat,Sc,0.19713562799633222,0.1,0.24107736926559034,0.522525595905464,-1.8165367611673067,1.0
62,SNIIn/snLSQ12heq.p0013.dat,Sc,0.1987242909755829,0.1,0.18087870158651537,0.586904132548893,-2.1168792271679804,1.0
63,SNIIn/sn2000bg.m0028.dat,Sc,0.20018151117008548,0.1,0.1598688576193559,0.1842878024694686,-2.4575410873339245,1.0
64,Gap/sn2017be.p0007.dat,Sc,0.20021814679399888,0.1,0.021018710589032145,0.6823758517607502,-3.922095426322297,1.0
65,SLSN-II/sn2008am.max.dat,Sc,0.20102053154259752,0.1,0.25295381888443097,0.0,-2.180995516327266,1.0
66,Gap/sn2006bv.p0003.dat,Sc,0.20215683053027292,0.1,0.13571317175164402,0.5050601446484059,-2.360828923331189,1.0
67,SNII-flash/sniPTF15crj.p0006.dat,Sc,0.2022148324812441,0.1,0.014722252151380339,0.6767469509435733,-4.389589579846929,1.0
68,SNII-flash/sniPTF14flu.p0012.dat,Sc,0.2041266487367196,0.1,0.33112263428851074,0.5183850501958867,-1.3939948339702226,1.0
69,SNIIn/sn2005cp.p0025.dat,Sc,0.2048240678412721,0.1,0.054495459681539286,0.6756405744427888,-2.981634946610767,1.0
70,SNIIn/snOGLE-2013-SN-016.m0017.dat,Sc,0.2069067100900469,0.1,0.06751846874146389,0.6262407460974777,-2.8910238256989307,0.9688088628495765
71,SNIIn/sn2005kj.p0020.dat,Sc,0.20707754097406936,0.1,0.12826568060378818,0.6080187275285945,-2.2284335618807654,1.0
72,SNIa-CSM/sn2017eby.p0015.dat,Sc,0.20823888341451943,0.1,0.028505299833812437,0.6815936879902608,-3.535747846603941,1.0
73,SNIIn/snLSQ12heq.p0011.dat,Sc,0.20826520057106349,0.1,0.06686024079318592,0.6776377424598425,-3.0600518586799472,1.0
74,SNIIn/sn2000eo.p0017.dat,Sc,0.20830147412388456,0.1,0.011424801472582156,0.7201265080558854,-4.5,1.0
75,SNIIn/sn1999eb.p0041.dat,Sc,0.21040508292948865,0.1,0.017600960612945294,0.7429200156283154,-4.259929016196322,1.0
76,SNIIn/snOGLE-2013-SN-019.p0000.dat,Sc,0.21077067636569052,0.1,0.01243625995593235,0.7327438692484608,-4.5,0.9530754487699671
77,SNIIn/sn2008B.p0001.dat,Sc,0.2110491308545561,0.1,0.27150537199758434,0.536555644862683,-1.7480540459053557,1.0
78,SNIIn/sn2006aa.p0024.dat,Sc,0.21467377764403645,0.1,0.01830236789031365,0.7624355049165361,-3.9540388648860163,1.0
79,SNIIn/sn1999eb.p0015.dat,Sc,0.2147449009271629,0.1,0.022652476580385106,0.7253349818947031,-4.046483142335538,1.0
80,SNIIn/snPTF10gvf.m0007.dat,Sc,0.2147620927173805,0.1,0.03107840979055473,0.745244701138625,-3.570802960689707,1.0
81,SNII-flash/sn2014G.m0001.dat,Sc,0.21498623318483567,0.1,1.5791312843083924,0.03177743817315566,-0.2558135530823497,1.0
82,SNIIn/snOGLE-2013-SN-016.m0011.dat,Sc,0.21635170632736267,0.1,0.03604999282169934,0.6545119209580592,-3.5505917732999914,0.9688088628495765
83,SNIIb-flash/sn2013cu.m0003.dat,Sc,0.2177617478928069,0.1,0.11867665196986252,0.6440806029205535,-1.5193337239476756,1.0
84,SNIIn/sn2005kj.p0007.dat,Sc,0.21819356829756884,0.1,0.1000487702318232,0.5742628983392147,-2.470842476463872,1.0
85,SNIIn/sn2000bg.m0005.dat,Sc,0.21971802741312657,0.1,0.04367712266774011,0.4857561383911193,-3.4350662060077357,1.0
86,SNII-flash/sniPTF14flu.p0024.dat,Sc,0.2208101424945226,0.1,1.6820975038294295,0.0,-0.2424582183004255,1.0
87,SNII-flash/sn2019vqd.p0002.dat,Sc,0.22182106648228692,0.1,0.34957088405976044,0.5318441641634194,-1.1860217742756949,1.0
88,SNIIn/sn2005kj.p0122.dat,Sc,0.22366681840939803,0.1,0.01052672593171565,0.6991786001224484,-4.5,1.0
89,SNIIn/sn2008fq.p0002.dat,Sc,0.22382693792147113,0.1,0.3360094696822429,0.05954987435366018,-1.6239594389574428,1.0
90,SNIIn/snLSQ14pt.p0008.dat,Sc,0.2257650940340724,0.1,0.2466841294793326,0.5565088702343174,-1.90059323691699,1.0
91,Gap/snLSQ13zm.p0028.dat,Sc,0.2269324013236525,0.1,0.01361410686426382,0.7038883946258054,-4.286890307928395,1.0
92,SLSN-II/sn2020hgr.p0008.dat,Sc,0.22871317475212397,0.11,0.05621200993274652,0.6715453888943745,-3.2628353877348144,1.0
93,Gap/sn2002kg.p0072.dat,Sc,0.2297906788186136,0.1,0.031022327165932444,0.7207665586318689,-3.579106689153414,1.0
94,SNII-flash/sn2013fs.p0003.dat,Sc,0.2319624647343574,0.1,3.0,0.11670730918268198,0.32254066385174895,1.0
95,SNIIn/sn1999eb.p0009.dat,Sc,0.23306615749097412,0.1,0.015406911530755473,0.7524342421987933,-4.431336185633771,1.0
96,SNIIn/sn2005cp.p0053.dat,Sc,0.23425766813554502,0.1,0.03129466501546035,0.6647670943225269,-3.497467061545463,1.0
97,SNIIn/snLSQ12heq.p0061.dat,Sc,0.23458562574759964,0.1,0.03953578081069513,0.6817679587490545,-3.3434993697225313,1.0
98,SLSN-II/snCSS121015.max.dat,Sc,0.23483454878652874,0.1,1.1163794231927786,0.3227761292149731,-0.8688236176358705,0.9964941507531128
99,SNIIn/sn2007pk.m0001.dat,Sc,0.2348392349105645,0.1,1.1008483941988918,0.0,0.07640984316505102,0.9997180149323271
100,SLSN-II/sn2008am.m0001.dat,Sc,0.23706538585314377,0.1,0.24121539237680664,0.0,-2.2132622311351926,1.0
101,SLSN-IIn/snPTF10tpz.p0003.dat,Sc,0.24249547257854825,0.1,0.01590923617230261,0.6102938628534312,-4.438476543034374,1.0
102,SLSN-II/sn2013hx.p0000.dat,Sc,0.24360011442803525,0.1,1.8800100774800927,0.094826569174149,-0.023342725807654098,1.0
103,SNIIn/snPTF10uls.m0008.dat,Sc,0.24447647873355433,0.1,0.38648515300988107,0.3226845955198529,-1.4638633368290512,1.0
104,SNIIn/sn2008fq.p0014.dat,Sc,0.24512239839000227,0.1,0.12973461336787231,0.07964300790214693,-2.6168165148169846,1.0
105,SNII-flash/sn2001fa.m0026.dat,Sc,0.24614189865135883,0.1,1.0318441381860517,0.0,-0.32501178350635757,1.0
106,SLSN-IIn/sn2006gy.m0004.dat,Sc,0.2468681331713376,0.1,0.09033998104858373,0.20612577255423115,-2.8541056384919745,1.0
107,SLSN-II/snCSS121015.p0053.dat,Sc,0.25045143419649923,0.1,0.19151293070996595,0.4228828571344554,-1.9229136491733492,1.0
108,SLSN-II/sn2008am.p0011.dat,Sc,0.2505165517835721,0.1,0.3029883351584251,0.0,-2.0460947513139427,1.0
109,SNII-flash/sn2001fa.m0025.dat,Sc,0.2509522312421777,0.1,0.9722553632662705,0.0,-0.4002622548942135,1.0
110,SNIIn/sn1999eb.p0001.dat,Sc,0.25139103268832147,0.1,0.013610365672124834,0.7527569246489378,-4.5,1.0
111,SNII/sn1999gi.max.dat,Sc,0.25191123099396173,0.11,0.2732386080856965,0.462283722925524,-1.648767877793226,1.0
112,SNIIn/sn1999el.max.dat,Sc,0.25242620761713724,0.1,0.012839147293827255,0.6841112688726293,-4.5,1.0
113,SNII-flash/sn2014G.m0003.dat,Sc,0.25325441075535293,0.1,1.4229883396929524,0.28694521974376,-0.20686841516587262,1.0
114,SNIIn/sn2006bo.p0021.dat,Sc,0.2546899861392988,0.1,0.046556340136451664,0.5974945653224291,-3.1771070014208784,1.0
115,SNII-flash/sniPTF14flu.p0020.dat,Sc,0.25498556458235,0.1,0.6417184909601371,0.28355202217239184,-0.8338046989851432,1.0
116,SLSN-II/sn2008es.m0012.dat,Sc,0.25518027831597223,0.09,1.9055358540604006,0.0,-0.1449058082605995,1.0
117,SLSN-I/snASASSN-15lh.p0013.dat,Sc,0.25525014702784227,0.11,1.9393306905101786,0.32676458858840285,-0.2738903207148971,1.0
118,SNIIn/sn2008fq.p0007.dat,Sc,0.2555935246716922,0.1,0.23522110867705082,0.0,-2.0302777297671004,1.0
119,SNII-flash/sniPTF14flu.p0017.dat,Sc,0.2568201137448803,0.1,0.683256581532168,0.32289531977868025,-0.8567061183436999,1.0
120,SLSN-II/sn2018jkq.p0015.dat,Sc,0.2577369104277742,0.1,0.29924986883804283,0.36086720350343465,-1.7478701254430682,1.0
121,SLSN-IIn/snPTF10qaf.p0032.dat,Sc,0.2581690200823723,0.1,0.017910272199560612,0.7116554860128815,-4.044418324093837,1.0
122,SLSN-II/sn2019uba.p0039.dat,Sc,0.2607871998238163,0.1,0.37403970171702444,0.3781819933465631,-1.5447320363270811,1.0
123,SLSN-II/sn2018lqi.p0089.dat,Sc,0.26153513524814015,0.1,0.013758034787832314,0.6415761144049485,-4.195898850191892,1.0
124,Gap/snLSQ13zm.p0022.dat,Sc,0.2620805573750329,0.1,0.020824726520682717,0.6949804593286901,-3.8965274535227805,1.0
125,SNIc-bl/sn2006aj.m0003.dat,Sc,0.26243074419687673,0.11,0.36802043087307973,0.38989929973657,-1.4457258728955602,1.0
126,SNIIn/sn2006aa.p0043.dat,Sc,0.26378170727947525,0.1,0.014716417195552306,0.7844586024024327,-4.15631226624941,1.0
127,SNIIn/sn1995G.p0036.dat,Sc,0.26388543452300267,0.1,0.010431404148076898,0.7781969471271653,-4.5,1.0
128,SNIIn/sn2005ip.p0018.dat,Sc,0.264390851653715,0.1,0.012368461440971236,0.7268557739174447,-4.5,1.0
129,SNII/sn2002gd.p0003.dat,Sc,0.26490314811654314,0.11,0.2884003399973674,0.4713041120483045,-1.4065872220780282,1.0
130,SNII/sn2006bp.p0002.dat,Sc,0.2656971351498402,0.1,0.6800817231773709,0.0,-0.8351509110882298,1.0
131,SLSN-II/sn2008es.p0025.dat,Sc,0.2660151382128453,0.09,1.1280855022171827,0.2741171456903542,-0.6428982861696259,1.0
132,SNIIn/sn2005kj.p0133.dat,Sc,0.2665403434307843,0.1,0.011490133929411823,0.6762290921046065,-4.5,1.0
133,SNIIn/sn1999eb.p0002.dat,Sc,0.2668399861763051,0.1,0.016769250493302718,0.7574345693551162,-4.295897224247215,1.0
134,SNIIn/snLSQ12hxg.p0030.dat,Sc,0.2706261188525419,0.1,0.07025783959535356,0.6213873033276435,-2.836456531996399,1.0
135,SNIIn/sn2003G.max.dat,Sc,0.271428885612677,0.1,0.01202339893727053,0.792014316267109,-4.444823408391711,1.0
136,SLSN-IIn/sn2006gy.m0032.dat,Sc,0.2715166895720588,0.1,0.026742695001445892,0.413573562541622,-4.120409213811285,1.0
137,SNII-flash/sn2013fs.p0007.dat,Sc,0.2722240355639742,0.1,1.1716794412185165,0.0,-0.5707238957768801,1.0
138,SNII/sn2002gd.p0005.dat,Sc,0.2734198462026214,0.11,0.12673692939917222,0.605951738474738,-2.1195303896755298,1.0
139,SLSN-II/snCSS121015.p0052.dat,Sc,0.27504005883859495,0.09,0.12504817349443653,0.5431345336251179,-2.2934033463642614,1.0
140,SNII-flash/sn2014cn.max.dat,Sc,0.275321609516793,0.06,0.5410715236346942,0.5610688541352602,-0.7502370679639507,1.0
141,SNIIn/snOGLE-2013-SN-016.m0023.dat,Sc,0.2763229346252439,0.1,0.07884363379768043,0.6159429874747868,-2.752187614640538,1.0
142,SNIIn/sn1999el.m0004.dat,Sc,0.27781721163565853,0.1,0.012912719376114039,0.6926558355703741,-4.5,1.0
143,SNIc-bl/sn2007ru.m0003.dat,Sc,0.27853173077103954,0.13,0.3947839358777172,0.2514070141671764,-1.3052075968263792,1.0
144,SNII/sn2006bp.p0003.dat,Sc,0.27880253047874515,0.11,0.10870456951372008,0.5092201225644751,-2.2856875990835865,1.0
145,SNIc-bl/sn2006aj.m0005.dat,Sc,0.2796002810082258,0.12,0.4734997787135517,0.33544768337457964,-1.252685172213277,1.0
146,SNIIn/sn2006aa.p0041.dat,Sc,0.2800959991266171,0.1,0.3259545278507046,0.8418716018549822,-0.46662386965980135,1.0
147,SNIa-CSM/sn2005gj.p0042.dat,Sc,0.28017247704489834,0.1,0.010791030697802554,0.7432918191442448,-4.40071042492994,1.0
148,Gap/snOGLE-2013-SN-137.m0004.dat,Sc,0.2807774762320675,0.1,0.012931181563564787,0.7550751907402522,-4.5,1.0
149,SNIc/sn2007gr.m0010.dat,Sc,0.28123174468367884,0.11,0.2762709735634019,0.6090288651168086,-1.369054540546082,1.0
150,SLSN-II/sn2019cqc.p0009.dat,Sc,0.2817715197060164,0.1,0.1201417153317093,0.5569645743270405,-2.452688407558224,1.0
151,SLSN-II/sn2018lqi.p0028.dat,Sc,0.28291949159936364,0.1,0.12158363615963086,0.47532013132975903,-2.414809598138098,1.0
152,SNIIn/snLSQ14pt.p0007.dat,Sc,0.2838437035652532,0.1,0.161040918300661,0.582746431690997,-1.9764937795937654,1.0
153,SNIc-bl/sn2006aj.m0001.dat,Sc,0.28392362154406847,0.14,0.479738269815869,0.2549053467601727,-1.1029540085721112,1.0
154,SNIa-SS/sn1999dq.m0010.dat,Sc,0.28452687465986065,0.1,0.5745372529643958,0.19897606088514916,-1.0147081360393917,1.0
155,SNIc/sn2004aw.max.dat,Sc,0.28465433290842385,0.12,0.0819710196792874,0.510943885904311,-2.5153905224442945,1.0
156,SNIIn/snLSQ12hxg.p0013.dat,Sc,0.2852007794696321,0.1,0.11367490309993918,0.685050127128449,-2.6283104909305353,1.0
157,SNIc-bl/sn2003jd.m0003.dat,Sc,0.28534131369756666,0.11,0.3530507944109388,0.5343223750339445,-1.3179336273481337,1.0
158,SNIc-bl/sn2006aj.m0002.dat,Sc,0.2860083282119561,0.14,0.39514016093270643,0.28006944513569526,-1.3232821157493626,1.0
159,SNIc/sn2004gt.p0142.dat,Sc,0.286889914333708,0.15,0.13458144679293482,0.6254384151569424,-2.1039759410843857,1.0
160,SNII/sn2002gd.p0009.dat,Sc,0.28719170204136735,0.11,0.0649736108286808,0.6066418208249941,-2.9707516336797846,1.0
161,SNIIn/sn1995G.p0003.dat,Sc,0.28773772581501506,0.1,0.016593888670292215,0.8059152539963577,-4.300581756358758,1.0
162,SNIc/sn2004fe.m0007.dat,Sc,0.2878365392301503,0.11,0.23215805920897217,0.594641212898533,-1.3408302786543613,1.0
163,SNIc-bl/sn2003jd.m0002.dat,Sc,0.2895604184432289,0.11,0.2789642783535476,0.547612967529206,-1.516606043281418,1.0
164,SLSN-I/snASASSN-15lh.p0032.dat,Sc,0.2901451849865958,0.11,0.8037382161741438,0.3550878943122742,-0.872898459494056,1.0
165,SNII/sn2012aw.p0001.dat,Sc,0.2901563314608441,0.11,0.2942360337304561,0.5582218470309815,-1.5635740291605473,1.0
166,SNIc/sn2004aw.m0001.dat,Sc,0.29160106493520216,0.13,0.11103871392214072,0.42252284268849316,-2.208317419453957,1.0
167,SLSN-II/sn2020yue.p0003.dat,Sc,0.2922398516675577,0.1,0.3102727883311163,0.41073064378001994,-1.8369576926152942,1.0
168,SNIc-bl/sn2006aj.m0004.dat,Sc,0.29284078439657024,0.11,0.14523560041097358,0.5720888077149864,-2.260081308524714,1.0
169,SNIIn/snOGLE-2013-SN-016.p0008.dat,Sc,0.2935325140701984,0.1,0.01376118564536034,0.6969439931814838,-4.368851342856342,0.9727520546675122
170,Gap/snLSQ13zm.p0015.dat,Sc,0.2983306178979059,0.1,0.08192341860726776,0.6227032029130107,-2.7798559627972934,1.0
171,SNIa-CSM/sn2005gj.p0049.dat,Sc,0.29899722714834465,0.1,0.01,0.7670702709083997,-4.367837375467518,1.0
172,SLSN-II/sn2018jkq.p0004.dat,Sc,0.2991397292919965,0.1,0.36348064929672474,0.2888881590848659,-1.6129622120114968,1.0
173,SNIIn/sn1998S.p0028.dat,Sc,0.3005091237619213,0.1,1.228235085898701,0.0,-0.49959853459351156,1.0
174,SLSN-II/snCSS121015.p0063.dat,Sc,0.3010008433715533,0.07,0.028657475857200517,0.7581383914881479,-3.5556780065687894,1.0
175,SLSN-II/sn2019kwr.p0077.dat,Sc,0.3010111231915799,0.1,0.012268898196122195,0.666583713756922,-4.486214821656448,1.0
176,SLSN-II/sn2013hx.m0001.dat,Sc,0.30101128423581985,0.08,0.5529374149407785,0.5168311999798776,-0.966770380583361,1.0
177,SLSN-II/sn2020yue.m0021.dat,Sc,0.30129386818156195,0.1,0.33006257130954514,0.338358289904786,-1.8524442378087638,1.0
178,SNIb/sn2008D.m0020.dat,Sc,0.3035346568459887,0.11,0.03525405798977268,0.5116477864898525,-3.67922717242573,1.0
179,SLSN-II/sn2008es.p0003.dat,Sc,0.30353985397229033,0.11,0.3305625629145075,0.5636587677558108,-1.502543717084294,1.0
180,SNII-flash/sn2016bkv.m0006.dat,Sc,0.30359460197557675,0.1,0.9498718647255987,0.3127222022987081,-0.3324596376459117,1.0
181,SNII-flash/sn2016bkv.m0005.dat,Sc,0.3047676369542657,0.1,0.6950725545045966,0.38807896445005974,-0.6666824643855483,1.0
182,SNIc/sn2004aw.m0006.dat,Sc,0.3047922150329947,0.11,0.034795937698891555,0.6786615206769787,-3.4693953420206385,1.0
183,SNIc-bl/sn2006aj.p0001.dat,Sc,0.30506115899800185,0.14,0.12636342372430956,0.4916190562121293,-2.1217463476482687,1.0
184,SNIIn/sn2000eo.p0020.dat,Sc,0.3057437427664305,0.1,0.010180352607984958,0.7518305432471841,-4.5,1.0
185,SNIc/sn2004aw.m0003.dat,Sc,0.3063250148646967,0.12,0.11009318831196005,0.5164659911859073,-2.155132609555608,1.0
186,SNIIb/sn1993J.m0018.dat,Sc,0.3064823665787882,0.11,0.5507040384731309,0.44003756450226533,-0.6885444128754513,1.0
187,SNIIb/sn1993J.m0017.dat,Sc,0.30737914050553544,0.11,0.14485722532397052,0.6062502718228543,-2.1193150884914598,1.0
188,SNIb/sn2008D.m0018.dat,Sc,0.3074315673581878,0.11,0.028582927546379817,0.5611445540801137,-3.8718659463367833,1.0
189,SNIc/sn2007gr.m0009.dat,Sc,0.30807436293448104,0.11,0.10743032810804001,0.65656123439925,-2.0367166610145144,1.0
190,SNIc/sn2004fe.m0006.dat,Sc,0.3092484881219068,0.11,0.1054575906244562,0.6544019807804493,-2.221047440222548,1.0
191,SNIIn/snLSQ12hxg.p0020.dat,Sc,0.3098040947978843,0.1,0.12576310958024187,0.6876265497957763,-2.501180789570778,1.0
192,SNIc/sn2004aw.p0001.dat,Sc,0.31038707674639243,0.11,0.02759595846831924,0.6370262545600623,-3.495352863199308,1.0
193,SNII/sn2006bp.p0006.dat,Sc,0.3109094819989074,0.11,0.02844520522649426,0.6114056866863171,-3.6995933312061484,1.0
194,SLSN-II/sn2019uba.p0062.dat,Sc,0.31249015624561094,0.1,0.08360895868823955,0.6088235569105477,-2.5535611794468958,1.0
195,SLSN-I/sn2012il.p0055.dat,Sc,0.3133616863608532,0.11,0.01,0.7097330856282356,-4.214499573027456,1.0
196,SNIa-SS/sn2007if.p0007.dat,Sc,0.3150112124700361,0.11,0.06767751149480129,0.7227456831543891,-2.615446493311983,0.9812669265949769
197,SLSN-II/snCSS121015.p0029.dat,Sc,0.3153002327839185,0.07,0.09255105611107788,0.6791290222429188,-2.9015559344907644,1.0
198,SNIc-bl/sn2003jd.m0001.dat,Sc,0.31535839967516244,0.11,0.21836352289547362,0.5909048136372202,-1.6836806557495954,1.0
199,SLSN-II/sn2019xfs.p0083.dat,Sc,0.315419357676206,0.07,0.013098461889419518,0.7273126654618495,-4.497887391890699,1.0
200,SLSN-II/sn2019gsp.p0007.dat,Sc,0.3155730899985768,0.08,0.08525909949594591,0.7057662601223352,-2.8768811488362074,1.0
201,SNIc/sn2004fe.m0005.dat,Sc,0.3156651906411616,0.11,0.23321744324669105,0.6360094975149287,-1.4595004279178545,1.0
202,SLSN-I/snASASSN-15lh.p0039.dat,Sc,0.3167663904442551,0.11,0.20886907833222618,0.5898423666234499,-2.022962195628368,1.0
203,SNIIn/sn2006aa.p0018.dat,Sc,0.3170917500362168,0.1,0.021730832806893117,0.7715085300144298,-3.7425184049600766,1.0
204,SNIIn/sn1998S.p0024.dat,Sc,0.3175126834855969,0.07,0.10663721218031205,0.6424636177159802,-2.358627141038362,1.0
205,SNIc/sn2004fe.m0001.dat,Sc,0.31822396343038745,0.11,0.05433998302697786,0.7056573243528502,-2.8245242205519383,1.0
206,SNII-flash/sn2016bkv.m0002.dat,Sc,0.31890102346995514,0.1,1.5304349352500684,0.1802530957149833,0.009645829995706609,1.0
207,SNIc/sn2004fe.p0237.dat,Sc,0.31934251177337786,0.15,0.08103872157966047,0.6452816772960582,-2.490414890225033,1.0
208,SNIa-BL/sn2002bf.p0011.dat,Sc,0.31949909923582176,0.11,0.03610097593612702,0.6570067103077031,-3.2260270908606463,1.0
209,SNII/sn2012aw.p0003.dat,Sc,0.3196285244076876,0.11,0.15023365973663316,0.6121378919722114,-2.346062143111033,1.0
210,SNIIn/sn1998S.p0026.dat,Sc,0.32022473903774207,0.17,0.18712898683617388,0.45541299921985484,-1.7813008387906146,1.0
211,SNIIb-flash/sn2013cu.p0003.dat,Sc,0.32099006010974973,0.08,0.27797939178165476,0.6246928783620006,-1.4976107110773969,1.0
212,SLSN-I/sn2005ap.p0004.dat,Sc,0.32115822337998634,0.12,0.7215536590720908,0.5338922843869377,-0.9909598007835961,1.0
213,SNIIn/snLSQ13sd.p0000.dat,Sc,0.32138458040235385,0.1,0.010408154233346359,0.7922358790475276,-4.5,1.0
214,SNIIn/sn2005cl.p0015.dat,Sc,0.32144330187484266,0.1,0.013874482794002758,0.777044984277805,-4.290158238963956,1.0
215,SLSN-IIn/sn2006gy.p0027.dat,Sc,0.32174786821218526,0.09,0.018082243105802705,0.5414501496421626,-4.5,1.0
216,SLSN-II/sn2008es.m0005.dat,Sc,0.3220688296412505,0.11,0.05277022778868401,0.7585906766716778,-3.0656128426196,1.0
217,SNII/sn2012aw.p0004.dat,Sc,0.3225478641632859,0.11,0.07800358757767277,0.6434834422607052,-2.6259863299344794,1.0
218,SNIc/sn2004aw.m0002.dat,Sc,0.32255016707186274,0.12,0.055737219673037304,0.5615507553611937,-2.9209154859791338,1.0
219,SNIc/sn2004aw.p0002.dat,Sc,0.324021803973848,0.11,0.01755514997693905,0.7132369885400347,-3.802661092396989,1.0
220,SNIc/sn2005kl.m0004.dat,Sc,0.32403407598611855,0.12,0.05938050557229636,0.36642655721193207,-3.3546003453138002,1.0
221,SNII/sn2013am.p0003.dat,Sc,0.3243971276742222,0.11,0.013868080759992097,0.6556364795002438,-4.5,1.0
222,SLSN-II/sn2020bfe.p0074.dat,Sc,0.32490269805442595,0.11,0.01027741021415472,0.7550680178371268,-4.5,1.0
223,SNIc-bl/sn1997ef.m0014.dat,Sc,0.3260903816539356,0.15,0.17479299525444172,0.6461828298227416,-1.3776517068143965,1.0
224,SNIc/sn2004aw.m0004.dat,Sc,0.32639301631391504,0.03,0.017470852861124625,0.8486696719011259,-4.314757135751374,0.9696592818558398
225,SNIIn/sn1998S.p0013.dat,Sc,0.32692780969387114,0.17,0.32574216626813995,0.44224214676969975,-1.1221075585039673,1.0
226,SNIc/sn2004gt.p0132.dat,Sc,0.32794475718129207,0.15,0.04061061407529231,0.6886693822564812,-3.255046955225131,1.0
227,SLSN-I/snLSQ12dlf.p0015.dat,Sc,0.3285667919609894,0.11,0.1104341448821806,0.73146511459914,-2.3406523590339416,1.0
228,SLSN-I/snSSS120810.p0010.dat,Sc,0.3290111233453179,0.11,0.05438150755378617,0.7023102453324107,-3.147253451801095,1.0
229,SLSN-I/sn2010gx.m0004.dat,Sc,0.3291864557783868,0.07,0.08653975079061145,0.7769344256765189,-2.961759811560627,1.0
230,SNIa-SS/sn2005hk.m0006.dat,Sc,0.32980818692246366,0.07,0.013388671923232027,0.8366659759031028,-4.498619222927811,1.0
231,Gap/sn2017be.p0018.dat,Sc,0.32981247517286644,0.11,0.011503066443622754,0.6939822827053489,-4.5,1.0
232,SNII/sn2004et.p0016.dat,Sc,0.330541367504984,0.11,0.012760557880397976,0.6694792263981265,-4.5,1.0
233,SLSN-I/sn2012il.p0015.dat,Sc,0.3305477413004651,0.08,0.2419474706599438,0.5914687615411155,-1.7655618416878993,1.0
234,SNIa-SS/sn2007if.p0009.dat,Sc,0.33323592262955976,0.11,0.02395613687798182,0.7964411102264308,-3.5696951236652996,0.9828711320786658
235,SNIc-bl/sn2006aj.p0002.dat,Sc,0.3335668984369123,0.15,0.011448409143953273,0.7315159108624268,-4.1285568606905985,1.0
236,SNIc/sn2005mf.m0002.dat,Sc,0.33363510822187936,0.11,0.023612202706610994,0.7662551083848831,-3.3489555059288167,1.0
237,SNII/sn2006bp.p0008.dat,Sc,0.3342702984909804,0.11,0.025877417813168345,0.6574611205765979,-3.6745297709337335,1.0
238,Gap/sn2007sv.p0022.dat,Sc,0.3343097579644754,0.1,0.012679976198432294,0.7308161199430082,-4.5,1.0
239,SNIc-bl/sn1997ef.m0012.dat,Sc,0.33599853633382,0.15,0.03263627637756259,0.7471787118526615,-2.902881246464852,1.0
240,SNIc-bl/sn2003jd.m0000.dat,Sc,0.33637532655836233,0.11,0.12755120279818785,0.6272386735757222,-2.1230883829810128,1.0
241,SNIc/sn2004fe.m0000.dat,Sc,0.3373447611976018,0.11,0.047750175041518454,0.7509217239529997,-2.8916357886549937,1.0
242,SLSN-I/snLSQ12dlf.p0033.dat,Sc,0.33737988912634176,0.11,0.012260270369887905,0.8484942434039542,-4.153564969914387,1.0
243,SNII/sn1999em.p0004.dat,Sc,0.33786810475552653,0.11,0.020539122358040465,0.8171804360040121,-3.8293134636533814,1.0
244,SNIa-BL/sn2001N.p0010.dat,Sc,0.33891170528150283,0.11,0.01028420050203542,0.7969672497282345,-4.181037145451341,1.0
245,SNIa-CSM/snPTF12efc.p0036.dat,Sc,0.33928583371194054,0.09,0.010893448250015897,0.8036209152389503,-4.5,0.964330046195825
246,SNIa-SS/sn2005hk.m0005.dat,Sc,0.3395493138263281,0.07,0.013470768817686366,0.8279767638262024,-4.5,1.0
247,SNIc-bl/sn2003jd.p0001.dat,Sc,0.3405020344690916,0.12,0.16347759579888932,0.612660921957993,-1.801553903984787,1.0
248,SNII/sn1999br.p0014.dat,Sc,0.3408205719844601,0.11,0.01,0.7843563930482391,-4.498947368118454,1.0
249,SLSN-I/snPTF12dam.m0023.dat,Sc,0.3409936003778924,0.07,0.12376447392468995,0.7894604806934032,-2.464947832389261,1.0
250,SLSN-I/sn2010gx.p0004.dat,Sc,0.3413679110494216,0.11,0.2937889754905231,0.6216397536230777,-1.84761396767638,1.0
251,SLSN-I/sn2011ke.p0050.dat,Sc,0.3415734152406965,0.11,0.01690510943434828,0.7901400924288862,-3.8164854299741364,1.0
252,SNIc-bl/sn2002ap.m0001.dat,Sc,0.3421278748223977,0.11,0.07476343636854023,0.7271090853823834,-2.246456173308216,1.0
253,SNIIn/sn2005bx.p0020.dat,Sc,0.34219534705083454,0.09,0.013515358832556388,0.7667469049407704,-4.242803406380667,1.0
254,SLSN-I/sn2011ke.p0036.dat,Sc,0.3425060513778662,0.09,0.06645871909771908,0.7162457910159092,-2.463837624911345,1.0
255,SNIc/sn2005az.m0006.dat,Sc,0.3429075520464457,0.11,0.03226439070615628,0.6941447504313581,-3.3178893350897543,1.0
256,SNIa-SS/sn1998es.m0011.dat,Sc,0.342926908748169,0.05,0.01819126997383434,0.8837244225659472,-4.157175780271476,1.0
257,SNIa-SS/sn2002cx.m0004.dat,Sc,0.34294469769591024,0.05,0.014063621306874139,0.8596201946411076,-4.5,1.0
258,SNIIn/snLSQ12hxg.p0010.dat,Sc,0.343039150957433,0.1,0.06969849673530547,0.7052050065337085,-2.677160488035647,1.0
259,SLSN-II/sn2018lqi.m0021.dat,Sc,0.34342724640464095,0.11,0.030873528884851117,0.705382059279242,-3.803061851208152,1.0
260,SNIc-bl/sn1998bw.m0001.dat,Sc,0.3434859595085201,0.15,0.1347501506929579,0.6363984434995931,-1.5918443215608673,1.0
261,SNII-flash/sniPTF14flu.p0069.dat,Sc,0.3446268253843576,0.05,0.01063910943029708,0.8002196898383107,-4.5,1.0
262,SNIIn/sn2000P.m0003.dat,Sc,0.34477610233151307,0.1,0.1158139948722245,0.6334688655109971,-2.434211240920153,1.0
263,SNIc/sn2007gr.m0007.dat,Sc,0.3456300017724578,0.11,0.09804867757827604,0.7308073186332,-1.9898784525117668,1.0
264,SNIc-bl/sn2006aj.m0006.dat,Sc,0.3458469443890333,0.12,0.08230016618848458,0.6119015489545059,-2.7411063294937392,1.0
265,SLSN-I/sn2011ke.p0020.dat,Sc,0.34608562466998277,0.11,0.028747185034533763,0.7864349744300418,-3.5335092327242763,1.0
266,SNIc-bl/sn1998bw.m0002.dat,Sc,0.3472566674449582,0.15,0.21356867836250304,0.5837046091335839,-1.1955557938677923,1.0
267,SNIc-bl/sn2002ap.m0002.dat,Sc,0.3480639363359146,0.11,0.08222511162717495,0.7250507268194236,-2.0431637855644116,1.0
268,SNIa-SS/sn2005hk.m0007.dat,Sc,0.3481944013427184,0.06,0.013809648727032556,0.852153929619988,-4.5,1.0
269,SNIa-SS/sn2005hk.m0004.dat,Sc,0.3482684485198703,0.07,0.014757373616675267,0.8376722064212463,-4.37907686836497,1.0
270,SNIa-SS/sn2008ae.p0002.dat,Sc,0.3487561647781362,0.11,0.019834802443772774,0.7517084912846509,-3.8477382728644227,1.0
271,SNIc/sn2005mf.m0003.dat,Sc,0.34902296782148157,0.11,0.04438011914660255,0.7472164994574891,-2.7105932104536117,1.0
272,SNIa-SS/sn2007if.p0006.dat,Sc,0.3491396276700658,0.11,0.021472354336190987,0.8330848983350686,-3.4816656121390444,1.0
273,SNIb/sn2008D.m0017.dat,Sc,0.34922850359599605,0.07,0.01722294617318732,0.6286106196495629,-4.5,1.0
274,Gap/sn2007sv.p0010.dat,Sc,0.3493048130046777,0.07,0.014223200299745928,0.7115480071409839,-4.5,1.0
275,SLSN-II/snCSS121015.p0023.dat,Sc,0.34991881781829864,0.07,0.09154430607930343,0.7180405177605448,-2.9205489759819114,1.0
276,SNIc-bl/sn2007ru.m0000.dat,Sc,0.3501420836307348,0.13,0.13917089464486362,0.5022176393286888,-2.0104711218587568,1.0
277,SNIc-bl/sn1998bw.p0001.dat,Sc,0.3508213921411255,0.15,0.024405802084585263,0.7503569402350494,-3.1479354204684347,1.0
278,SNIa-SS/sn2005hk.m0008.dat,Sc,0.3515431352105728,0.07,0.014293170273200725,0.8121995051530384,-4.5,1.0
279,SNIa-SS/sn1998ab.m0008.dat,Sc,0.35157881028367943,0.07,0.03797416099998802,0.8445166963542265,-3.2759000433421424,1.0
280,SLSN-II/sn2008es.p0055.dat,Sc,0.3517090983727958,0.09,0.06639022616034014,0.6978053009117262,-2.7002723330134866,1.0
281,SNIIn/sn2005ip.p0019.dat,Sc,0.3518802960909728,0.1,0.011000173978280502,0.7569266294607888,-4.5,1.0
282,SNIa-SS/sn2005hk.m0003.dat,Sc,0.35208371588417775,0.07,0.02069513799740382,0.8329431054796078,-4.012561234379738,1.0
283,SLSN-II/sn2019aanx.p0021.dat,Sc,0.3544805944760773,0.07,0.04193241951442498,0.7087594093561891,-3.7408525518934557,0.9583180891753561
284,SNIa-SS/sn2008A.m0002.dat,Sc,0.35462123823995234,0.08,0.028452753489086158,0.7821680902454708,-3.6722227862249683,1.0
285,SLSN-I/sn2011ke.p0044.dat,Sc,0.35519195540510656,0.09,0.04082882739648317,0.6802632734933259,-3.1908760612364375,1.0
286,SLSN-I/snPTF12dam.p0011.dat,Sc,0.3557734324098108,0.15,0.1304937187490903,0.6893435453599771,-1.668019900514165,1.0
287,SLSN-II/sn2020bfe.p0071.dat,Sc,0.3563622749175504,0.1,0.01179963801434457,0.7329017883483806,-4.4121928604198475,1.0
288,SNIa-SS/sn2008A.max.dat,Sc,0.3575973328711365,0.08,0.026507217460519057,0.8006038515997589,-3.647177285947994,1.0
289,SNIIn/sn2005cp.p0079.dat,Sc,0.3576005606416537,0.1,0.01172495522664559,0.7610659738779181,-4.387129199362472,1.0
290,SLSN-II/sn2020bfe.m0022.dat,Sc,0.357671279231968,0.03,0.019396493780789975,0.8543791241600741,-4.259476230387241,1.0
291,SNIc/sn2004aw.p0003.dat,Sc,0.3579111389690507,0.11,0.01,0.7448075977706698,-4.396601977399756,1.0
292,SLSN-I/sn2011ke.p0014.dat,Sc,0.35813884546154723,0.11,0.18526352000890892,0.6504751454858714,-1.8910919662797576,1.0
293,SLSN-I/sn2010gx.p0029.dat,Sc,0.3586975446438925,0.11,0.020156051189849877,0.7852385944142917,-3.5863048759134655,1.0
294,SNIa-SS/sn1999dq.m0009.dat,Sc,0.35903645054222005,0.1,0.5673694935455325,0.1528404762924434,-0.8933744152787442,1.0
295,SNIa-SS/sn2005hk.m0009.dat,Sc,0.35977020591999487,0.06,0.014411535052316416,0.8337791986116798,-4.5,1.0
296,Gap/sn2002kg.p0779.dat,Sc,0.3600894980879841,0.1,0.010768302336895642,0.8209990187724969,-4.5,1.0
297,SLSN-I/sn2011ke.p0029.dat,Sc,0.36021285356962385,0.11,0.010321041122169746,0.7950770958756762,-4.364568533372964,1.0
298,SNIa-SS/sn2005hk.m0002.dat,Sc,0.3603960743196572,0.08,0.028706189936823123,0.7881069370724969,-3.671089279145632,1.0
299,SNIc-bl/sn1998bw.m0006.dat,Sc,0.3605662122527181,0.17,0.46235576607865636,0.39336431708903313,-0.6044294111874404,1.0
300,SNII/sn1999gi.p0002.dat,Sc,0.3610217551515286,0.11,0.03788506277706825,0.68524397510488,-3.424568678043185,1.0
301,SNIa-SS/sn1998es.m0010.dat,Sc,0.3614048074402417,0.05,0.022671464359716995,0.8870227325578913,-3.914807800655338,1.0
302,SNII-flash/sn2013fs.m0001.dat,Sc,0.36162247746792175,0.05,0.045487521814436056,0.8542026201361693,-3.047114911046232,1.0
303,SNIIn/sn2006aa.p0049.dat,Sc,0.36250462919657317,0.1,0.01344201842634836,0.8076409541709383,-4.1975943265104245,1.0
304,SNIa-SS/sn2008A.m0001.dat,Sc,0.36268518985595416,0.08,0.02445714066809467,0.7990082442424972,-3.7775025195925234,1.0
305,SNIa-SS/sn2003fa.m0006.dat,Sc,0.36318269389614216,0.03,0.022431818118556844,0.9288666915740448,-3.9152779765664563,0.9612924004778022
306,Gap/sn2007sv.p0031.dat,Sc,0.36329310588028974,0.06,0.014595273858218223,0.7476535346578729,-4.5,0.9883274772087312
307,SNIc-bl/sn1997ef.m0011.dat,Sc,0.3637814237271379,0.15,0.018301401226806135,0.7897311805563113,-3.382406370693851,1.0
308,SNIa-SS/sn2001V.m0011.dat,Sc,0.36419065273174156,0.05,0.01816656639623636,0.8913724823469311,-4.153377388400011,1.0
309,SNIa-SS/sn2001V.m0012.dat,Sc,0.3645801193653113,0.05,0.027799497414857037,0.8747764674895057,-3.734616835993147,1.0
310,SNIc/sn2004ge.p0006.dat,Sc,0.36464476070945756,0.09,0.014729248366911045,0.5497431840042318,-4.488823642429554,1.0
311,SLSN-I/sn2013dg.p0004.dat,Sc,0.3661709353280303,0.03,0.09063320949741516,0.750471301654091,-3.3033388542381275,1.0
312,SLSN-I/snPTF11rks.p0006.dat,Sc,0.36622356994699756,0.15,0.01021790531078652,0.7821759288285518,-4.334750740546243,1.0
313,SNIa-SS/sn2008A.m0004.dat,Sc,0.36685800168578403,0.07,0.013805562533873578,0.8400530283321447,-4.432243762734375,1.0
314,SNIc/sn2007gr.m0006.dat,Sc,0.36769642439832356,0.11,0.0548102988954474,0.7635594210283528,-2.4964437629767104,1.0
315,SNIIn/sn2010jl.p0019.dat,Sc,0.3683609177081642,0.1,0.01506518915343732,0.7260118568221163,-4.5,1.0
316,SNIa-SS/sn2008A.p0001.dat,Sc,0.3685381162453543,0.11,0.048737134753943014,0.7290177782912796,-2.873535403199808,1.0
317,SNIa-SS/sn2008A.m0007.dat,Sc,0.3694388866867458,0.07,0.013607019022988106,0.8258981703859017,-4.5,1.0
318,SNIa-CL/sn2007al.p0002.dat,Sc,0.36998929721010154,0.11,0.01,0.7775543070129488,-4.429862350729891,1.0
319,SNIIn/sn2006qq.p0072.dat,Sc,0.37172262825960256,0.1,0.012603450177288996,0.6842556189355736,-4.5,1.0
320,SNIc-bl/sn2002ap.m0000.dat,Sc,0.37175012088799714,0.11,0.04676572267769485,0.7761167523644535,-2.619757119805748,1.0
321,SNII/sn2005cs.p0008.dat,Sc,0.3719308931683874,0.11,0.011228589817116153,0.804196780179133,-4.409703620035596,1.0
322,SNIc-bl/sn1997ef.m0010.dat,Sc,0.3719417976576056,0.15,0.015749261988558944,0.8037869935469286,-3.5602940972161274,1.0
323,SNIa-SS/sn1998es.m0008.dat,Sc,0.37229113028687005,0.03,0.08721462082602689,0.8569310566555853,-2.612921922084919,0.9821273030817084
324,SLSN-IIn/snPTF10fel.p0003.dat,Sc,0.37238465161132195,0.06,0.01625155965222166,0.8391237604183647,-4.321643982603141,1.0
325,SNIc-bl/sn1998bw.p0013.dat,Sc,0.3727706818434383,0.09,0.05456027792054301,0.7225384506800333,-2.337660810845133,1.0
326,SNIc/sn2004gt.p0100.dat,Sc,0.3731410837982541,0.14,0.013183845817270275,0.7619592883283557,-4.317651247510043,1.0
327,SNIa-SS/sn2008A.m0008.dat,Sc,0.373310324519027,0.06,0.013982604430144548,0.8318215960075189,-4.5,1.0
328,SNIIn/sn1998S.p0004.dat,Sc,0.3733945532939321,0.12,0.052898110611551315,0.7380372471555056,-2.9275609384626025,0.9728606004274797
329,SLSN-II/snCSS121015.p0024.dat,Sc,0.3738531937023649,0.11,0.07654726173689883,0.7216867627278479,-2.970759138941525,1.0
330,SNIIn/snOGLE-2013-SN-019.p0006.dat,Sc,0.37428764297643186,0.1,0.01,0.7606198516431404,-4.470829432860008,0.9530754487699671
331,SNIa-SS/sn1999dq.m0007.dat,Sc,0.37478557642484583,0.03,0.016466549270311978,0.8923712146418326,-4.35060232372356,0.9786982364372787
332,SNIc/sn2004aw.p0026.dat,Sc,0.3752110686015406,0.08,0.013886233304016903,0.6674130512913133,-4.415109617422403,1.0
333,SLSN-I/sn2012il.p0043.dat,Sc,0.37523196670085746,0.11,0.037179394110441896,0.750062836093426,-3.0839076715829243,1.0
334,Gap/sn2006fp.p0003.dat,Sc,0.37525431110344915,0.1,0.016958988620185453,0.5302117290016474,-4.5,1.0
335,Gap/sn2001ac.p0005.dat,Sc,0.3755222397143739,0.1,0.012586034211773518,0.7378110171410066,-4.5,1.0
336,SNIa-SS/sn1998es.m0007.dat,Sc,0.3768068546003244,0.03,0.054477048209557885,0.8867507288814075,-3.0580067079742186,0.9821273030817084
337,SNIIn/sn2005db.p0129.dat,Sc,0.37690025243133096,0.1,0.060064695156434623,0.64336725514859,-2.782869123938576,1.0
338,SNIa-CSM/sn2002ic.p0020.dat,Sc,0.37706356411960845,0.12,0.01046891928543334,0.8012826613278212,-4.429327844116901,1.0
339,SLSN-II/sn2019aanx.m0016.dat,Sc,0.37714152694278685,0.07,0.040026761047565904,0.7742967903266708,-4.0063190295969155,0.9583180891753561
340,SLSN-IIn/snPTF10tpz.p0037.dat,Sc,0.37748313405346434,0.1,0.014938870901457174,0.5962362354348589,-4.5,1.0
341,SNIc-bl/sn2002ap.p0012.dat,Sc,0.3779187611507635,0.08,0.012366114264060785,0.8022481901667597,-4.109768337340872,1.0
342,SNIc-bl/sn1997ef.p0016.dat,Sc,0.3781383625060878,0.09,0.020884012514839588,0.7482633702089657,-3.748893153652074,1.0
343,SNIc/sn2004fe.p0002.dat,Sc,0.3783010376734876,0.11,0.013504055278860401,0.8189110425182612,-4.059707347981432,1.0
344,SNIa-CSM/sn2005gj.p0051.dat,Sc,0.3786448606681554,0.09,0.010369805601308799,0.716206974860059,-4.5,1.0
345,SNIc/sn2005mf.p0004.dat,Sc,0.3790585596600498,0.09,0.04317362287185761,0.718021331098193,-2.8206694472142657,1.0
346,SNIa-SS/sn2001V.m0013.dat,Sc,0.37915949809090294,0.05,0.017736318504939237,0.8788719892937875,-4.168413661282096,1.0
347,SNIa-SS/sn2008ae.m0001.dat,Sc,0.3794518637892752,0.11,0.018032981591194125,0.7357123277096992,-4.055913727177147,1.0
348,SNIc-bl/sn2006aj.p0263.dat,Sc,0.3795606114585262,0.15,0.03864227596338031,0.5506510482263017,-3.3421891130990122,1.0
349,SNIc-bl/sn1998bw.m0003.dat,Sc,0.37977901507312745,0.17,0.05672515940149393,0.6769774155259062,-2.35832092133097,1.0
350,SLSN-II/sn2013hx.p0017.dat,Sc,0.37983370144586215,0.07,0.02476623505841537,0.7895875831853026,-3.266728467594513,1.0
351,SNIa-BL/sn2001N.p0009.dat,Sc,0.3798439904381477,0.11,0.011470913230837208,0.8129958934089417,-4.035880895542991,1.0
352,SNIa-BL/sn2002bf.p0005.dat,Sc,0.3801505395208343,0.14,0.01,0.6928980143063286,-4.480202173997837,1.0
353,SNIc-bl/sn2002ap.p0001.dat,Sc,0.3804274747695008,0.11,0.02098683476140483,0.8065171531953663,-3.415371886208674,1.0
354,SNIc-bl/sn1998bw.p0022.dat,Sc,0.3804650436654714,0.09,0.02265401565420134,0.7327956993847087,-3.4205111015497227,1.0
355,SNIa-CSM/snPTF12efc.p0008.dat,Sc,0.38084132775922686,0.1,0.05403258003833089,0.7382337235796872,-3.179245058019381,1.0
356,SLSN-II/sn2019uba.p0002.dat,Sc,0.38116399187646355,0.11,0.07115337707693375,0.7578178499206657,-3.162874487763394,1.0
357,SNIc-bl/sn1998bw.m0007.dat,Sc,0.38159710319809564,0.17,1.03156637976549,0.3657238614745853,0.1782226001976807,1.0
358,SNIIn/sn1998S.p0017.dat,Sc,0.3816774410373331,0.11,0.018643383851536577,0.8322768257703212,-3.974573667260328,1.0
359,SNII/sn2005cs.p0003.dat,Sc,0.3817277629162008,0.11,0.03900088094444546,0.7261306276135189,-3.0247962717095973,1.0
360,SNIc/sn1994I.m0006.dat,Sc,0.3817533483956293,0.11,0.09651552018276023,0.7252473227078707,-2.1445517886154617,1.0
361,SNIa-CN/sn1998co.p0036.dat,Sc,0.3818615086894105,0.06,0.01279475393525041,0.7934343960989282,-4.5,1.0
362,SNIa-SS/sn2008A.m0003.dat,Sc,0.38252074513768203,0.08,0.021167302411318735,0.7906354446571063,-3.986427493728417,1.0
363,SNIc/sn2004gt.p0167.dat,Sc,0.3840060344439227,0.14,0.05254745647963399,0.7289400474771939,-2.9395629065365743,1.0
364,SLSN-I/snPTF12dam.p0007.dat,Sc,0.38427894314054906,0.09,0.34210372409661116,0.5511293868760977,-1.5916590884636772,1.0
365,SNIa-SS/sn2008ae.p0001.dat,Sc,0.3844380955642765,0.11,0.01351461760647808,0.7811625390489434,-4.2409951877788945,1.0
366,SNIc-bl/sn1998bw.p0009.dat,Sc,0.3844767748730415,0.11,0.012080972586373837,0.8327334636291599,-3.7519556935853533,1.0
367,SNIc-bl/sn1998bw.p0019.dat,Sc,0.384562460703478,0.09,0.015703509388990244,0.7183881034249638,-3.684869218512829,1.0
368,SNIc-bl/sn1997ef.p0018.dat,Sc,0.3848800739734196,0.09,0.013602240261562834,0.7609923934462866,-4.202104104104251,1.0
369,SNIa-SS/sn2001V.m0010.dat,Sc,0.3856637450347555,0.05,0.014180750580411372,0.9025005111108624,-4.411139727050079,1.0
370,SNIc/sn2004fe.p0001.dat,Sc,0.38567159034850235,0.11,0.010668009194071206,0.832389518638579,-4.272823685263439,1.0
371,SNII/sn1999em.p0021.dat,Sc,0.3856814499223491,0.11,0.01,0.8309375748712201,-4.364091745821494,1.0
372,SLSN-I/snSSS120810.p0015.dat,Sc,0.3859854053055349,0.06,0.023423562782405725,0.8391817431783377,-4.103741994757601,1.0
373,SLSN-I/snLSQ12dlf.p0006.dat,Sc,0.3862419534591031,0.11,0.07977862140586096,0.7622882061486108,-2.7516042864096315,1.0
374,SNIa-CN/sn1994S.m0003.dat,Sc,0.3863672071126964,0.05,0.01,0.9883331799087386,-4.408050061481871,1.0
375,SNIa-BL/sn2001N.p0032.dat,Sc,0.3866703755203387,0.05,0.012683612812940937,0.7985399598625846,-4.468908855404121,1.0
376,SLSN-I/snSSS120810.p0009.dat,Sc,0.3869734019886766,0.09,0.06087266952019978,0.7229104574094689,-3.0990298037447808,1.0
377,SNII/sn1999em.p0002.dat,Sc,0.38734387708109924,0.11,0.02258381953888896,0.8521765472686409,-3.6949661973793253,1.0
378,SNIc/sn2005mf.p0007.dat,Sc,0.38786430210393147,0.08,0.01,0.8331819483145704,-4.280959774734696,1.0
379,SLSN-I/snPTF12dam.m0022.dat,Sc,0.38829523455128834,0.05,0.05995172588620823,0.7995049080618463,-3.0836555308160145,1.0
380,SNIc-bl/sn2007bg.p0003.dat,Sc,0.38952942433800347,0.11,0.01,0.77232073255794,-4.423559199406212,1.0
381,SNIb/sn2008D.m0015.dat,Sc,0.38961417732093556,0.04,0.018061415876228875,0.6347199923527889,-4.5,1.0
382,SLSN-IIn/snPTF10jwd.p0005.dat,Sc,0.3900592594101089,0.11,0.014689032337030637,0.7719906603477488,-4.5,1.0
383,SNIc-bl/sn1997ef.m0009.dat,Sc,0.3903857564330124,0.15,0.01,0.8188657650709825,-4.002849711681174,1.0
384,SNIa-BL/sn2001N.p0011.dat,Sc,0.3906519151248839,0.11,0.010101771413990827,0.7876376224403097,-4.264532123159376,1.0
385,SNII/sn2006bp.p0010.dat,Sc,0.39104954790289503,0.11,0.012832559243547318,0.7273996107229885,-4.304422152403093,1.0
386,SNIc/sn2007cl.m0006.dat,Sc,0.3910699008685854,0.11,0.19888687481656242,0.7371973160601639,-1.5429967616168692,1.0
387,SNIa-SS/sn2001V.m0009.dat,Sc,0.3913218528574781,0.05,0.012832067850460326,0.9123368832070972,-4.5,1.0
388,SNIb/sn2008D.m0016.dat,Sc,0.39159738071347605,0.07,0.016579064452435944,0.6320227316761459,-4.5,1.0
389,SNIa-CSM/sn2002ic.p0016.dat,Sc,0.3916006924696533,0.05,0.011383330728323465,0.9188191351413982,-4.5,1.0
390,SNIc-bl/sn1998bw.p0003.dat,Sc,0.3930367586568848,0.15,0.01,0.7971535838910131,-3.9885007233713985,1.0
391,SNIc-bl/sn1997ef.p0020.dat,Sc,0.39349497422849217,0.09,0.01291210913844381,0.7676401694918797,-4.3108741664706205,1.0
392,Gap/sn2007sv.p0025.dat,Sc,0.39369010096828344,0.07,0.01316039297182799,0.7211181649061491,-4.5,1.0
393,SLSN-I/snPTF11rks.m0001.dat,Sc,0.39374470150657614,0.17,0.01529314551282516,0.7889618259825657,-3.9520361939464053,1.0
394,SNIa-SS/sn1999dq.m0006.dat,Sc,0.39376177844224136,0.03,0.016114025278130027,0.9065883581960192,-4.344319744054717,0.9786982364372787
395,SNIa-SS/sn2007cq.m0005.dat,Sc,0.3938604363932892,0.15,0.041002612981789685,0.7330544207636965,-3.02789946207222,1.0
396,SNIa-CN/sn2004L.p0032.dat,Sc,0.39445959721653845,0.07,0.013931407072121824,0.7461023262651519,-4.47173176838368,1.0
397,SNIa-SS/sn2002cx.m0002.dat,Sc,0.3944953523058497,0.05,0.013470519680326188,0.892759731991723,-4.5,1.0
398,SNIc/sn2005az.p0003.dat,Sc,0.3958662491597629,0.1,0.027197416390824434,0.6599055354657688,-3.4917916679352508,1.0
399,SNIb-nIIb-n/sn2005la.p0015.dat,Sc,0.3962867783040812,0.07,0.0198830993807424,0.8295275448934614,-4.290594636271651,1.0
400,SNIa-SS/sn1999aa.m0010.dat,Sc,0.39641291014934277,0.08,0.04990354374501718,0.8083223096380787,-3.1066524875690615,0.9932439618992597
401,SNIc/sn1994I.m0005.dat,Sc,0.39661559566775134,0.11,0.03774017024158375,0.7753277468988165,-2.7796931226467336,1.0
402,SNIc/sn1994I.m0004.dat,Sc,0.39697525710653897,0.11,0.018955859174315155,0.8069300882911213,-3.605067187818742,1.0
403,SNIa-SS/sn2008ae.m0000.dat,Sc,0.39727984308618863,0.11,0.02082530036094094,0.738585119196796,-3.8818179282656122,1.0
404,SNII/sn1999gi.p0003.dat,Sc,0.3977177816660202,0.11,0.025651249035115255,0.7220501438261876,-3.7889704915472215,1.0
405,SNIIb/sn1998fa.p0019.dat,Sc,0.39835654084994193,0.11,0.013811514201288334,0.634175950816607,-4.5,1.0
406,SNIa-BL/sn2002bf.p0012.dat,Sc,0.39877800980333444,0.11,0.01992737297520435,0.7840327747257889,-3.5527391546461233,1.0
407,SLSN-I/snPTF12dam.m0008.dat,Sc,0.39931972769190677,0.07,0.04982706913589322,0.7582576050145181,-3.4783663179876463,1.0
408,SLSN-I/snPTF12dam.p0027.dat,Sc,0.3994258482171293,0.12,0.17501535003917804,0.7208774563724835,-1.7894669493152604,1.0
409,SLSN-II/sn2008es.p0016.dat,Sc,0.3994452408176364,0.14,0.05837962061474568,0.7182004367415469,-2.9693707404295444,1.0
410,SNIa-CN/sn2001br.p0052.dat,Sc,0.39947853591046667,0.09,0.012712248878465504,0.6687357879678161,-4.5,1.0
411,SNIIn/sn2008fq.p0028.dat,Sc,0.3996290646018591,0.11,0.012951949502362245,0.6492543637100806,-4.5,1.0
412,SLSN-I/snPTF12dam.m0014.dat,Sc,0.40053851245455935,0.03,0.12896202788162098,0.8382092999313139,-2.5475323201702933,1.0
413,SNIa-SS/sn2003fa.m0008.dat,Sc,0.40099981322452655,0.09,0.02837603712195899,0.7948215017860434,-3.636444311851083,1.0
414,SNIc/sn2005az.m0008.dat,Sc,0.4011674578679241,0.11,0.012933976756155104,0.7868231647432865,-3.99909797938607,1.0
415,SLSN-I/snPTF13ajg.m0004.dat,Sc,0.4014605284513809,0.16,0.09363581241736446,0.7471707418356112,-2.4507533107225656,1.0
416,SNIa-CN/sn2004L.p0035.dat,Sc,0.40281546255806366,0.06,0.01416131318146912,0.7380980119029678,-4.467771225730833,1.0
417,SNIa-SS/sn2000cx.m0000.dat,Sc,0.40295755146753054,0.06,0.011039365003571033,0.9474458124628286,-4.5,1.0
418,SLSN-I/snPTF12dam.m0021.dat,Sc,0.4041316267912475,0.05,0.03984343223990548,0.8452784471992579,-3.7816774465388785,1.0
419,SNIc/sn2007gr.m0004.dat,Sc,0.4043913305247375,0.11,0.028744512325637687,0.8024696572974386,-3.108505434473024,1.0
420,SNIc/sn2007gr.m0005.dat,Sc,0.40451774394629525,0.11,0.08174455390438704,0.791599346389537,-2.0800388480948118,1.0
421,SNIa-BL/sn2002bf.p0006.dat,Sc,0.4047694574264704,0.13,0.010397597572495757,0.794661782858623,-4.200463551739081,1.0
422,SNIa-SS/sn2005eq.m0005.dat,Sc,0.40491040787450366,0.09,0.011602818523931845,0.8485399532397448,-4.5,1.0
423,SNII/sn2012aw.p0011.dat,Sc,0.4053744669615942,0.11,0.029433877403946606,0.7859200542479143,-3.581541267553501,1.0
424,SLSN-I/sn2005ap.m0003.dat,Sc,0.40584445984787526,0.11,0.1157208900469115,0.8003449019491548,-2.4022159997425674,1.0
425,SNII/sn2002gd.p0023.dat,Sc,0.40667418123548377,0.1,0.01,0.7661435067060759,-4.5,1.0
426,SNIa-SS/sn2005eu.m0009.dat,Sc,0.40746152293160226,0.07,0.014353727986019225,0.8280269458664316,-4.5,0.9807685286493364
427,SNIc-bl/sn1997ef.m0006.dat,Sc,0.4074885698800243,0.11,0.015559089964482822,0.8496424080881945,-3.7010191345701884,1.0
428,SNIc/sn1994I.p0145.dat,Sc,0.4079170669759131,0.15,0.01,0.6960957180170295,-4.401296055264413,1.0
429,SLSN-I/snPTF12dam.p0004.dat,Sc,0.40851620508052244,0.08,0.31328291405347597,0.6300423046051902,-1.5749440629250806,1.0
430,SNIa-SS/sn1999aa.m0009.dat,Sc,0.4092552909478905,0.08,0.05201449582588736,0.8082033953308501,-3.0545631829539417,0.9932439618992597
431,SNIa-SS/sn2005hk.m0001.dat,Sc,0.40951897362287654,0.13,0.046239774207487094,0.7027233379570736,-2.975902326781519,1.0
432,SNIc/sn2004aw.p0004.dat,Sc,0.4097269942906007,0.09,0.01,0.7695735192788725,-4.286889201427765,1.0
433,SNIa-SS/sn2003fa.m0009.dat,Sc,0.41001819670778006,0.07,0.012984460461507388,0.866297639312334,-4.5,1.0
434,SNIc-bl/sn1997ef.p0021.dat,Sc,0.41009935717655943,0.09,0.010446258906125255,0.769971209353077,-4.49105877200774,1.0
435,SNIc-bl/sn2002ap.p0003.dat,Sc,0.4104695276952653,0.11,0.01,0.7919331679979048,-3.841460834141942,1.0
436,SNIa-SS/sn2007if.p0014.dat,Sc,0.41068925477796325,0.11,0.01,0.8237112247553577,-4.309333929471697,0.9807341012021807
437,SNIa-SS/sn2007cq.m0004.dat,Sc,0.41092527541021034,0.15,0.023017395607224756,0.7817038233620528,-3.5209930559837015,1.0
438,SNIa-SS/sn1999aa.m0008.dat,Sc,0.4111753155549697,0.07,0.018722412117013778,0.8874758124368418,-4.094406934275371,0.9565066756308869
439,SNIc-bl/sn1998bw.p0011.dat,Sc,0.4112136527868724,0.11,0.01,0.7898342720193982,-4.210527307723883,1.0
440,SLSN-I/snLSQ12dlf.p0020.dat,Sc,0.4114073417527208,0.11,0.017990037964787056,0.8435454648897429,-3.9722387601881133,1.0
441,SNIc-bl/sn1997ef.p0026.dat,Sc,0.4117438823814999,0.09,0.012255951385522115,0.6890700830367322,-4.5,1.0
442,SNIa-CN/sn1999ac.p0011.dat,Sc,0.41177029370627255,0.11,0.01,0.8742111491286191,-4.020582119657828,1.0
443,SNIa-SS/sn2000cx.m0001.dat,Sc,0.412017045267182,0.06,0.011171570026376795,0.9394487924661998,-4.5,1.0
444,SNII/sn1999br.p0023.dat,Sc,0.4122991773334922,0.1,0.01,0.7580862470921808,-4.30528345715473,1.0
445,SNIb-nIIb-n/sn2005la.p0014.dat,Sc,0.4128856047590961,0.12,0.017682071391367755,0.7686098316216022,-3.736053709246558,1.0
446,SNIa-BL/sn2003W.p0049.dat,Sc,0.41302779539911183,0.08,0.011423682027659152,0.7489745598165908,-4.5,1.0
447,SNIc/sn2005az.m0004.dat,Sc,0.41340116556105905,0.11,0.012185103792124412,0.7832031805241341,-4.0432192673043374,1.0
448,SNIc-bl/sn1998bw.p0012.dat,Sc,0.41393587618304073,0.11,0.01,0.8029472967602709,-4.161776590946495,1.0
449,SNIa-BL/sn2002bf.p0007.dat,Sc,0.41428660297657505,0.13,0.012549439745388424,0.8015468750022765,-3.924493049754415,1.0
450,SNIa-SS/sn1998es.m0009.dat,Sc,0.41510353497663083,0.15,0.03995766507399109,0.7582929581119164,-3.0377824014928807,0.9602824942843059
451,SNIc-bl/sn1997ef.m0005.dat,Sc,0.4155307124501409,0.11,0.01204257154671166,0.8541943211234884,-3.9613215255701952,1.0
452,SNIc/sn1994I.m0003.dat,Sc,0.41642937025635757,0.11,0.01,0.836481401523682,-3.981997350442356,1.0
453,SNIa-SS/sn2005eu.p0038.dat,Sc,0.41651513604795654,0.1,0.01260851944240034,0.6720339841484518,-4.5,1.0
454,SNIa-CSM/sn2011km.max.dat,Sc,0.4169805728304186,0.05,0.011290846346530646,0.9274609654202228,-4.5,1.0
455,Gap/sn1999bw.m0019.dat,Sc,0.41772110152500574,0.1,0.014230248692616831,0.730832196890526,-4.2991373801947725,1.0
456,SNIc-bl/sn2002ap.p0007.dat,Sc,0.41813333125298957,0.09,0.014167858175896266,0.8119013273201483,-3.904398208225298,1.0
457,SNIb-nIIb-n/sn2005la.p0016.dat,Sc,0.41825923909450113,0.13,0.04103174495631905,0.7128858940881957,-3.3445189095375905,1.0
458,SNIc-bl/sn1997ef.p0017.dat,Sc,0.4185967770647033,0.09,0.0157029014255045,0.7844246141235905,-4.016895623277633,1.0
459,SNIb-nIIb-n/sn2005la.p0017.dat,Sc,0.4186612403189209,0.13,0.02138433185566193,0.763226272184751,-3.901966984055782,1.0
460,SNIc/sn2004aw.p0011.dat,Sc,0.41881006165261525,0.08,0.01,0.7711855296406046,-4.296205640794023,1.0
461,SNIa-SS/sn1999dq.m0005.dat,Sc,0.4193738365635644,0.06,0.012731208224215348,0.8652885219403358,-4.5,1.0
462,SNII/sn2005cs.p0004.dat,Sc,0.42020584190493104,0.11,0.03052769332913667,0.7518382373644521,-3.336955480407649,1.0
463,SNIIn/sn2006qq.p0047.dat,Sc,0.4202255021306308,0.1,0.012042426304935266,0.6845551362783806,-4.5,1.0
464,SNIc/sn1994I.m0002.dat,Sc,0.4206354999510243,0.11,0.010845445426259512,0.8496562265070058,-4.062272287268739,1.0
465,SLSN-II/sn2019xfs.p0029.dat,Sc,0.4207332876509938,0.04,0.012556531756726119,0.766689696455458,-4.5,1.0
466,SNIa-SS/sn1998es.m0005.dat,Sc,0.42208552752794504,0.09,0.012098905801405409,0.8477450688942909,-4.4472132952754535,1.0
467,SNIc-bl/sn2002ap.p0006.dat,Sc,0.42235368959063996,0.09,0.01,0.7953453020278812,-4.065581155740069,1.0
468,SNIc/sn1994I.m0001.dat,Sc,0.4225579878283035,0.11,0.01,0.8447867781568237,-4.159141851585007,1.0
469,SNIIn/sn2000bg.p0027.dat,Sc,0.42257902216282234,0.08,0.01461157610816651,0.6608753911852284,-4.5,1.0
470,SNIc/sn2004gt.p0081.dat,Sc,0.42283076849913503,0.14,0.011242079038430268,0.751306626922333,-4.5,1.0
471,SNIa-SS/sn1999gp.m0005.dat,Sc,0.4232670592937033,0.04,0.012415633820036024,0.9527409948820824,-4.5,0.9680893179460801
472,SNIc/sn1994I.p0116.dat,Sc,0.4238367583534995,0.14,0.01,0.7405471721986827,-4.0583720821027764,0.973630783496544
473,SNIa-SS/sn2005eq.m0008.dat,Sc,0.4243998131271801,0.15,0.049553362437300595,0.7205464844356982,-2.803404684009923,1.0
474,SNIa-SS/sn1999aa.m0007.dat,Sc,0.42457342456879965,0.07,0.014272059022786606,0.8971777115050624,-4.375147339875723,0.9565066756308869
475,SLSN-II/sn2020hgr.p0001.dat,Sc,0.4254133787437631,0.08,0.013077590242082203,0.8108048162730626,-4.5,1.0
476,SNIa-SS/sn2007S.m0005.dat,Sc,0.4263243433877844,0.04,0.01345122357828708,0.887261073537855,-4.5,0.9507077412072392
477,SNIa-SS/sn2008Z.m0009.dat,Sc,0.4264588883729141,0.05,0.014735382459434215,0.8445020446168104,-4.5,0.9629551377831934
478,SNIa-CN/sn2004L.p0020.dat,Sc,0.42650388615413604,0.08,0.012333715647682791,0.734316410218643,-4.5,1.0
479,SNII/sn2002gd.p0008.dat,Sc,0.4265227631184668,0.11,0.01085780104216425,0.7952203572696371,-4.5,1.0
480,SNII/sn2012aw.p0006.dat,Sc,0.4265369933687356,0.11,0.05126621550291444,0.7449825595260068,-3.0348505801419643,1.0
481,SNIc-bl/sn1998bw.p0029.dat,Sc,0.42698455393773044,0.09,0.0215212393829469,0.7822851202369911,-3.4252754439058326,1.0
482,SNIc-bl/sn1998bw.p0004.dat,Sc,0.42702270055099484,0.04,0.011500315453378766,0.8965926643659919,-4.499299317399145,1.0
483,SNII/sn1999em.p0001.dat,Sc,0.42730126050662826,0.11,0.03304819574243482,0.7499427825767442,-3.376228333283851,1.0
484,SNIa-CSM/sn2011km.p0006.dat,Sc,0.4273094902613355,0.13,0.016102161124435684,0.7412685475618055,-3.96679367571224,1.0
485,SNIc/sn2005az.max.dat,Sc,0.4274117981234941,0.1,0.030445907172145768,0.6829099063952765,-3.3064379883082666,1.0
486,SNIa-SS/sn2005eu.m0007.dat,Sc,0.4274974731179585,0.07,0.014944626284453831,0.7817600201701423,-4.5,0.9807685286493364
487,SLSN-I/snPTF13ajg.p0008.dat,Sc,0.4276826677195399,0.05,0.019197884273364073,0.8672619507412007,-4.5,1.0
488,SNIa-SS/sn2002de.m0004.dat,Sc,0.4280823110131496,0.05,0.013040901316100162,0.865224951859836,-4.5,1.0
489,SNIa-SS/sn1999dq.m0004.dat,Sc,0.4284077853567114,0.03,0.013081003039179334,0.9398771418681435,-4.5,0.9786982364372787
490,Gap/sn2017be.p0037.dat,Sc,0.4285941833696357,0.05,0.017096376646389567,0.6890580325035871,-4.5,0.9534055819642666
491,SNIb/sn2008D.m0014.dat,Sc,0.42860374607965007,0.03,0.017042994545068038,0.6939072365693605,-4.5,1.0
492,SNIa-SS/sn1999aa.m0005.dat,Sc,0.4287103463716979,0.09,0.011389904187620188,0.874316572611917,-4.483814359864869,1.0
493,SNIc-bl/sn1998bw.p0006.dat,Sc,0.4287392660219682,0.04,0.01145862006035151,0.894818022165535,-4.5,1.0
494,SNII/sn1999em.p0024.dat,Sc,0.42912006708409783,0.1,0.01,0.8118736729107466,-4.414224902101956,1.0
495,SNIa-SS/sn1998es.m0006.dat,Sc,0.42944606952139125,0.09,0.013345917949123319,0.8367137537884465,-4.366737720708109,1.0
496,SNIa-SS/sn2007S.m0004.dat,Sc,0.42998838843373566,0.04,0.013121278336627261,0.8994214232966237,-4.5,0.9522966685434641
497,SNIa-SS/sn2001V.m0006.dat,Sc,0.43018680549608573,0.03,0.03392790590769831,0.9320929666252789,-3.4934454749484884,0.9748013281421364
498,SNIa-BL/sn1997bq.p0009.dat,Sc,0.4305884349002522,0.11,0.020128323647872495,0.890934486380266,-3.134620953806095,1.0
499,SNIc/sn2007gr.p0005.dat,Sc,0.43061908506776686,0.1,0.03806633303640889,0.7126690381428201,-3.025341773031867,1.0
500,SNII/sn2006bp.p0012.dat,Sc,0.4306654926380213,0.11,0.01,0.7655771440538892,-4.479466636560514,1.0
501,SNIc/sn2007gr.p0007.dat,Sc,0.430942607995835,0.07,0.010003106815222857,0.8565880203886029,-4.408389944769306,1.0
502,SNIc/sn2005az.m0009.dat,Sc,0.4312695067181388,0.11,0.014664369115468267,0.8125864135304292,-3.7772411698664716,1.0
503,SNIa-SS/sn2005eu.m0005.dat,Sc,0.431311868150437,0.07,0.013768345190017305,0.8390401588268043,-4.5,0.9807685286493364
504,SNIb/sn2009jf.p0085.dat,Sc,0.4316355232153573,0.04,0.015298407695003069,0.639187672268397,-4.5,0.9762351702376685
505,SNIa-SS/sn2001V.m0007.dat,Sc,0.4323774611344099,0.03,0.022622633079468706,0.9375147160880961,-3.93884962869089,0.9748013281421364
506,SNIa-SS/sn1999aa.m0006.dat,Sc,0.43410464236033036,0.07,0.012382063785907622,0.907125814166651,-4.5,0.9565066756308869
507,SNIa-SS/sn2003fa.m0010.dat,Sc,0.4343904489660249,0.05,0.013789954658539017,0.9126026760511422,-4.5,0.9535846266977267
508,SNII/sn2005cs.p0009.dat,Sc,0.43466294947224854,0.11,0.01,0.8083284549264295,-4.169569257768674,1.0
509,SNIa-CSM/sn2011km.m0002.dat,Sc,0.4350817255957968,0.04,0.01111819578315765,0.9420624704924874,-4.5,1.0
510,SNIa-CSM/sn2012ca.p0527.dat,Sc,0.43602728518569095,0.1,0.014480406559689168,0.6362308949879406,-4.490563846097474,1.0
511,SNIc-bl/sn2002ap.p0005.dat,Sc,0.4361540049420221,0.09,0.02524630407749967,0.8123386077182655,-3.3026601741727264,1.0
512,SNIIn/sn2007pk.p0045.dat,Sc,0.43622821166735354,0.1,0.01108099131766882,0.6874437629374017,-4.5,1.0
513,SNIc-bl/sn1997ef.m0004.dat,Sc,0.43641882484793176,0.11,0.01,0.8500943613211492,-4.16570951949103,1.0
514,SLSN-I/snSSS120810.p0041.dat,Sc,0.4370587232001601,0.09,0.01,0.8506140368488619,-4.047266873709096,1.0
515,SNIa-CN/sn2002do.p0017.dat,Sc,0.4380952105394049,0.07,0.012819401004856698,0.7326919708992864,-4.5,1.0
516,SNIa-SS/sn2005M.m0003.dat,Sc,0.43857288531255445,0.05,0.013220985461963104,0.9146070552025256,-4.5,0.9553622598012745
517,SNII/sn2013am.p0004.dat,Sc,0.4388590728738599,0.11,0.013045449315942585,0.6916108177229637,-4.445182962880746,1.0
518,SNIc/sn1994I.p0002.dat,Sc,0.43890925866150055,0.09,0.017223997872603473,0.8834982519668376,-3.132711402294422,1.0
519,SNIc-bl/sn1997ef.p0014.dat,Sc,0.43894711528182884,0.09,0.010985820394707031,0.8254051726996567,-4.293615234718596,1.0
520,SNIa-SS/sn2006gz.p0011.dat,Sc,0.4391723391591179,0.12,0.01,0.8145734055967615,-4.412577976354425,1.0
521,SNIa-SS/sn2001V.m0005.dat,Sc,0.43982108304116413,0.06,0.012853336322487651,0.9151329182955575,-4.400021203554856,1.0
522,SNII/sn1999em.p0003.dat,Sc,0.43996625947337725,0.11,0.029559078710976135,0.7684879916192775,-3.5875616190935378,1.0
523,SLSN-I/snPTF10hgi.p0064.dat,Sc,0.4403908714050826,0.11,0.018861876751829307,0.8018412977799391,-3.8325302875265317,1.0
524,SNII/sn2012aw.p0010.dat,Sc,0.44183137954084506,0.11,0.014653364217115565,0.7906582271559598,-4.104266095919592,1.0
525,SNIa-SS/sn2001eh.m0005.dat,Sc,0.44183467565230855,0.05,0.012250786501642208,0.938580522684424,-4.5,0.9660876741668833
526,SNIa-SS/sn2007S.p0059.dat,Sc,0.4419774567446427,0.1,0.011990155517442003,0.7014591729749232,-4.5,1.0
527,SNIc/sn2004aw.p0025.dat,Sc,0.44214724870112704,0.07,0.014935767060110744,0.6956206442147614,-4.5,1.0
528,SNIa-CN/sn1999ac.p0012.dat,Sc,0.44216279080278365,0.11,0.01,0.8657560608133787,-4.041051586761507,1.0
529,SNIa-BL/sn2003W.m0003.dat,Sc,0.44262757342708814,0.05,0.011651003836379485,0.8839329633139186,-4.5,1.0
530,SNIa-CN/sn2004L.p0027.dat,Sc,0.4429907951930181,0.07,0.011695479389129066,0.7878618729906726,-4.5,1.0
531,SNIa-SS/sn2006gr.m0009.dat,Sc,0.4442210719627339,0.11,0.011636884387838267,0.8170991807540803,-4.429458940241461,1.0
532,SNIc-bl/sn2002ap.p0004.dat,Sc,0.4445970005341932,0.09,0.02972700352400445,0.7974775889801671,-3.145332612787348,1.0
533,SNIa-SS/sn1999gp.max.dat,Sc,0.4455154595184369,0.05,0.011868753409431299,0.905934152477925,-4.5,1.0
534,SNIa-SS/sn1999gp.m0002.dat,Sc,0.4455560273918315,0.04,0.011523590262106432,0.9613964832952484,-4.5,0.9680893179460801
535,SNIc/sn2004fe.p0009.dat,Sc,0.4461678546843093,0.07,0.01,0.8393424076841706,-4.471009445099857,1.0
536,SNIa-SS/sn2005eq.m0004.dat,Sc,0.4464298197547427,0.09,0.011746993929638651,0.8518714120599472,-4.5,1.0
537,SNIc/sn2005az.p0016.dat,Sc,0.447081221697261,0.09,0.012478350604203615,0.6728018050060344,-4.5,1.0
538,SLSN-II/sn2008es.p0082.dat,Sc,0.4476642561990015,0.11,0.010104921525054995,0.7731136185373254,-4.437833995505219,1.0
539,SNIc/sn2005az.m0002.dat,Sc,0.4479877394022796,0.11,0.01,0.7964386052102113,-4.233595636570383,1.0
540,SLSN-II/sn2013hx.p0002.dat,Sc,0.44801244424163067,0.15,0.047357983436218616,0.6998981988745482,-3.151568543859355,0.9549365148038758
541,SNIa-CN/sn1998aq.m0010.dat,Sc,0.4483143438377772,0.06,0.01246289118747417,0.894745011442559,-4.5,1.0
542,SNIa-CN/sn2001fh.p0009.dat,Sc,0.4484539316508144,0.11,0.01,0.72982398869551,-4.458595193798378,1.0
543,SNIa-SS/sn2008ae.p0003.dat,Sc,0.4486205540147193,0.07,0.01133465307278307,0.8381069810813259,-4.5,1.0
544,SNIa-CSM/sn2005gj.p0079.dat,Sc,0.44913188680528904,0.1,0.01,0.7341908279272924,-4.5,1.0
545,SNIIn/sn2005kj.p0006.dat,Sc,0.44929687977662935,0.1,0.020069779718076202,0.6892116601706462,-4.004091608718301,1.0
546,SNIa-SS/sn1998es.m0004.dat,Sc,0.45048129561547656,0.09,0.011769210607101925,0.8373583411065487,-4.5,1.0
547,SNIa-CN/sn1999ac.p0010.dat,Sc,0.45186330504493166,0.11,0.01,0.8689788410326731,-4.081076370208529,1.0
548,SNIa-SS/sn1999dq.m0003.dat,Sc,0.4521897005747972,0.03,0.012771164854534785,0.9423119099647806,-4.5,0.9786982364372787
549,SNIb-nIIb-n/sn2005la.p0018.dat,Sc,0.45249907867892536,0.13,0.011151838814735691,0.8004923723453562,-4.5,1.0
550,SNIa-BL/sn2001N.p0030.dat,Sc,0.45281198561152,0.06,0.01,0.8315667443845206,-4.5,1.0
551,SNIa-SS/sn2002de.m0005.dat,Sc,0.4534381917965125,0.04,0.012740895559257667,0.8837925366067974,-4.5,0.9631078160271043
552,SNIa-SS/sn1999aa.m0002.dat,Sc,0.4544540920231842,0.03,0.01934072671847608,0.9841031122396988,-3.9607977511930366,0.9775286323104968
553,SNII/sn2005cs.p0005.dat,Sc,0.45496244291612026,0.11,0.02872230423462479,0.784767548428404,-3.2918107834572883,1.0
554,SNIa-CL/sn2007al.p0003.dat,Sc,0.45499830176601475,0.11,0.010997535280265798,0.6963875347624936,-4.5,1.0
555,SLSN-I/snPTF12dam.p0048.dat,Sc,0.4551310895006406,0.11,0.018104529615965564,0.8712323755035924,-3.817560973089412,1.0
556,SNIc/sn2007gr.p0008.dat,Sc,0.4553825862141224,0.07,0.01,0.8576392301232685,-4.378399649429199,1.0
557,SLSN-IIn/snPTF10fel.p0069.dat,Sc,0.455407789475684,0.1,0.014237120798387118,0.677773745557224,-4.5,1.0
558,SLSN-I/snSSS120810.p0034.dat,Sc,0.45719883473970635,0.09,0.010299342429696306,0.8527610207974736,-4.166590639988554,1.0
559,SNIa-CN/sn2003ic.p0003.dat,Sc,0.4574712021661578,0.15,0.010691382787098056,0.6881918799812697,-4.5,1.0
560,SNIa-CN/sn2001G.m0005.dat,Sc,0.4576471005758946,0.06,0.012345289014691042,0.9005092415696526,-4.468064017716392,1.0
561,SNIa-CSM/sn2011km.p0005.dat,Sc,0.458104912012777,0.05,0.011686237025749476,0.911248811088164,-4.5,1.0
562,SNIa-SS/sn1999aa.m0004.dat,Sc,0.4584840116526935,0.09,0.0116631864425501,0.8791793565777725,-4.449556889839072,1.0
563,SNIa-CL/sn2007al.p0005.dat,Sc,0.4586703419050615,0.08,0.01,0.8023677313801402,-4.47679061691716,1.0
564,SNIa-CN/sn2003ic.p0005.dat,Sc,0.45883049401968073,0.14,0.01,0.7284239982155538,-4.4920947303186045,1.0
565,SNIIn/sn2005bx.m0015.dat,Sc,0.45892457375433393,0.07,0.012277375688649493,0.8583935854128142,-4.5,1.0
566,SNII/sn2012aw.p0008.dat,Sc,0.46048958835915993,0.11,0.02074750607504361,0.7755597388824665,-3.841270280831216,1.0
567,SNII/sn2005cs.p0017.dat,Sc,0.4618167557618665,0.11,0.01,0.796662637579206,-4.339938496279412,1.0
568,SNIa-CN/sn2003ic.p0004.dat,Sc,0.4622385534900096,0.14,0.011346862923023388,0.7425490895152402,-4.339181354568619,1.0
569,SNIc-bl/sn2003jd.p0054.dat,Sc,0.4625485447283335,0.11,0.01,0.8030371974631381,-4.412609929718966,1.0
570,SNIa-BL/sn2002bf.p0029.dat,Sc,0.46303667833647844,0.06,0.01,0.8424315171972295,-4.46090841091772,1.0
571,SNIa-SS/sn2007S.m0003.dat,Sc,0.46401999928661986,0.04,0.012205409518244142,0.9236703636860697,-4.5,0.9507077412072392
572,SNIa-SS/sn1998ab.p0050.dat,Sc,0.46458456557476463,0.07,0.010755836588692674,0.8396498548046246,-4.5,1.0
573,SNIc-bl/sn1997ef.p0013.dat,Sc,0.4646513342643445,0.09,0.01,0.8376198523718841,-4.377016124495594,1.0
574,SNII/sn1999em.p0007.dat,Sc,0.46481509466507553,0.11,0.012682947510537562,0.8218137178255939,-4.5,1.0
575,SNIa-CN/sn2003ic.p0007.dat,Sc,0.46617192700720106,0.11,0.012060737168032168,0.7781268206612472,-4.292443057835084,1.0
576,SNIa-SS/sn2003hu.p0012.dat,Sc,0.46724998574060383,0.09,0.012332651586439165,0.7784791857724885,-4.457231915700234,0.9719820453968157
577,SNIc-bl/sn2002ap.p0013.dat,Sc,0.46762914319489923,0.04,0.01007724654020031,0.8181314879966817,-4.349446181222102,1.0
578,SNIb-nIIb-n/sn2005la.p0019.dat,Sc,0.468179316478548,0.12,0.01,0.8528078793051084,-4.354416267010674,1.0
579,SNIc/sn2004fe.p0003.dat,Sc,0.46871672679019105,0.08,0.03055828559498761,0.9476235346267066,-2.9055185807889,1.0
580,SNIa-BL/sn2002bf.p0013.dat,Sc,0.4692745371328213,0.11,0.015079961649698615,0.8611395782409017,-3.599997807603423,1.0
581,SNIa-CN/sn2003ic.p0008.dat,Sc,0.470461721325039,0.11,0.010193263070753262,0.7829960554561193,-4.460457410171254,1.0
582,SNIa-SS/sn2003fa.m0007.dat,Sc,0.4706718731986333,0.07,0.013609599053387291,0.8620142090800612,-4.4481690357594275,1.0
583,SNII/sn1999br.p0016.dat,Sc,0.47153468938601906,0.1,0.010191325207005006,0.7927800320692552,-4.5,1.0
584,SNIIb/sn2006el.m0004.dat,Sc,0.47204732473790867,0.11,0.01,0.8193321254871421,-4.461322978533298,1.0
585,SNIa-SS/sn2006S.m0006.dat,Sc,0.47205765795437704,0.06,0.013581255169562212,0.8882544946418751,-4.456924641427726,0.9544952765480716
586,SNIIn/sn2010jl.p0025.dat,Sc,0.47212440928112165,0.1,0.012185079848058325,0.7541177929786353,-4.5,1.0
587,SNIIn/sn2006qq.p0042.dat,Sc,0.47261459028657143,0.1,0.01,0.7333612216298177,-4.471711690892708,1.0
588,SNIa-SS/sn2008Z.m0008.dat,Sc,0.47263059993304074,0.05,0.0145854717905417,0.8534741247951058,-4.5,0.9629551377831934
589,SNIa-CN/sn2008C.p0012.dat,Sc,0.47264794012741124,0.11,0.01,0.8468632698470105,-4.1518624904594335,1.0
590,SNIa-CN/sn2003ic.p0022.dat,Sc,0.4729932015207138,0.09,0.012117869806183616,0.7000560846612222,-4.5,1.0
591,SNIa-CSM/sn2011km.p0303.dat,Sc,0.4748599984610953,0.1,0.01135760435361094,0.6998128481422927,-4.5,1.0
592,SLSN-II/sn2020bfe.m0028.dat,Sc,0.4751903237439922,0.07,0.015278658768204834,0.8509899347855326,-4.5,1.0
593,SNIc/sn2004aw.p0018.dat,Sc,0.47534167693213636,0.07,0.011441395173801274,0.7510659817671549,-4.5,1.0
594,SNIb/sn2004dk.m0018.dat,Sc,0.4763850283583721,0.11,0.010102149653252521,0.8159942199341835,-4.275643666692962,1.0
595,SNII/sn2004et.p0022.dat,Sc,0.47649068364317826,0.1,0.01192787167627415,0.6617861719923326,-4.5,1.0
596,SNIa-CL/sn2007ax.m0002.dat,Sc,0.4770358358470769,0.08,0.011623052660052393,0.7853984979320519,-4.5,1.0
597,SNIa-BL/sn2002bf.p0016.dat,Sc,0.47740179804869926,0.11,0.01,0.7795978422291526,-4.311767642880659,1.0
598,SNIIb/sn1993J.m0003.dat,Sc,0.4774132823143512,0.11,0.01,0.7859266596481042,-4.396053218149512,1.0
599,SNIIn/sn2005kj.p0157.dat,Sc,0.47897301166894884,0.1,0.012057958919654978,0.6669543913341451,-4.5,1.0
600,SNIa-CL/sn2007ax.m0001.dat,Sc,0.47982460071613725,0.12,0.01,0.763141438933457,-4.4277641430193215,1.0
601,SNIa-SS/sn1999gp.p0003.dat,Sc,0.48039264351660044,0.04,0.010294803243385199,0.9846191550199214,-4.5,0.9680893179460801
602,SLSN-I/snSSS120810.p0059.dat,Sc,0.48062830848181504,0.09,0.01315093989046251,0.8223018474834461,-3.9186265225723926,1.0
603,SNIa-SS/sn2006S.m0005.dat,Sc,0.48069935343011033,0.06,0.012490942816907484,0.9038660595171769,-4.5,0.9555566948738953
604,SNIa-SS/sn2005eu.p0008.dat,Sc,0.4809172931797927,0.1,0.01998220805141347,0.8000516061853932,-3.9070757249634687,1.0
605,SNIa-CN/sn2005kc.p0012.dat,Sc,0.4813467123074073,0.11,0.01,0.8703797080539929,-4.045995922684886,1.0
606,SNIa-SS/sn2001V.m0003.dat,Sc,0.48200588551098283,0.03,0.012334412469664376,0.9726427588700265,-4.5,0.9748013281421364
607,SNIa-SS/sn2006gz.p0010.dat,Sc,0.4825674454849501,0.12,0.01,0.815771578485624,-4.434559346719161,1.0
608,SNIa-BL/sn2003W.m0006.dat,Sc,0.4829118206753641,0.05,0.012398319687867905,0.869488124110316,-4.5,1.0
609,SNIa-SS/sn1999dq.p0088.dat,Sc,0.4830425252692705,0.11,0.012710538821955166,0.6875287215951219,-4.410625707881215,1.0
610,SLSN-I/snPTF11rks.p0013.dat,Sc,0.48370505160294147,0.11,0.034727845610976416,0.8002901728578289,-2.976029817410948,1.0
611,SNIb/sn2004gq.m0010.dat,Sc,0.4841253941027156,0.15,0.01,0.7945132442426681,-4.298418658378584,1.0
612,SNIa-SS/sn2006gz.m0009.dat,Sc,0.4843730237480599,0.06,0.01320513700851197,0.89932663291723,-4.5,0.9901239164334289
613,SNIa-SS/sn1998es.m0003.dat,Sc,0.4850958875018503,0.09,0.01159299892920966,0.8501125131220231,-4.5,1.0
614,SNIa-SS/sn2008Z.m0007.dat,Sc,0.48534565990506867,0.05,0.014106746832654286,0.8650228340573622,-4.5,0.9632315380523425
615,SNIa-CN/sn2008C.p0008.dat,Sc,0.4855042057509926,0.12,0.010108624221479243,0.753162827367057,-4.444872284491443,1.0
616,SNIa-CN/sn2002do.p0023.dat,Sc,0.48551666577669306,0.05,0.01,0.9104251372676566,-4.339762275063426,1.0
617,SNIa-BL/sn2007bm.p0010.dat,Sc,0.4869287249579221,0.11,0.01,0.8563423311830608,-4.061656935409809,1.0
618,SNIa-SS/sn2006gz.p0009.dat,Sc,0.4869502670144734,0.14,0.010325761180546029,0.7852067190862063,-4.362939026523403,1.0
619,SNIIn/sn2000P.p0014.dat,Sc,0.4877127451567198,0.11,0.010657199381372249,0.8496943984820332,-4.5,1.0
620,SNIc/sn2007gr.p0009.dat,Sc,0.48898280030531854,0.07,0.01,0.8510516231296976,-4.388354328646068,1.0
621,SNIa-SS/sn2006gz.m0012.dat,Sc,0.49036760748184655,0.11,0.013822074846133695,0.7577767423349671,-4.40315052557579,1.0
622,SNIa-SS/sn2000cx.p0007.dat,Sc,0.49057678251632103,0.06,0.010218335225167331,0.9616493848421225,-4.5,1.0
623,SNIa-SS/sn1999aa.m0003.dat,Sc,0.4907774623853251,0.09,0.011162522898148201,0.8772498591517321,-4.5,1.0
624,SNIa-SS/sn1999dq.max.dat,Sc,0.49079409679880254,0.05,0.01107934472654732,0.9312730840758355,-4.5,1.0
625,SLSN-I/sn2007bi.p0050.dat,Sc,0.4922117725559512,0.13,0.014576730347256305,0.8382544573540919,-3.9967100255255765,1.0
626,Gap/sn2007sv.p0044.dat,Sc,0.49222626127456826,0.07,0.0151242228772401,0.5948337302113365,-4.5,1.0
627,SNIa-BL/sn2001gc.p0005.dat,Sc,0.49244789779118875,0.13,0.01,0.8144608820390234,-4.143377107258864,1.0
628,SNIa-BL/sn1997bq.p0011.dat,Sc,0.4938309969018862,0.11,0.010570150057230625,0.9227702021548565,-3.6984939707885878,1.0
629,SNIa-SS/sn2005eu.p0010.dat,Sc,0.4940228098171088,0.14,0.010764016948326556,0.8064059526600017,-4.24231229407625,1.0
630,SNIa-BL/sn1997do.p0008.dat,Sc,0.4941528767421723,0.12,0.01395879512145223,0.8705988626771488,-3.6824058744500805,1.0
631,SNIa-BL/sn2002bf.p0014.dat,Sc,0.49478784241540097,0.11,0.01,0.884191931040792,-3.9445921960367243,1.0
632,SNIIn/sn2010jl.p0021.dat,Sc,0.49515366633619173,0.1,0.01295601540777481,0.7032102154245681,-4.5,1.0
633,SNIa-SS/sn2005M.m0002.dat,Sc,0.4954565955986934,0.05,0.012909939494725957,0.9237002401784463,-4.5,0.9576981130562399
634,SNIa-BL/sn2001gc.p0007.dat,Sc,0.4958632958967631,0.12,0.012031441778525791,0.8240202571209834,-3.9188028738839593,1.0
635,SNII/sn1999em.p0026.dat,Sc,0.49601880570280427,0.1,0.01,0.8124423937385724,-4.428376322140071,1.0
636,SLSN-I/snPTF10hgi.p0113.dat,Sc,0.49657745629109945,0.11,0.01,0.8439540442929769,-4.281140286997077,1.0
637,Gap/snLSQ13zm.p0013.dat,Sc,0.49671724700079156,0.1,0.04426741948712486,0.7197613708345845,-3.2557457946518307,1.0
638,SNIa-CN/sn2008C.p0042.dat,Sc,0.4970871165651205,0.06,0.012803518829933516,0.7614560922492427,-4.5,1.0
639,SLSN-II/sn2020hgr.p0092.dat,Sc,0.4972325080833706,0.1,0.010196713494517316,0.6747710044135816,-4.5,1.0
640,SNII/sn2012aw.p0013.dat,Sc,0.49865506166862245,0.11,0.011825557055558959,0.8053502305663148,-4.5,1.0
641,SNIa-CN/sn2001br.p0053.dat,Sc,0.4991002099275441,0.1,0.012603419033790045,0.6589701609133721,-4.5,1.0
642,SNIa-SS/sn1999aa.m0000.dat,Sc,0.499460442772957,0.05,0.010869408906043872,0.9592758213809058,-4.5,1.0
643,SNIc-bl/sn1998bw.p0045.dat,Sc,0.4995280419667964,0.11,0.010088095370550535,0.8047760916633385,-4.042614224182817,1.0
644,SNIIn/sn2006aa.p0075.dat,Sc,0.5003137493332519,0.1,0.015475670174716684,0.8171035409261401,-3.9436980781809994,1.0
645,SNIIn/sn2005gl.p0037.dat,Sc,0.5005328535362011,0.1,0.011825893278246605,0.7938799809112508,-4.021083882957129,1.0
646,SNIa-SS/sn2006gz.m0013.dat,Sc,0.5006812334566544,0.11,0.012146051372015687,0.7765460181688489,-4.5,1.0
647,Gap/sn2001ac.p0013.dat,Sc,0.5014568501244905,0.15,0.015830308667226966,0.61406965640684,-4.234413652725007,1.0
648,SNIa-SS/sn2006gz.m0011.dat,Sc,0.5033112645525384,0.06,0.013670556677888756,0.864035932634311,-4.5,0.9885208464877271
649,SNIa-SS/sn2007S.m0001.dat,Sc,0.5034760405671292,0.04,0.011054088475258777,0.9381082496879066,-4.5,0.9507077412072392
650,SNIa-CN/sn2006le.m0009.dat,Sc,0.5035939264158884,0.05,0.013946389274578922,0.8553839106281498,-4.5,0.9742875488183064
651,SNIc/sn2004aw.p0024.dat,Sc,0.5039207153738308,0.09,0.012145959520062697,0.6168497357338866,-4.5,1.0
652,SNIb-pec/sn2009er.m0002.dat,Sc,0.5044093095776158,0.12,0.019580701180135655,0.8163834989283502,-3.8427825493324335,1.0
653,SNIa-BL/sn1997do.p0010.dat,Sc,0.5045348189369347,0.12,0.01,0.8882681395795367,-3.9191241028611246,1.0
654,SNIa-SS/sn2001eh.m0000.dat,Sc,0.5046182573083865,0.05,0.010739880017159583,0.9640257406002822,-4.5,0.9660876741668833
655,SLSN-I/snPTF10hgi.p0100.dat,Sc,0.5049030767875845,0.11,0.01,0.8578920699575597,-4.433952141571403,1.0
656,SLSN-IIn/sn2006gy.p0052.dat,Sc,0.5050190048654456,0.08,0.020035023263097702,0.4637820195882308,-4.5,1.0
657,SNIa-CN/sn2006le.m0007.dat,Sc,0.5053374003102787,0.05,0.013129873505681698,0.8684424085385994,-4.5,0.9742875488183064
658,SNIa-CN/sn2001fh.p0007.dat,Sc,0.5053937234667336,0.11,0.014606559197105642,0.5876754525163709,-4.455520563419728,1.0
659,SNIa-CN/sn1999ac.m0003.dat,Sc,0.5056537603804269,0.15,0.01060810893956521,0.8388101698679411,-4.023458474677331,1.0
660,SNIa-BL/sn2003W.p0021.dat,Sc,0.5058918970266973,0.09,0.01089359829261196,0.8479327112965214,-4.036049066157888,1.0
661,SNIc/sn1994I.p0003.dat,Sc,0.5067788037826575,0.09,0.01,0.8300509405593478,-4.173984302484116,1.0
662,SNIc/sn2004gt.p0070.dat,Sc,0.5071362414150918,0.14,0.011657689882720016,0.7312836394785657,-4.5,1.0
663,SNIa-BL/sn2006cj.p0011.dat,Sc,0.5077150908629342,0.13,0.01,0.8302124965985751,-4.3608410944958855,1.0
664,SNIa-CN/sn2007F.m0006.dat,Sc,0.5089556962685885,0.06,0.013154085656637773,0.8938568373462557,-4.5,0.9888162928258428
665,SNIa-BL/sn2006cj.p0009.dat,Sc,0.5090477385591283,0.14,0.010014509276318974,0.7979882925303842,-4.354922695153418,1.0
666,SNIa-BL/sn2001E.p0008.dat,Sc,0.5094643671497567,0.13,0.01,0.8123726812537198,-4.115029522708292,1.0
667,SNIa-CL/sn2006H.p0007.dat,Sc,0.5098846470303114,0.08,0.01,0.7805480234776961,-4.474095773325512,1.0
668,SNIb/sn2004gq.m0009.dat,Sc,0.5103577256001095,0.15,0.010853831530909356,0.7918077078989688,-4.22925252243041,1.0
669,SNIa-SS/sn2001V.p0010.dat,Sc,0.5107893213594605,0.13,0.01,0.8710906023457154,-4.062828313943258,1.0
670,SNIa-CN/sn2003du.m0010.dat,Sc,0.5111057252637681,0.05,0.011912224318237855,0.9232787840961528,-4.5,1.0
671,SNIa-CN/sn2003du.m0009.dat,Sc,0.51140713435283,0.04,0.012014801929505025,0.9444105539630938,-4.5,1.0
672,SNIIn/sn2000P.p0002.dat,Sc,0.511572392769799,0.1,0.037806314767704914,0.7498966088812,-3.432169373735212,1.0
673,SLSN-II/sn2019cqc.p0010.dat,Sc,0.5116877418264183,0.15,0.0808498058667282,0.6523951016007365,-2.7528823473394253,0.990442176092229
674,SNIb-pec/sn2007uy.m0013.dat,Sc,0.5120419703781436,0.04,0.013749286214846952,0.8929016529025966,-4.5,0.9801857883629927
675,SNIa-SS/sn2006gz.m0008.dat,Sc,0.5121924013724064,0.06,0.013500253314563346,0.879912904659932,-4.5,0.9895877360420336
676,SNIb-pec/sn2009er.m0006.dat,Sc,0.5124066701118365,0.17,0.03643661581080442,0.7534130992320702,-3.121013955515072,1.0
677,SNIa-SS/sn1999gp.p0007.dat,Sc,0.5131713854722155,0.05,0.010690350545093038,0.9342810325595906,-4.5,1.0
678,SNIa-BL/sn1999gh.p0008.dat,Sc,0.5146764051953239,0.11,0.01,0.8988440345228219,-3.9497038037917727,1.0
679,SNIb-pec/sn2009er.max.dat,Sc,0.514775267962619,0.12,0.015875270944899895,0.8151936259421082,-4.078823826329415,1.0
680,SNIa-BL/sn2001ay.p0007.dat,Sc,0.5156997869946266,0.13,0.010049501344526838,0.8719787640404967,-4.182191371340224,1.0
681,SNIa-SS/sn1999gp.p0005.dat,Sc,0.5158357110247067,0.04,0.010016426307713117,0.9810271689190767,-4.5,0.9680893179460801
682,SNIa-CN/sn2004L.p0022.dat,Sc,0.5165155000420776,0.07,0.010807650825965952,0.799866045265198,-4.5,1.0
683,SNIa-CN/sn2005kc.p0010.dat,Sc,0.5166089846630123,0.11,0.01,0.8493460159856104,-4.211984365562634,1.0
684,SNIa-SS/sn1999dq.p0002.dat,Sc,0.5168557088831138,0.05,0.01078680284778405,0.9309907780371712,-4.5,1.0
685,SNIa-CL/sn2006hb.p0012.dat,Sc,0.5171089086455988,0.11,0.011021629362636542,0.9289199417467379,-3.890968842228246,1.0
686,SNIa-SS/sn2008Z.m0006.dat,Sc,0.5174965156755609,0.06,0.014815670220760602,0.8471942193152516,-4.416944810293899,1.0
687,SNIa-SS/sn1999dq.p0058.dat,Sc,0.5178246652276035,0.09,0.010082356738592658,0.7651022762539371,-4.5,1.0
688,SNIa-CN/sn1999ac.m0004.dat,Sc,0.5178853198970533,0.15,0.013542138131901856,0.8326181710892645,-3.771494359213237,1.0
689,SNIa-SS/sn2001eh.m0002.dat,Sc,0.5189100145064051,0.05,0.011199326186680833,0.9527208489626824,-4.5,0.9660876741668833
690,SNIb/sn2006ep.m0008.dat,Sc,0.518995806777161,0.11,0.01,0.8283931662763978,-4.488177132907973,1.0
691,SNIb-nIIb-n/sn2005la.p0020.dat,Sc,0.5190397766935335,0.11,0.01000868543331248,0.8711595595283563,-4.4463850450632405,1.0
692,SNIa-SS/sn2006gr.p0009.dat,Sc,0.5191802982611258,0.12,0.01,0.857986545464276,-4.212254276611015,1.0
693,SNIa-CN/sn1999ac.p0009.dat,Sc,0.5193123918890226,0.11,0.01,0.8827118719564333,-4.036147299370987,1.0
694,SNIa-SS/sn1999dq.p0033.dat,Sc,0.5195152162446391,0.06,0.010061434152097575,0.840836993445156,-4.5,1.0
695,SNIa-CL/sn2006H.p0008.dat,Sc,0.5195205639285837,0.07,0.01,0.8133974438259244,-4.457035953662284,1.0
696,SNIc/sn2004aw.p0023.dat,Sc,0.5195491252589566,0.07,0.012191078019312991,0.7387868789270615,-4.5,1.0
697,SNIa-SS/sn1999dq.p0001.dat,Sc,0.5202279910511742,0.05,0.010703008489802027,0.9350923022064594,-4.5,1.0
698,SNIb/sn2004gq.m0008.dat,Sc,0.5204999604173844,0.15,0.01,0.7996181482412483,-4.2975001141208296,1.0
699,SNIc/sn1994I.p0006.dat,Sc,0.5218532679094086,0.1,0.01,0.7219912563664156,-4.227970231342492,1.0
700,Gap/sn2002kg.p0399.dat,Sc,0.5219105733007761,0.1,0.013976443306321472,0.8093241322700603,-4.339814672835941,1.0
701,SNIIn/sn2000P.p0001.dat,Sc,0.5219494534055666,0.1,0.04215876245615971,0.7433331516183066,-3.3390664243153894,1.0
702,SNIa-BL/sn2002bf.p0015.dat,Sc,0.5219550352744837,0.11,0.01,0.8467806710748732,-4.0684888237564945,1.0
703,SNIa-SS/sn2008Z.m0005.dat,Sc,0.5220267940381554,0.06,0.013315927641402723,0.8640398984639519,-4.5,1.0
704,SNII/sn2005cs.p0014.dat,Sc,0.52272388581155,0.11,0.01,0.8206376142685922,-4.276731741930371,1.0
705,SNIa-CL/sn1999by.m0005.dat,Sc,0.5227660839646981,0.15,0.011548086379813647,0.8047060735006348,-4.123036912078091,1.0
706,SNIb-pec/sn2009er.m0005.dat,Sc,0.5231028632521502,0.16,0.026229606655087945,0.7589185724214083,-3.4729512388991464,1.0
707,SNIIn/sn2000P.p0018.dat,Sc,0.5238439785024699,0.11,0.011194108187654738,0.8282293085774612,-4.5,1.0
708,SNIc/sn1994I.p0001.dat,Sc,0.5238581538914086,0.11,0.011669035605960196,0.7884318828768152,-4.057461477419445,1.0
709,SNIc/sn2007gr.p0010.dat,Sc,0.5239187468730202,0.09,0.011228334605916645,0.8091691803034385,-4.190427641656993,1.0
710,SNIb/sn2009jf.m0002.dat,Sc,0.5240291148949875,0.11,0.01,0.8418332568212633,-4.256700748297116,1.0
711,SNIa-SS/sn2006gr.m0010.dat,Sc,0.5242010969084668,0.11,0.010573586065008578,0.8321730262961854,-4.5,1.0
712,SNIa-SS/sn2002de.p0002.dat,Sc,0.5246803458773672,0.05,0.010944515466308624,0.9198714074354866,-4.5,0.9796150285158272
713,SNIa-CL/sn1999by.m0004.dat,Sc,0.5254397356411515,0.15,0.01,0.8028653324285087,-4.225424695181227,1.0
714,SNIa-SS/sn2006gr.m0008.dat,Sc,0.525979807836747,0.07,0.01494151873166079,0.8039330648841009,-4.451871537935894,0.982066396953306
715,SNIa-SS/sn2007S.p0013.dat,Sc,0.5261203488109882,0.11,0.011111147022781955,0.8610483180317887,-4.010227414308304,1.0
716,SNIa-CN/sn2006cf.p0031.dat,Sc,0.5264646625222762,0.07,0.012443657292696163,0.7345574589160642,-4.5,0.9519282380819917
717,SNIb/sn2004gq.m0007.dat,Sc,0.5272119465585291,0.15,0.01,0.8041289430580999,-4.2915442239347765,1.0
718,SNIb/sn2009jf.p0001.dat,Sc,0.5274485682571457,0.11,0.01,0.8327512122358587,-4.256888011394703,1.0
719,SNIa-CSM/sn1999E.p0007.dat,Sc,0.5276247906060882,0.1,0.011754218067497758,0.667091095182285,-4.5,1.0
720,SNIb/sn2009jf.m0001.dat,Sc,0.5279849569929927,0.11,0.010047480017731047,0.8357530231243937,-4.258135206051717,1.0
721,SNIa-SS/sn1998es.m0001.dat,Sc,0.5280088837519558,0.05,0.011500288614605688,0.9478839894568061,-4.5,0.950896498589924
722,SNII/sn2005cs.p0012.dat,Sc,0.5283126121293984,0.11,0.01,0.8515892206726254,-4.3467575178617315,1.0
723,SNII/sn2012aw.p0029.dat,Sc,0.5285831248844701,0.11,0.01,0.8007079596212694,-4.307648826455152,1.0
724,SNIa-CN/sn2004bk.p0006.dat,Sc,0.528787674795573,0.13,0.011285441864618122,0.8335851897859696,-4.15502414864579,1.0
725,SNIa-SS/sn2005M.max.dat,Sc,0.5291393800887341,0.08,0.011869670495955683,0.869797136634536,-4.5,1.0
726,SNIa-CL/sn2007al.p0004.dat,Sc,0.5292733848702388,0.08,0.01,0.7910895313885449,-4.493793674069642,1.0
727,SNIa-BL/sn2002dj.m0010.dat,Sc,0.5309538304257109,0.11,0.012225904116339963,0.7162568789534715,-4.5,1.0
728,SLSN-I/sn2011kf.p0024.dat,Sc,0.5310840924195523,0.08,0.015239390134673422,0.9459528874661127,-4.0092062390963115,0.9634590878267458
729,SNIa-BL/sn2001ay.p0004.dat,Sc,0.531731877036518,0.14,0.01,0.8505098273445294,-4.204457282438449,1.0
730,SNIa-BL/sn1994T.p0001.dat,Sc,0.5319289897012844,0.04,0.01,0.975786031964034,-4.070616380211373,1.0
731,SNIa-CN/sn2003du.m0011.dat,Sc,0.5320803933120161,0.05,0.012109421024555426,0.9163121493218305,-4.5,1.0
732,SNIa-SS/sn2001az.m0003.dat,Sc,0.5327232524966429,0.05,0.01154150038342906,0.9365615089628407,-4.5,0.9524519275555282
733,SNIa-SS/sn2006gz.p0008.dat,Sc,0.5328685338672285,0.14,0.01,0.7905229951233104,-4.372806448827966,1.0
734,SNIa-CSM/sn2011km.p0012.dat,Sc,0.5329883889700497,0.11,0.011585869727689007,0.8702673094846077,-3.8632804950529565,1.0
735,SNIb-pec/sn2009er.p0002.dat,Sc,0.5330728398312737,0.12,0.01,0.8203466530372511,-4.482046062880196,1.0
736,SNIa-CL/sn2006hb.p0011.dat,Sc,0.533167162841091,0.11,0.011921484828612513,0.9139499226422559,-3.8535855376855563,1.0
737,SNIa-CL/sn2002es.p0009.dat,Sc,0.5333168914564449,0.06,0.01,0.8619453963893622,-4.467578311863089,1.0
738,SNIIb/sn1998fa.m0006.dat,Sc,0.5333853193114557,0.11,0.010965926379219724,0.7983859455708543,-4.5,1.0
739,SNIa-BL/sn2001gc.p0004.dat,Sc,0.5334718826964007,0.13,0.01,0.822744910841949,-4.120279248490746,1.0
740,SNIa-BL/sn2003W.m0000.dat,Sc,0.5343415708575073,0.05,0.01,0.9445551123486304,-4.465498902260345,1.0
741,SNIa-SS/sn2002de.p0009.dat,Sc,0.5353134036789543,0.13,0.01,0.808157163533067,-4.292838014446412,1.0
742,SNIa-CN/sn2006le.m0008.dat,Sc,0.5360808775656852,0.05,0.013547835734708798,0.8680157909034356,-4.5,0.9742875488183064
743,SNIa-BL/sn2001ay.p0009.dat,Sc,0.536555055519646,0.12,0.01,0.8870668007402848,-4.167129431783985,1.0
744,SNIb-pec/sn2009er.m0003.dat,Sc,0.5374625853883293,0.16,0.015062576352584862,0.785852903973687,-3.9729542630659753,1.0
745,SNIa-CN/sn2001fe.m0002.dat,Sc,0.5382009485934051,0.04,0.010451771725738449,0.9960889668173681,-4.5,1.0
746,SNIa-BL/sn2005am.p0012.dat,Sc,0.5383274938644692,0.11,0.01496505418787924,0.9110716687277954,-3.510689475398852,1.0
747,SNIa-CSM/sn2002ic.p0057.dat,Sc,0.538543674580431,0.1,0.010134430766563656,0.774892254265874,-4.054036823436343,1.0
748,SNIa-BL/sn2006cj.p0005.dat,Sc,0.5392371821590439,0.1,0.013771338983176486,0.7043673595191852,-4.5,0.9651389837939685
749,SNIa-SS/sn2007S.p0064.dat,Sc,0.5393585940012643,0.07,0.01182478748102577,0.7841100567506064,-4.5,1.0
750,Gap/snLSQ13zm.p0578.dat,Sc,0.5408265121928262,0.1,0.011076928124096419,0.763929089365312,-4.5,1.0
751,SNIa-CN/sn2007F.m0008.dat,Sc,0.5412969441005853,0.06,0.014013938441799477,0.8677927594289372,-4.5,0.9850739725430439
752,SNIa-CN/sn2003kf.m0007.dat,Sc,0.5415662348199157,0.04,0.012247669162449395,0.926344783088687,-4.5,1.0
753,SNIa-SS/sn1999dq.p0046.dat,Sc,0.5415678075568847,0.09,0.011216797480055591,0.7151385407515869,-4.5,1.0
754,SNIc-bl/sn2003jd.p0055.dat,Sc,0.5425143399999877,0.11,0.01,0.8169267564337696,-4.400705824263086,1.0
755,SNIc/sn1994I.p0038.dat,Sc,0.5426928350913593,0.11,0.01,0.7932652117565231,-4.345111934608799,1.0
756,Gap/snLSQ13zm.p0042.dat,Sc,0.5433523289245027,0.11,0.01111231294444526,0.7247300645995586,-4.425667530171485,1.0
757,SNIa-SS/sn1999dq.p0005.dat,Sc,0.5436467604952653,0.05,0.010883806540807561,0.9369139740275766,-4.5,1.0
758,SNIa-CN/sn2003kf.m0008.dat,Sc,0.5438586233871383,0.04,0.013430532337787652,0.8918788154805058,-4.459182635759914,1.0
759,SNIa-SS/sn2002hu.m0005.dat,Sc,0.5438889286262094,0.05,0.01274520752011932,0.931839447150894,-4.5,0.9649441357984424
760,SNIa-SS/sn2002hu.m0004.dat,Sc,0.5443392507785608,0.05,0.012615150871782159,0.9189593288819452,-4.5,0.9649441357984424
761,SLSN-I/snPTF12dam.p0058.dat,Sc,0.5444317225646309,0.11,0.01,0.8585538773578654,-4.357159851704237,1.0
762,SNIa-CN/sn2003ic.m0004.dat,Sc,0.5444989878276216,0.09,0.01310609643951844,0.7586540620498914,-4.5,1.0
763,SNIa-SS/sn1998ab.p0008.dat,Sc,0.5448053148846802,0.13,0.01,0.834747370859853,-4.292121842279248,1.0
764,SNIc-bl/sn1998bw.p0051.dat,Sc,0.5449658667117993,0.11,0.01,0.8606932234062105,-4.087922385486408,1.0
765,SNIb/sn2004gq.m0006.dat,Sc,0.5459469979132993,0.15,0.01,0.788906205176291,-4.334822732871352,1.0
766,SNIa-CN/sn2002fk.m0003.dat,Sc,0.5461203892508302,0.05,0.012108472697538442,0.9358331903714247,-4.453884327249165,1.0
767,SNIa-CN/sn2007F.m0007.dat,Sc,0.5466470193849783,0.06,0.013723148015929809,0.8866933055550305,-4.5,0.9882801124344476
768,SNIa-SS/sn2002cx.p0011.dat,Sc,0.5467822615695901,0.09,0.01,0.8395799162519774,-4.283967458079946,1.0
769,SNIa-SS/sn1998ab.p0017.dat,Sc,0.5471022122858963,0.1,0.01,0.8751136942091774,-4.123192492542518,1.0
770,SLSN-I/snPTF12dam.p0215.dat,Sc,0.5472945730752184,0.13,0.0100218233651767,0.8250157139246771,-4.480512987909569,1.0
771,SNIa-SS/sn2006gr.m0007.dat,Sc,0.547298689051689,0.11,0.012793910969855738,0.7786455554021581,-4.4168343498880285,1.0
772,SNIa-BL/sn1997do.p0012.dat,Sc,0.5481883658997239,0.11,0.030591565531752907,0.8904497234716461,-2.6942251376621313,1.0
773,SNIa-CL/sn2006H.p0019.dat,Sc,0.5484695754173304,0.06,0.011351654691918086,0.8004910245346515,-4.5,0.9976577980553781
774,SNIa-SS/sn2002de.p0003.dat,Sc,0.5493319023757133,0.05,0.011422721481998103,0.8982671335319231,-4.5,1.0
775,SNIa-BL/sn1997do.p0011.dat,Sc,0.5496025089458955,0.11,0.033948424722747,0.8824328355657021,-2.6375217211666695,1.0
776,SNIa-SS/sn2001V.p0011.dat,Sc,0.5496790916920399,0.12,0.018126011705691822,0.8866451019721296,-3.3871242602358533,1.0
777,SNIc-bl/sn2006aj.p0198.dat,Sc,0.5496868982214895,0.15,0.01,0.6487640236445054,-4.435567852447277,1.0
778,SNIa-CN/sn2001cp.m0004.dat,Sc,0.5499586045019142,0.04,0.012111199735630433,0.9504347515350245,-4.5,0.9846710630190517
779,SNIa-BL/sn2001N.p0003.dat,Sc,0.5507214867380676,0.14,0.01,0.7422989685651848,-4.343556251345539,1.0
780,SNIIn/sn2000P.p0021.dat,Sc,0.5510432493567704,0.11,0.010477155795335051,0.8353598967419046,-4.5,1.0
781,SNIb/sn2009jf.m0005.dat,Sc,0.5518581823845944,0.11,0.01,0.865549583926008,-4.295499553670324,1.0
782,SNII/sn2002gd.p0031.dat,Sc,0.5522308145531138,0.09,0.01,0.8319064742674379,-4.327550614303263,1.0
783,SNIa-CN/sn1998aq.m0009.dat,Sc,0.5530146838768449,0.1,0.013705382758038561,0.8013983382166672,-4.389098823297798,1.0
784,SNIa-SS/sn2008Z.m0004.dat,Sc,0.5546947496350337,0.05,0.012977276552132558,0.8940081283802466,-4.5,0.9634808402558889
785,SNIa-CSM/sn1999E.p0024.dat,Sc,0.5559997471522578,0.1,0.010208112731308646,0.7805934972185389,-4.5,1.0
786,SNIa-SS/sn1998ab.p0019.dat,Sc,0.5562270243585873,0.09,0.01,0.8749366050250772,-4.213557377658555,1.0
787,SNIa-CL/sn2002es.p0002.dat,Sc,0.5564489534515645,0.07,0.010955496256218649,0.8420138404280152,-4.5,1.0
788,SNIa-BL/sn1995al.p0008.dat,Sc,0.5568834113583782,0.13,0.01,0.8561191918022951,-4.054793258205831,1.0
789,SNIa-BL/sn2003kc.m0008.dat,Sc,0.556903989363696,0.05,0.012243304118316695,0.8851333650414187,-4.5,0.980194927119728
790,SNIa-CN/sn2004L.p0028.dat,Sc,0.5569607395320901,0.06,0.010068351957175177,0.8479540151568401,-4.5,1.0
791,SNIa-BL/sn2002bo.p0010.dat,Sc,0.5573977549678446,0.11,0.01,0.9090169089060892,-3.7850656333278265,1.0
792,SNIa-BL/sn2003W.p0001.dat,Sc,0.5575315116951758,0.05,0.01,0.9495534424916263,-4.432802125312115,1.0
793,SNIa-CSM/sn2011km.p0030.dat,Sc,0.557761714936446,0.09,0.01,0.7971539698400836,-4.273451308402494,1.0
794,SNIa-SS/sn1998es.m0002.dat,Sc,0.5579185020349087,0.09,0.012567891617260405,0.8333989045877362,-4.455940785735507,1.0
795,SNIa-BL/sn2002dj.p0010.dat,Sc,0.5587450366411578,0.12,0.01,0.906303736736983,-3.78620560119007,1.0
796,SNIa-CN/sn2006cf.p0003.dat,Sc,0.5593682893381848,0.15,0.01,0.7501008332374675,-4.437581987022897,1.0
797,SNIa-CN/sn1999ac.m0001.dat,Sc,0.5593950830664208,0.04,0.011477365462429705,0.9609277679015819,-4.5,1.0
798,SNIc/sn2004aw.p0017.dat,Sc,0.5594839451204626,0.05,0.012681573594355742,0.772110470809352,-4.470035558515833,1.0
799,SNIa-SS/sn2002de.m0006.dat,Sc,0.559501989719076,0.06,0.011442430077298017,0.9185437384905865,-4.5,1.0
800,SNII/sn2006bp.p0016.dat,Sc,0.5597353211425743,0.12,0.01,0.7394804428010399,-4.473240774305766,1.0
801,SNII/sn1999br.p0031.dat,Sc,0.5599059033906947,0.09,0.01,0.7763596269497322,-4.37743709943361,1.0
802,SNIIn/sn2005db.p0141.dat,Sc,0.5608009602731993,0.11,0.010741726026614256,0.8300671956157197,-4.5,1.0
803,SNIa-SS/sn1999dq.p0003.dat,Sc,0.5608143965048001,0.05,0.010381138959747667,0.9321112422727392,-4.5,1.0
804,SNIa-BL/sn2007le.p0010.dat,Sc,0.5609449659846091,0.12,0.01,0.8747593767000372,-3.95157863713133,1.0
805,SNIa-CN/sn2001fe.max.dat,Sc,0.5615816856401242,0.05,0.010144604516876042,0.9755913025494403,-4.5,1.0
806,SNIa-CL/sn1998de.m0006.dat,Sc,0.562060303832938,0.14,0.01,0.8111798580784598,-4.19179964542119,1.0
807,SNIa-BL/sn1996Z.p0008.dat,Sc,0.5630991473380764,0.12,0.01,0.8342273496844786,-3.824624253152416,1.0
808,SNIa-CN/sn2008C.p0010.dat,Sc,0.5638769255268822,0.11,0.011142727956246868,0.8834491305263161,-3.7282133048731274,1.0
809,SNIa-CN/sn1994S.m0004.dat,Sc,0.5640874625475224,0.04,0.01109798603796377,0.9665103138265625,-4.5,1.0
810,SNIa-SS/sn2001eh.p0004.dat,Sc,0.5642332024128925,0.05,0.010259557821663679,0.975458436889136,-4.5,0.9660876741668833
811,SNIa-CN/sn2007F.m0002.dat,Sc,0.5652906452757206,0.05,0.011564810582577705,0.9588188404628795,-4.5,0.95142762067574
812,SNIIn/sn2015da.m0001.dat,Sc,0.5653464059074174,0.1,0.018205297572116558,0.46956023619892656,-4.5,1.0
813,SNIa-CN/sn2005mc.m0002.dat,Sc,0.5656269446905207,0.15,0.010612103246175314,0.6766401935672999,-4.5,1.0
814,SNIa-SS/sn2001eh.p0003.dat,Sc,0.5661241794576329,0.05,0.010112084501640337,0.9788473170314959,-4.5,0.9660876741668833
815,SNIc/sn1990B.p0100.dat,Sc,0.5662328014841297,0.14,0.016860099541942182,0.4680378462560782,-4.5,1.0
816,SNIa-CN/sn2001cp.m0005.dat,Sc,0.5665774425380712,0.04,0.015044972194019292,0.9353675207263332,-4.289026437404548,0.9846710630190517
817,SNIa-BL/sn1999ej.p0011.dat,Sc,0.5673189777137253,0.11,0.01,0.9089033282236747,-4.00732481419872,1.0
818,SNIa-SS/sn2003hu.max.dat,Sc,0.56734258215762,0.15,0.01,0.7783254115440565,-4.383311419694926,1.0
819,SNIa-CN/sn2000dg.p0003.dat,Sc,0.5674453009406927,0.15,0.01,0.7596005583450847,-4.407946475988816,1.0
820,SNIa-BL/sn2002dp.p0010.dat,Sc,0.5676072894457512,0.11,0.014421759484654028,0.9036889524951403,-3.627235598931277,1.0
821,SLSN-I/snLSQ12dlf.p0043.dat,Sc,0.5682659890638789,0.11,0.01,0.8168295791525308,-4.258027127354532,1.0
822,SNIa-SS/sn2003hu.p0008.dat,Sc,0.5688419072891288,0.09,0.011563422732521774,0.8298048488745843,-4.5,0.9719820453968157
823,SNIa-CN/sn1998aq.m0001.dat,Sc,0.5689180918197364,0.05,0.010399111985371832,0.972838369823385,-4.5,1.0
824,Gap/sn2017jfs.p0009.dat,Sc,0.5691738830029462,0.1,0.01,0.8312691223533176,-4.40135868938799,1.0
825,SNIa-CL/sn2007hj.p0008.dat,Sc,0.569761556505136,0.11,0.010920240614367615,0.8616384791294811,-3.6819082864368946,1.0
826,SNIa-BL/sn2007kk.p0010.dat,Sc,0.5703007843975526,0.12,0.010053610751289792,0.8919459861271403,-3.9970980922968593,1.0
827,SNIa-CN/sn2004at.m0009.dat,Sc,0.5710630628727071,0.04,0.012120711522201785,0.9352177195797029,-4.5,0.985057558857593
828,SLSN-II/sn2008es.p0080.dat,Sc,0.5717036465329327,0.11,0.010392201839133612,0.7439151855336924,-4.5,1.0
829,SNIa-CN/sn2004L.p0002.dat,Sc,0.5717819776110632,0.15,0.010297743135942868,0.7182809390099291,-4.446928577755776,1.0
830,SNIa-CN/sn2003kf.m0009.dat,Sc,0.5718413203822902,0.04,0.01,0.8914875001775929,-4.416671744306612,1.0
831,SNIa-CN/sn2000fa.m0010.dat,Sc,0.5721085380510801,0.11,0.01,0.8518456886217226,-4.455947743377026,1.0
832,SNIa-BL/sn2003kc.p0015.dat,Sc,0.5722108073355502,0.11,0.01,0.8539598385376207,-4.1479613585770405,1.0
833,Gap/sn2019abn.m0024.dat,Sc,0.5723007154836923,0.12,0.018439573460523568,0.4882169499356781,-4.5,1.0
834,SNIa-BL/sn2003W.m0002.dat,Sc,0.5724291791398819,0.05,0.01,0.9530238599582243,-4.482771673039419,1.0
835,SNIa-CN/sn2001cp.m0007.dat,Sc,0.5726551581629913,0.04,0.01585771272331121,0.88855910443733,-4.3316667587178,0.9846710630190517
836,SNIa-BL/sn2001da.p0008.dat,Sc,0.572961896159363,0.12,0.01,0.8461094933983861,-4.146204323431546,1.0
837,SNII/sn1999em.p0009.dat,Sc,0.5730351574066821,0.11,0.01230508464383809,0.797701465793068,-4.5,1.0
838,SNIa-CN/sn1994D.m0006.dat,Sc,0.5732255955025706,0.04,0.01011538750610699,0.999480433708701,-4.5,1.0
839,SNIa-SS/sn1998ab.p0018.dat,Sc,0.5734700099513174,0.09,0.010439332378131359,0.8915524677142496,-4.079691447326976,1.0
840,SNII/sn2012aw.p0017.dat,Sc,0.5736501599200675,0.11,0.011303170008123144,0.8551597217233206,-4.5,0.9967099043826388
841,SNIa-SS/sn2001eh.p0005.dat,Sc,0.573951263559835,0.05,0.010301036822364848,0.975545592650392,-4.5,0.9660876741668833
842,SNIa-CN/sn2002do.p0002.dat,Sc,0.5748978433267127,0.15,0.01059309193843155,0.6765349155888603,-4.5,1.0
843,SNIa-BL/sn2003W.m0009.dat,Sc,0.575136223395424,0.11,0.012673515792222126,0.7477006782749429,-4.434918131145859,1.0
844,SLSN-I/snPTF12dam.p0165.dat,Sc,0.5756789978822189,0.14,0.01,0.8007271866541315,-4.477556081655997,1.0
845,SNIa-CN/sn2003kf.m0005.dat,Sc,0.5761875520825194,0.04,0.011930736135167678,0.9302064174711066,-4.5,1.0
846,SNIc-bl/sn2003jd.p0072.dat,Sc,0.5769031467655595,0.11,0.01,0.8428382544989464,-4.357581226792694,1.0
847,SNIa-CN/sn2008bf.p0001.dat,Sc,0.5775053985311418,0.05,0.010671418388246968,0.9840801421026573,-4.5,0.9501756900448881
848,SNIa-CN/sn2006le.p0011.dat,Sc,0.5777266169017334,0.12,0.01,0.8700166239769821,-4.034685864978432,1.0
849,SNIa-BL/sn2005am.p0011.dat,Sc,0.5778135399057944,0.11,0.01797260859647144,0.906310149289536,-3.3377229141531206,1.0
850,SNIa-BL/sn1996bo.p0009.dat,Sc,0.5779490877356548,0.11,0.010094000403499894,0.9173425636656976,-3.7582937247418164,1.0
851,SNIa-SS/sn2002de.m0003.dat,Sc,0.5781020847596426,0.05,0.011923825107007248,0.8951689554744473,-4.5,0.9796150285158272
852,SNIc/sn2004aw.p0021.dat,Sc,0.5789749992731322,0.07,0.01216547560940265,0.6887609049940504,-4.482212550231931,1.0
853,SNIa-BL/sn2007cg.p0006.dat,Sc,0.5791641010911097,0.13,0.010222361813290747,0.7034256476090184,-4.5,1.0
854,SNIa-CN/sn1997dt.m0011.dat,Sc,0.5792355561641046,0.05,0.013551536063908678,0.8243826758502985,-4.5,1.0
855,SNII/sn1999em.p0006.dat,Sc,0.5793383377519015,0.11,0.015496551383750291,0.7350062832365041,-4.399537392927478,1.0
856,SNIa-CL/sn2000dk.p0010.dat,Sc,0.5800319159842046,0.11,0.01,0.8929923128588609,-4.074039104972346,1.0
857,SLSN-IIn/sn2006gy.p0088.dat,Sc,0.5800562146096939,0.07,0.022109036055950892,0.4402607009366955,-4.5,1.0
858,SNIa-SS/sn2001eh.p0006.dat,Sc,0.5801723989688435,0.05,0.01046448808571954,0.9695755485885568,-4.5,0.9660876741668833
859,SNIc/sn2007gr.m0001.dat,Sc,0.5805041695571271,0.1,0.0507927613488246,0.7726980407710711,-2.5912235561115633,1.0
860,SNIa-SS/sn2002hu.m0001.dat,Sc,0.5816646949882518,0.05,0.011140249543838793,0.9683190007503668,-4.5,0.9649441357984424
861,SNIa-SS/sn2006gr.m0006.dat,Sc,0.5818281490883741,0.11,0.01155346017101371,0.7874438668906809,-4.5,1.0
862,SNIa-CN/sn2002ck.m0001.dat,Sc,0.5827156514238766,0.04,0.010405525860962703,0.9906094450970758,-4.5,0.9562260429019668
863,SNIa-CN/sn1998aq.max.dat,Sc,0.5828023815896848,0.05,0.010277638134178091,0.9768172209618335,-4.5,1.0
864,SNIa-CN/sn2002jy.max.dat,Sc,0.5829495873123846,0.03,0.010217055279949748,1.0254098351617988,-4.5,0.9573742266530821
865,SNIa-BL/sn1994M.p0012.dat,Sc,0.5837201498613139,0.11,0.03955678345324601,0.908214463710662,-1.8521524820052695,1.0
866,SNIa-SS/sn2007S.p0006.dat,Sc,0.5838345374394632,0.05,0.010553195113081238,0.9114963449094341,-4.5,0.9895220813002302
867,SNIa-CL/sn2002es.p0005.dat,Sc,0.5839276673802029,0.07,0.010563564479380512,0.8489808544600477,-4.491666158797848,1.0
868,SNIa-SS/sn2003hu.p0010.dat,Sc,0.5847125998939793,0.12,0.01,0.7798271555171223,-4.488198517037611,1.0
869,SLSN-II/sn2013hx.p0018.dat,Sc,0.5848064456277593,0.15,0.010575379583482843,0.7789744029047192,-4.5,0.9549365148038758
870,SNIa-CN/sn2006le.m0012.dat,Sc,0.5851740810522528,0.11,0.010174833582499314,0.8131119493272552,-4.5,1.0
871,SNIa-CL/sn2007hj.p0007.dat,Sc,0.5857914827926606,0.11,0.013419097578281882,0.8494270419050852,-3.8384560847075164,1.0
872,SNIa-BL/sn2006ac.p0009.dat,Sc,0.5863303734942998,0.12,0.01005589760565068,0.9071942882631354,-3.902987005132807,1.0
873,SNIa-CN/sn2002ck.max.dat,Sc,0.5865515831813389,0.04,0.01,1.0096244485011934,-4.474604464804466,0.9562260429019668
874,SNIa-CN/sn2004bg.m0003.dat,Sc,0.5866665609404328,0.03,0.011165377313956585,1.0073346394082265,-4.5,0.9527489739698984
875,SNIa-CL/sn2002eu.p0011.dat,Sc,0.5873312996343159,0.11,0.01,0.8698828239936669,-4.143651068711883,1.0
876,SNIa-CN/sn2005cf.m0005.dat,Sc,0.587337737447908,0.04,0.012157365163482032,0.9353200176660739,-4.5,0.9783475616606963
877,SNIa-BL/sn2002bo.p0012.dat,Sc,0.5875382090973423,0.11,0.010181469225358094,0.9190927358535562,-3.699933885790071,1.0
878,SNIa-CL/sn1998de.m0005.dat,Sc,0.5878665146939552,0.14,0.012357035585334807,0.7983745258828415,-4.021760174541992,1.0
879,SNIa-CN/sn2005cf.m0012.dat,Sc,0.5880371515159253,0.15,0.010910789979158628,0.8465885542928895,-3.919613893465936,1.0
880,SNIa-CN/sn2002fk.m0001.dat,Sc,0.5889267976412236,0.05,0.011206389819912808,0.9503561815460153,-4.5,1.0
881,SNIa-BL/sn2006cp.p0009.dat,Sc,0.5890122243139593,0.12,0.01,0.8984878269593354,-3.9459652328113832,1.0
882,SNIa-BL/sn1996Z.p0010.dat,Sc,0.5892293044404222,0.11,0.01,0.8930660804424607,-3.7246292837256463,1.0
883,SNIa-CL/sn2006bt.p0005.dat,Sc,0.5892962464475582,0.15,0.01,0.8284331826676269,-4.161541027775126,1.0
884,SLSN-II/sn2020hgr.m0023.dat,Sc,0.5899438510991176,0.03,0.014037394428679777,0.9345191725977203,-4.5,1.0
885,SNIa-SS/sn1998es.p0001.dat,Sc,0.590349525638411,0.05,0.011123602188528838,0.9584302104576327,-4.5,0.9506255179338952
886,SNIa-CN/sn2001fe.p0003.dat,Sc,0.591150618482277,0.05,0.01,0.98635453084218,-4.478251722360841,1.0
887,SNIa-CN/sn2000fa.p0009.dat,Sc,0.5916328743068568,0.13,0.01,0.8367372033196414,-4.155790466164392,1.0
888,SNIa-BL/sn2001bf.p0008.dat,Sc,0.5921774173901061,0.13,0.01,0.858915916559329,-4.22213302657394,1.0
889,SNIa-BL/sn2001N.p0001.dat,Sc,0.5923838635053147,0.15,0.01,0.704999911936326,-4.43818857675025,1.0
890,SNIa-CN/sn2006ax.m0009.dat,Sc,0.5924174359355143,0.05,0.013048582185972029,0.9140331610468841,-4.489191286705182,0.9726508256558939
891,SNIa-CN/sn2004at.m0005.dat,Sc,0.5926271079633612,0.05,0.011684493965413066,0.9300455667423045,-4.5,1.0
892,SNIa-CN/sn2007F.m0009.dat,Sc,0.5930743652543708,0.1,0.012126700765133136,0.8214629994813226,-4.5,1.0
893,SNIIn/sn2005kj.p0124.dat,Sc,0.5937389980791246,0.09,0.01044803604964528,0.7337003942310693,-4.5,1.0
894,SNIa-SS/sn2002de.m0002.dat,Sc,0.594204899314825,0.05,0.04688417428542243,0.8129045269147853,-3.1504908919030155,0.9796150285158272
895,SNIc-bl/sn2003jd.p0046.dat,Sc,0.5942259833504379,0.11,0.010166193767493694,0.8116620669260112,-4.395875613384078,1.0
896,SNIIb/sn2000H.m0002.dat,Sc,0.594615686631847,0.11,0.010156031794935443,0.886754220747367,-4.178949560101569,1.0
897,SNIa-SS/sn2006gz.p0007.dat,Sc,0.5948837420876107,0.09,0.011580438956083355,0.8381930828813688,-4.5,1.0
898,SNIa-CL/sn2002jg.p0009.dat,Sc,0.5951554225277121,0.11,0.01,0.8335821250999083,-4.1609811418498825,1.0
899,SNIa-SS/sn2002de.p0004.dat,Sc,0.5953841584500608,0.05,0.010832183486500543,0.9175635837861434,-4.5,1.0
900,SNIa-BL/sn2006ot.p0003.dat,Sc,0.5954269813584224,0.12,0.011276261068465333,0.7674885001066135,-4.5,1.0
901,SNIc/sn2007gr.p0012.dat,Sc,0.5955145359280702,0.09,0.01,0.8074766192753108,-4.287866211219794,1.0
902,SNIa-CN/sn1998co.p0007.dat,Sc,0.5956201487900905,0.09,0.01,0.8741963221374316,-4.394839338793267,1.0
903,SNIa-CN/sn2002fk.p0008.dat,Sc,0.5958264556840922,0.09,0.01,0.8919849662394544,-4.447463376947204,1.0
904,SNIa-SS/sn2006gr.p0012.dat,Sc,0.5958983651425257,0.12,0.01,0.8682917056245423,-4.065934164215936,1.0
905,SNIa-CL/sn2005ke.p0001.dat,Sc,0.5968061016344965,0.11,0.01,0.8254091273708495,-4.229324993050524,1.0
906,SNIa-BL/sn2001gc.p0013.dat,Sc,0.597013843545013,0.11,0.01,0.9046007971380432,-3.7438194285858613,1.0
907,SNIa-CN/sn2005el.m0005.dat,Sc,0.597259065553523,0.05,0.012634253278316484,0.9099899294908418,-4.5,0.9837122560349785
908,SNIa-CN/sn1998aq.p0001.dat,Sc,0.5974640096276627,0.05,0.010025178253509182,0.9831699662416816,-4.5,1.0
909,SNIa-CL/sn2006H.p0006.dat,Sc,0.5976953063309222,0.08,0.010036493077923982,0.8022721879995323,-4.395522127299774,1.0
910,SNIa-BL/sn1999cl.p0008.dat,Sc,0.5981223181623092,0.11,0.01,0.727627675001086,-4.144010600210693,1.0
911,SNIa-CN/sn2004at.m0007.dat,Sc,0.5981792277085903,0.05,0.014133663371239063,0.8979562697315305,-4.3654351635812265,1.0
912,SNIIn/sn2007pk.p0076.dat,Sc,0.5985609689147097,0.09,0.01,0.776000814353492,-4.447750528812838,1.0
913,SNIa-BL/sn2004as.p0009.dat,Sc,0.5989121591346155,0.12,0.01,0.8925406238578458,-4.004345578766141,1.0
914,SLSN-I/snPTF11rks.p0044.dat,Sc,0.5990949873827789,0.11,0.01,0.7635347221458834,-4.481015547932376,1.0
915,SNIa-CN/sn2001G.p0005.dat,Sc,0.6004195757273332,0.05,0.010189613412953503,0.9711011061520951,-4.5,1.0
916,SNIa-BL/sn1997bq.p0012.dat,Sc,0.6005201273045311,0.11,0.010216244204244282,0.8971267713393858,-3.353872753896463,1.0
917,SNIa-SS/sn2007S.p0012.dat,Sc,0.6012885008007117,0.11,0.011651280438226125,0.8810090460746973,-3.8636811333859615,1.0
918,SNIa-CN/sn2006ax.m0006.dat,Sc,0.6014257203945138,0.05,0.014323368540749264,0.9154203016286295,-4.373895512823606,0.9750300358158246
919,SNIa-SS/sn2001V.p0013.dat,Sc,0.6014424559384842,0.11,0.04294041669039199,0.8951971987512547,-2.436184811365516,1.0
920,SNIa-CN/sn2001cp.m0001.dat,Sc,0.6015179852854909,0.04,0.010501108777357129,0.9842926846836467,-4.5,0.9846710630190517
921,SNIa-BL/sn2003W.m0008.dat,Sc,0.6029596880329436,0.05,0.01239496024845565,0.8895429930693507,-4.5,1.0
922,SNII/sn2013am.p0008.dat,Sc,0.6034601476915396,0.1,0.013538475712046543,0.6488855464631419,-4.5,1.0
923,SLSN-IIn/snPTF10tpz.p0060.dat,Sc,0.6038844837058284,0.11,0.01,0.7526896899160894,-4.484513020390084,1.0
924,SNIb/sn2009jf.m0009.dat,Sc,0.6040998128173951,0.11,0.012682383146211446,0.874343840806405,-4.057002452984025,1.0
925,SNIa-CN/sn2008ar.m0007.dat,Sc,0.6042314487115253,0.15,0.010646999473779256,0.7926540881197576,-4.223291932433405,1.0
926,SNIa-CL/sn1999by.m0003.dat,Sc,0.6043796953091494,0.14,0.01,0.8023834778047629,-3.9210626797230477,1.0
927,SNIa-SS/sn1999gp.p0055.dat,Sc,0.6052922564181877,0.09,0.01,0.7786944900223745,-4.449720242966697,1.0
928,SNIa-BL/sn2005am.p0010.dat,Sc,0.6057545008922277,0.12,0.01,0.8302762165932196,-4.179238893294192,1.0
929,SNIa-SS/sn1998es.p0002.dat,Sc,0.6060719754111406,0.05,0.010761811593722198,0.9679410889676241,-4.5,0.961350932299505
930,SNIa-CN/sn2008C.p0029.dat,Sc,0.6061118745878469,0.06,0.01,0.8430304424115209,-4.4695426507105624,1.0
931,SNIa-CN/sn2006ax.m0008.dat,Sc,0.6062717591600902,0.05,0.014130584097314134,0.9074965936433869,-4.407295544981567,0.9744989137300085
932,SNIa-BL/sn2001bg.p0010.dat,Sc,0.6065800937169916,0.12,0.01,0.8903300769892032,-3.919151139939121,1.0
933,SNIa-CL/sn2007ux.p0006.dat,Sc,0.6071704899322871,0.15,0.01,0.7728373421563501,-4.3582180618601125,1.0
934,SNIa-BL/sn2002bo.p0013.dat,Sc,0.6073759239321168,0.11,0.010239812539519116,0.9156844504386056,-3.6699436786289104,1.0
935,SNIa-CN/sn2003du.m0002.dat,Sc,0.6075818193312136,0.05,0.010477181758081107,0.9629694352522407,-4.5,1.0
936,SNIa-BL/sn1994M.p0013.dat,Sc,0.6077259765849022,0.11,0.01626850368316312,0.9199230675204552,-2.9514954091359105,1.0
937,SLSN-II/snCSS121015.p0016.dat,Sc,0.6079190368088153,0.15,0.011872505847926313,0.8328862862969239,-4.5,1.0
938,SNIa-BL/sn1999ej.p0008.dat,Sc,0.6079295372905895,0.11,0.01292505675878226,0.8994683081158747,-3.8709468468420507,1.0
939,SNIa-BL/sn2006ac.p0010.dat,Sc,0.6080514927284751,0.12,0.010331615831171809,0.9071274955442736,-3.8474752696595655,1.0
940,SNIa-CL/sn2002dl.p0010.dat,Sc,0.6092012969750004,0.08,0.01,0.8660356400044764,-4.249180713266447,1.0
941,SNIa-CN/sn2008ar.m0003.dat,Sc,0.6094444976392283,0.05,0.010753519181807636,0.9522153387562933,-4.5,0.9512758715083642
942,SNIa-CN/sn2003kf.m0003.dat,Sc,0.6098745585048908,0.03,0.011339495988012009,0.9737984369933256,-4.457383816955163,1.0
943,SNIa-CN/sn2005cf.m0004.dat,Sc,0.6107387191952354,0.04,0.011854008651039083,0.9446127339313168,-4.5,0.9780308497930029
944,SNIa-CN/sn2005el.m0006.dat,Sc,0.6107640623017053,0.05,0.012776758116957618,0.8978641303543824,-4.5,0.9837122560349785
945,SNIa-CN/sn1996X.m0003.dat,Sc,0.6108719370223288,0.05,0.01,0.9822860044588794,-4.4927662522338006,1.0
946,SNIa-CN/sn1994D.m0008.dat,Sc,0.6116710075732406,0.05,0.01209510822751275,0.9004235350736567,-4.47969613853968,1.0
947,SNII/sn2012aw.p0023.dat,Sc,0.6117672678625241,0.11,0.01,0.8084265045825176,-4.3591656124322675,1.0
948,SNIa-BL/sn2007co.p0009.dat,Sc,0.6124963549851452,0.12,0.01,0.8727386925686369,-4.070667131039862,1.0
949,SNIa-CL/sn1999by.p0004.dat,Sc,0.6126772740565164,0.08,0.010257492619704047,0.885726354702629,-4.204975768789829,1.0
950,SNIa-BL/sn1997do.m0007.dat,Sc,0.6128344475184415,0.05,0.010704983901280567,0.9477230186837243,-4.5,1.0
951,SNIa-CN/sn2002fk.p0010.dat,Sc,0.6128397596426147,0.09,0.01,0.9060857613053447,-4.34641329861859,1.0
952,SNIa-BL/sn2006ac.p0007.dat,Sc,0.6134749786791457,0.13,0.01,0.8733845569387595,-4.058267296264652,1.0
953,SNIa-CN/sn2004L.p0024.dat,Sc,0.6139800248641748,0.07,0.010605682311176451,0.8034321611383209,-4.5,1.0
954,SNIa-SS/sn2001V.p0014.dat,Sc,0.6146950742316433,0.11,0.03638357701777135,0.9081965959367146,-2.529333659759846,1.0
955,SNIa-BL/sn1995al.p0006.dat,Sc,0.6148282495177847,0.13,0.010182275211098461,0.8507100784596083,-4.098452281128625,1.0
956,SNIa-CN/sn2006N.p0009.dat,Sc,0.6155031249665764,0.12,0.01,0.8293919266294562,-4.280429021883964,1.0
957,SNIa-CN/sn2008ar.m0009.dat,Sc,0.6155605656574409,0.16,0.01,0.8201071565108651,-4.128336550647481,1.0
958,SNIa-CN/sn2007A.m0003.dat,Sc,0.6155613702910913,0.05,0.01186546208322519,0.923249183142125,-4.5,0.9738539797686606
959,SNIa-BL/sn2007af.p0012.dat,Sc,0.6156175830320936,0.11,0.01,0.9284901990388505,-3.836052658719481,1.0
960,SNIa-CL/sn2002es.p0011.dat,Sc,0.6156323576828399,0.06,0.01,0.8707741605002547,-4.38510768669632,1.0
961,SNIa-CN/sn2007F.m0001.dat,Sc,0.6158479522835603,0.05,0.0113086831191518,0.9676747671448563,-4.5,0.950896498589924
962,SNIa-SS/sn2001eh.p0009.dat,Sc,0.6159146435439692,0.13,0.01,0.8500596866374385,-3.9230280583518518,1.0
963,SNIa-CN/sn2002jy.p0001.dat,Sc,0.6161119029750658,0.03,0.010052152824976115,1.0337306060102698,-4.5,0.9573742266530821
964,SNIa-CN/sn2004L.p0003.dat,Sc,0.6165646100978367,0.14,0.01,0.744519544902606,-4.457085667887257,1.0
965,SNIa-CN/sn1994D.m0005.dat,Sc,0.6165721720561239,0.05,0.011561327228379487,0.9411119026707078,-4.431952079564193,1.0
966,SNIa-BL/sn2007le.p0008.dat,Sc,0.6171467055422342,0.12,0.010199208021967643,0.8596513915559563,-4.049132695993128,1.0
967,SNIa-CSM/sn1999E.p0090.dat,Sc,0.6173307664488957,0.1,0.010979100960851773,0.7735061341164876,-4.5,1.0
968,SNIa-CSM/sn2011km.p0064.dat,Sc,0.6181606650872277,0.1,0.010578550425490775,0.786866477360765,-4.197458917092765,1.0
969,SNIa-BL/sn1999gh.p0007.dat,Sc,0.6182148953594725,0.11,0.01,0.9154046682104559,-4.00760375307017,1.0
970,SNIb-pec/sn2007uy.m0006.dat,Sc,0.6183960224118178,0.15,0.01,0.7825044042449139,-4.12631514658898,1.0
971,SNII/sn2009N.p0032.dat,Sc,0.6189500498546557,0.1,0.01,0.7356057914491168,-4.464983513180817,1.0
972,SNIa-CN/sn2004L.p0031.dat,Sc,0.6192750573917226,0.06,0.010008702356644776,0.8512859466558738,-4.5,1.0
973,SNIa-CSM/sn1999E.p0053.dat,Sc,0.6195508766688073,0.1,0.010422170066772896,0.7820519654234614,-4.5,1.0
974,SNIa-CN/sn2004at.m0004.dat,Sc,0.6196394600159646,0.05,0.01350985128064871,0.9350442829626172,-4.321501801642434,1.0
975,SNIa-SS/sn2006S.p0004.dat,Sc,0.6196617883867009,0.03,0.01,1.0026286681886885,-4.468459358879978,1.0
976,SNIa-CL/sn2002es.p0004.dat,Sc,0.6198352240264113,0.07,0.011396074385426886,0.8252540024755939,-4.5,1.0
977,SNIa-CN/sn2008ar.m0008.dat,Sc,0.6203676004604144,0.15,0.010333687069898359,0.8172094560408713,-4.154496868905647,1.0
978,SNIIb/sn1993J.max.dat,Sc,0.6212326513341139,0.1,0.01,0.7949453696287885,-4.403541265812399,1.0
979,SNII/sn1999gi.p0026.dat,Sc,0.6215112882647844,0.11,0.010148455880706495,0.754452514570685,-4.5,1.0
980,SNIa-BL/sn2007cg.p0007.dat,Sc,0.6215538858491105,0.13,0.01,0.7289340805477216,-4.40333247173056,1.0
981,SNIa-SS/sn2006S.m0003.dat,Sc,0.621901708465588,0.06,0.012409990263328764,0.9013273076108949,-4.5,0.9544952765480716
982,SNII/sn2004dj.p0048.dat,Sc,0.6221192996044881,0.1,0.01,0.8068329845529458,-4.439109691953089,1.0
983,SNIa-CN/sn2001br.m0000.dat,Sc,0.6222326251363838,0.05,0.010741808186243295,0.930064001297545,-4.5,1.0
984,SNIa-CN/sn2001fe.p0006.dat,Sc,0.6228948460542317,0.14,0.01,0.8504250283557113,-4.174726078758779,1.0
985,SNIa-BL/sn1996bo.p0007.dat,Sc,0.6229619543078585,0.12,0.01,0.8614072438771488,-3.975933079082095,1.0
986,SNIa-BL/sn1997do.p0014.dat,Sc,0.6230916711288823,0.11,0.010058552617233735,0.9251130844574846,-3.787486825705221,1.0
987,SNII/sn1999em.p0016.dat,Sc,0.623188760858403,0.11,0.013272349690440747,0.7934378809045575,-3.978373138781843,1.0
988,SNIIb/sn2004ff.m0004.dat,Sc,0.623268231620249,0.11,0.01,0.8424862174077491,-4.188818306966983,1.0
989,SNIa-BL/sn2001en.p0010.dat,Sc,0.6234787897435023,0.12,0.01,0.8948531020880439,-3.9371294162531907,1.0
990,SNIa-SS/sn1998ab.p0020.dat,Sc,0.6236122036722562,0.08,0.01,0.9004022421035359,-4.172864704595131,1.0
991,SNIa-CN/sn2005el.m0004.dat,Sc,0.6239646948626834,0.05,0.01231742092286019,0.9192225387005042,-4.5,0.9837122560349785
992,SNIa-CL/sn2006mo.p0005.dat,Sc,0.6241686709070325,0.14,0.01,0.7577499651051038,-4.441666751410211,1.0
993,SNIa-CN/sn2004L.p0005.dat,Sc,0.6243904821350408,0.09,0.011254349568684784,0.8050622581509139,-4.5,1.0
994,SNIa-CN/sn2002ef.m0003.dat,Sc,0.6245995738270665,0.05,0.011681282514302704,0.8884027526470812,-4.5,1.0
995,SNIb-pec/sn2007uy.m0003.dat,Sc,0.6247023374129166,0.12,0.01,0.8222076442891538,-4.137154448677742,1.0
996,SNIa-BL/sn2007af.p0011.dat,Sc,0.6247072216701759,0.11,0.013476904301232547,0.9157779794676546,-3.5941555112866066,1.0
997,SNIa-CN/sn2008bf.p0003.dat,Sc,0.6250859328051781,0.05,0.010529287277491337,0.9853258600426722,-4.5,0.9501756900448881
998,SNIa-CN/sn1996C.p0008.dat,Sc,0.6252886974041936,0.09,0.01,0.8881784143232306,-4.104256751237551,1.0
999,SNIa-BL/sn2003W.p0025.dat,Sc,0.6259510529032383,0.08,0.01,0.8367180077572802,-4.191590141777966,1.0
1000,SNIa-SS/sn1999gp.p0050.dat,Sc,0.626096160307208,0.09,0.01,0.7868745392149925,-4.403281432106847,1.0
1001,SNIa-BL/sn2006cp.p0007.dat,Sc,0.6263301851240675,0.13,0.01,0.8659519804190837,-4.0833122600528355,1.0
1002,SNIa-BL/sn2007nq.p0009.dat,Sc,0.6265896873799746,0.12,0.01218618937790457,0.9152794335312883,-3.8664658742282256,1.0
1003,SNIa-BL/sn1998ef.p0018.dat,Sc,0.6269261892604535,0.1,0.01,0.8324650403942659,-4.122030947155069,1.0
1004,SNIa-BL/sn1997do.m0008.dat,Sc,0.6272202609726714,0.05,0.011276701688028386,0.9302322280649753,-4.5,1.0
1005,SNII/sn1999em.p0010.dat,Sc,0.6274498513740822,0.11,0.01,0.8282662160786615,-4.235355279397096,1.0
1006,SNIa-CN/sn1994D.m0003.dat,Sc,0.6282404373738114,0.05,0.010499080311047545,0.9579127017339903,-4.5,1.0
1007,SNIa-CL/sn1998de.m0007.dat,Sc,0.6293100084294231,0.15,0.01,0.8205776207278849,-4.194551910168076,1.0
1008,SNIa-CN/sn2005hc.p0011.dat,Sc,0.6294314708323968,0.12,0.01,0.8982870390690886,-4.029944904245564,1.0
1009,SNIa-BL/sn2007le.p0007.dat,Sc,0.6297537733409205,0.13,0.01,0.8192408759289809,-4.114766325963972,1.0
1010,SNIa-CN/sn2000dg.max.dat,Sc,0.6298468526578258,0.05,0.011780715263510131,0.9050135084899142,-4.5,0.9607710336956036
1011,SNIIb/sn2000H.m0001.dat,Sc,0.6300872967912238,0.11,0.01184935098675799,0.8622919869469555,-4.033318477077154,1.0
1012,SNIc/sn2004gt.p0043.dat,Sc,0.6307060282935876,0.14,0.012394149476504525,0.686562964866754,-4.5,1.0
1013,SNIa-CL/sn2006em.p0004.dat,Sc,0.6309256603772279,0.08,0.01,0.8782280918943433,-4.06996217469313,1.0
1014,SNIa-CN/sn2005cf.m0003.dat,Sc,0.631044911830692,0.04,0.011483761767964442,0.9566157384707148,-4.5,0.9780308497930029
1015,SNIa-CSM/sn2012ca.m0006.dat,Sc,0.6311759742814684,0.1,0.01,0.7487870807285533,-4.446637592529033,1.0
1016,SNIIb/sn2008bo.m0003.dat,Sc,0.6314980026956246,0.11,0.01,0.8616003563632797,-4.33382938223512,1.0
1017,SNIa-BL/sn2001ay.p0003.dat,Sc,0.6315583865706177,0.14,0.01007991285564094,0.8474945942015376,-4.034446189485331,1.0
1018,SNIa-BL/sn2007co.p0011.dat,Sc,0.6315649674604559,0.11,0.01491619638502915,0.9086942169636005,-3.480883829422836,1.0
1019,SNIa-BL/sn2004as.p0008.dat,Sc,0.6315825338193697,0.12,0.01,0.8829012316063068,-4.037759533445683,1.0
1020,SNIa-CN/sn1998aq.p0002.dat,Sc,0.6320625243414353,0.05,0.010002944103891652,0.9836294585159014,-4.5,1.0
1021,SNIa-CL/sn2006bt.p0006.dat,Sc,0.6323502956437448,0.15,0.01,0.8062966346292767,-4.245544491178727,1.0
1022,SNIa-BL/sn2001N.p0026.dat,Sc,0.6324708187327538,0.06,0.01,0.869913437225459,-4.2830306309429815,1.0
1023,SNIa-CN/sn2006le.p0003.dat,Sc,0.632718265667063,0.05,0.01,0.9656546653908711,-4.450853481661265,0.9742875488183064
1024,SNIa-BL/sn1999gh.p0009.dat,Sc,0.632752645117836,0.11,0.010322570187565385,0.8897372540804174,-3.897249551656951,1.0
1025,SNIa-CN/sn2008ar.m0004.dat,Sc,0.6327918479806262,0.15,0.01,0.8096449149546205,-4.25605329422971,1.0
1026,SNIb-pec/sn2007uy.m0011.dat,Sc,0.6340390871064965,0.15,0.01,0.8093043949944825,-4.2525735211866875,1.0
1027,SNIa-CN/sn1996X.p0008.dat,Sc,0.6352072415152016,0.13,0.01,0.881675456647234,-4.037280896012122,1.0
1028,SNIa-BL/sn2006cj.m0001.dat,Sc,0.6355548930681316,0.16,0.01,0.7628691267004275,-4.4325717028575955,1.0
1029,SNIIb/sn1998fa.m0005.dat,Sc,0.6356697423631467,0.1,0.011486243465693805,0.7924626429477589,-4.5,1.0
1030,SNIa-CN/sn2008ar.m0005.dat,Sc,0.6360916380593953,0.09,0.012203134101798858,0.810443649514612,-4.5,1.0
1031,SNIa-CN/sn1997dt.m0010.dat,Sc,0.6366175815295486,0.05,0.013270321413724246,0.8351717278399431,-4.5,1.0
1032,SNIa-CN/sn2000dg.p0017.dat,Sc,0.6370435805173,0.1,0.01,0.8041256632097854,-4.274076521220864,1.0
1033,SNIa-SS/sn2003fa.p0008.dat,Sc,0.6371811517593216,0.05,0.010771961480807944,0.97848712438436,-4.5,0.9535846266977267
1034,SNIa-CN/sn2008bf.p0004.dat,Sc,0.6374080321263652,0.05,0.010441821296603256,0.9863482163719994,-4.5,0.9501756900448881
1035,SNII/sn2005cs.p0018.dat,Sc,0.6374226634794511,0.1,0.01,0.8477543260942517,-4.257525388792539,1.0
1036,SNIa-CN/sn2006N.p0008.dat,Sc,0.6375160300396151,0.13,0.01,0.8056812681592821,-4.313909832990147,1.0
1037,SNIa-BL/sn1998ec.p0012.dat,Sc,0.6375211780917626,0.11,0.01,0.9090682850607095,-3.891180154988114,1.0
1038,SNIa-CN/sn2008bf.p0011.dat,Sc,0.637855622616988,0.13,0.01,0.8907290393718419,-4.067925961779436,1.0
1039,SNIc-bl/sn2003jd.p0019.dat,Sc,0.6379703944948006,0.08,0.01,0.8621249659843692,-4.203765071779872,1.0
1040,SNIa-CL/sn2002dl.m0007.dat,Sc,0.6380997599216719,0.12,0.010789320249653202,0.7656822476534821,-4.5,1.0
1041,SNII/sn2004et.p0027.dat,Sc,0.63835060403067,0.1,0.011913807689011525,0.6363904447608794,-4.5,1.0
1042,SNIa-BL/sn2004ef.p0006.dat,Sc,0.6387261279408591,0.13,0.01,0.8306092446556724,-4.19965878082411,1.0
1043,SNII/sn1999em.p0011.dat,Sc,0.6388693125721497,0.11,0.01,0.8334797534782974,-4.23348419514988,1.0
1044,SNIa-CN/sn2000fa.p0002.dat,Sc,0.6389854930249275,0.04,0.010660555026614973,0.9830199255517791,-4.358215894346293,0.9889386212362781
1045,SNIIb/sn2008bo.m0001.dat,Sc,0.6393579146604028,0.11,0.01,0.8793483987626302,-4.295436430958939,1.0
1046,SNIa-CN/sn1998V.max.dat,Sc,0.6395477225611995,0.04,0.01005292034761618,0.9963781003561406,-4.4358342725618245,1.0
1047,SNIa-SS/sn1998ab.p0021.dat,Sc,0.6405886776701366,0.08,0.01,0.8887237619267655,-4.199953800146287,1.0
1048,SNIa-CN/sn2001cp.p0001.dat,Sc,0.6407629064742429,0.04,0.01033564483295549,0.9812167577344071,-4.5,0.9846710630190517
1049,SNIa-SS/sn1998ab.p0022.dat,Sc,0.6407976242699095,0.07,0.01,0.9192627184836848,-4.169242009148279,1.0
1050,SNIa-BL/sn2001en.p0008.dat,Sc,0.6409654688809572,0.13,0.01,0.8704061972399978,-4.027451496687307,1.0
1051,SNIa-CN/sn2002fk.p0003.dat,Sc,0.6410628814544677,0.04,0.010193784495860494,0.9927066675682406,-4.5,1.0
1052,SNIa-SS/sn2003fa.p0007.dat,Sc,0.6415402513290019,0.05,0.010688783605770118,0.98015191516781,-4.5,0.9535846266977267
1053,SNIa-CN/sn2001G.p0012.dat,Sc,0.6415609793627366,0.12,0.01,0.9032669965563995,-4.036352046210517,1.0
1054,SNIb/sn2004gq.m0003.dat,Sc,0.6420136095157135,0.15,0.01,0.7868768086249128,-4.3543713379976765,1.0
1055,SNIa-CN/sn2006N.p0007.dat,Sc,0.6433755716643169,0.14,0.010933684697246843,0.7540594165686648,-4.307950007514057,1.0
1056,SNIa-CN/sn2002fk.p0007.dat,Sc,0.6434126555038118,0.09,0.01006321292462187,0.8791206716767784,-4.5,1.0
1057,SNIa-CN/sn2006le.p0008.dat,Sc,0.6434704191766888,0.13,0.013762274778429425,0.8223022208411197,-3.8785771568267475,1.0
1058,SNIa-BL/sn2007co.p0012.dat,Sc,0.6438803773924516,0.11,0.011825789112019534,0.9194374275315659,-3.6681049390113163,1.0
1059,SNIa-CN/sn1996C.p0002.dat,Sc,0.6440274326231791,0.04,0.010003609807707769,0.9945105390494189,-4.5,0.9780147457997307
1060,SNIa-CN/sn2008Q.m0007.dat,Sc,0.6445936939131665,0.06,0.012980444080472305,0.8625587075545614,-4.5,1.0
1061,SNIa-SS/sn2003fa.p0012.dat,Sc,0.6447209870697448,0.13,0.01,0.8869051768093539,-4.1460989975593865,1.0
1062,SNIa-BL/sn2007kk.p0009.dat,Sc,0.6447563987173014,0.12,0.010034837165027073,0.8929938165105088,-4.050726694663222,1.0
1063,SNIb-pec/sn2007uy.m0005.dat,Sc,0.6449250114192675,0.14,0.01,0.8060873071045631,-3.9854680400966327,1.0
1064,SNIa-CN/sn2003du.m0013.dat,Sc,0.6450644571083224,0.06,0.01161593316086696,0.9081841948870237,-4.5,1.0
1065,SNIa-CN/sn2000fa.p0001.dat,Sc,0.6454452771306938,0.04,0.01,1.0235376547682695,-4.371140557651569,0.9892016531263966
1066,SNIa-CN/sn2008ar.p0007.dat,Sc,0.6455181434937447,0.09,0.010083138569171394,0.8750800878507039,-4.5,1.0
1067,SNIa-CN/sn1996X.m0002.dat,Sc,0.6456255604467285,0.05,0.01,0.9759413805422825,-4.4957007957538515,1.0
1068,SNIIb/sn1993J.p0002.dat,Sc,0.6458757370585383,0.1,0.01032145169126732,0.7575328679726063,-4.349205023624837,1.0
1069,SNIa-CN/sn2005cf.m0011.dat,Sc,0.6459182884536107,0.15,0.01,0.8497696803919609,-4.027901613608888,1.0
1070,SNIa-CN/sn1998V.p0012.dat,Sc,0.6462729010604326,0.11,0.01073673201817517,0.9274126667994941,-3.817907269788607,1.0
1071,SNIa-CN/sn1994D.m0004.dat,Sc,0.6469063622070136,0.04,0.010920614044831588,0.9687423265063804,-4.5,1.0
1072,SNIa-SS/sn2008Z.p0010.dat,Sc,0.6471555896944874,0.13,0.01,0.8472529601940041,-4.220255141689026,1.0
1073,SNIa-CN/sn2004at.m0001.dat,Sc,0.6473183328451054,0.05,0.010647839421161952,0.9647732794023672,-4.5,1.0
1074,SNIa-CSM/sn2011km.p0363.dat,Sc,0.6474120031644234,0.1,0.01,0.809247575114242,-4.4873906447165375,1.0
1075,SNIa-SS/sn2007S.p0008.dat,Sc,0.6486839247517933,0.05,0.01,0.916687481104745,-4.495676578462225,0.990053203386046
1076,SNIa-CN/sn2002aw.m0001.dat,Sc,0.648946729933044,0.05,0.011918867214637459,0.9007060830005749,-4.5,1.0
1077,SNIa-BL/sn2007bd.p0008.dat,Sc,0.6493864799401516,0.13,0.01,0.8553233821842732,-4.200112419932338,1.0
1078,SNIa-BL/sn2004as.p0007.dat,Sc,0.6495029023077347,0.13,0.011342684841281873,0.8465814370592624,-4.011839990725267,1.0
1079,SNIa-BL/sn2001gc.p0003.dat,Sc,0.6499389262943567,0.13,0.01,0.8225510577336086,-4.189137766041208,1.0
1080,SNIa-SS/sn2005M.p0010.dat,Sc,0.6504242249762135,0.13,0.01,0.8550658904475047,-4.202664398366681,1.0
1081,SNIa-CL/sn1999by.p0003.dat,Sc,0.65043829923814,0.11,0.01,0.7999399879479401,-3.9019759564729344,1.0
1082,SNIa-CN/sn1994S.p0001.dat,Sc,0.6519038914600414,0.04,0.01,0.9994459907246509,-4.495446822853298,1.0
1083,SNIa-CN/sn2003cg.p0011.dat,Sc,0.651946530851213,0.11,0.01,0.7499859559081435,-4.132650163088242,1.0
1084,SNIa-CL/sn2005ke.p0003.dat,Sc,0.6520354969153568,0.11,0.01,0.8050480698368344,-4.205957243449613,1.0
1085,SNIIn/sn2015da.m0027.dat,Sc,0.6523427223858248,0.1,0.014743999951363041,0.608429571413498,-4.5,1.0
1086,SNIa-BL/sn2002dp.p0013.dat,Sc,0.6524322783929504,0.11,0.010121424503286316,0.9209197107891007,-3.9007107132807524,1.0
1087,SNIb/sn2005bf.m0026.dat,Sc,0.6524721872503308,0.14,0.01,0.8535129087765586,-4.29588700171701,1.0
1088,SNIb/sn2005bf.m0029.dat,Sc,0.6527428129926104,0.14,0.01,0.852432143959039,-4.255974134632178,1.0
1089,SNIa-CN/sn2003du.p0001.dat,Sc,0.6528708238496717,0.04,0.01,1.0051214117480645,-4.491251721981383,1.0
1090,SNIa-CL/sn1998de.m0003.dat,Sc,0.6533968926629918,0.13,0.01,0.8138685418340141,-4.246157877574422,1.0
1091,SNIa-CN/sn2001G.p0091.dat,Sc,0.6535828375896576,0.11,0.011095871391147885,0.7109893711246764,-4.5,1.0
1092,SNIa-CN/sn2006N.p0012.dat,Sc,0.6536982020959423,0.11,0.056302219894415625,0.9575474063069597,-1.988926635484043,1.0
1093,SNIb/sn2005bf.m0025.dat,Sc,0.6537744611031203,0.14,0.01,0.8447844091891612,-4.319524928526364,1.0
1094,SNIa-CN/sn2006al.p0006.dat,Sc,0.6538981107191096,0.14,0.01,0.8334055877326757,-4.2860659758460065,1.0
1095,SNII/sn2004dj.p0053.dat,Sc,0.6555400815872096,0.1,0.01,0.8193511608029692,-4.382861931658532,1.0
1096,SNIa-CN/sn2008Q.m0006.dat,Sc,0.6557262164185363,0.06,0.012945892101439933,0.866543152140784,-4.5,1.0
1097,SNIa-CN/sn2008bf.p0005.dat,Sc,0.6561345959466521,0.05,0.010378140495447922,0.9851701472064877,-4.5,0.9501756900448881
1098,SNII/sn2009N.p0022.dat,Sc,0.6565063135686873,0.11,0.01,0.7377973771903807,-4.467364183048074,1.0
1099,SNIb/sn2005bf.m0024.dat,Sc,0.6570558955343113,0.13,0.01,0.8413481950101179,-4.0696337653970165,1.0
1100,SNIa-CN/sn2003it.p0010.dat,Sc,0.6572909946672038,0.13,0.01,0.8907980425895755,-4.085018714118311,1.0
1101,SNIa-BL/sn2001N.p0004.dat,Sc,0.6580062660949861,0.13,0.011024193641550328,0.8291935707565209,-4.097925791699474,1.0
1102,SNIa-CN/sn2005cf.m0010.dat,Sc,0.6580157286092989,0.15,0.010984528334202171,0.842755062918383,-3.96768522373953,1.0
1103,SLSN-I/snPTF12dam.p0088.dat,Sc,0.6581767313123846,0.11,0.01,0.8606994468922492,-4.379057693449368,1.0
1104,SNIa-BL/sn2002cs.p0018.dat,Sc,0.6582165779233938,0.11,0.01,0.8106988967937235,-4.14876716534369,1.0
1105,SNIa-BL/sn2007af.p0010.dat,Sc,0.6586815550005609,0.11,0.016564314073685735,0.9119353712891541,-3.4003714971903136,1.0
1106,SNIa-CN/sn1998aq.p0005.dat,Sc,0.6586930467199001,0.05,0.01,0.9855967594114714,-4.4979695407345,1.0
1107,SNIa-BL/sn2002bf.p0018.dat,Sc,0.6588920915581626,0.1,0.01,0.8636867571415381,-3.960504593147029,1.0
1108,SNIa-CN/sn1997dt.m0009.dat,Sc,0.6589035238639424,0.05,0.012846555750648787,0.847213329052044,-4.5,1.0
1109,SNIa-CN/sn1998aq.p0003.dat,Sc,0.6593940130613188,0.04,0.01,1.0101690381308523,-4.470222377585652,1.0
1110,SNIa-CL/sn2006hb.p0010.dat,Sc,0.6594056272816341,0.11,0.01,0.9165621892534404,-4.0748490692932275,1.0
1111,SNIa-CN/sn2004L.p0023.dat,Sc,0.659612092803666,0.06,0.01,0.8456492695138689,-4.49958955410284,1.0
1112,SNIa-CN/sn1996X.m0004.dat,Sc,0.6596871611518298,0.05,0.010949500816636298,0.9463287652141805,-4.5,1.0
1113,SNIa-CN/sn2002cr.m0011.dat,Sc,0.6597814612804043,0.15,0.01,0.8565715077277849,-4.01133595758316,1.0
1114,SNIa-CN/sn2007A.m0002.dat,Sc,0.6599679033543033,0.05,0.011552710710907547,0.9292155112728288,-4.5,0.9738539797686606
1115,SNIa-CN/sn1998aq.p0006.dat,Sc,0.6603380600543151,0.05,0.010023868417190673,0.9862979543412553,-4.5,1.0
1116,SNIc-bl/sn2003jd.p0026.dat,Sc,0.660428113583948,0.08,0.01,0.8741996023002513,-4.204131027242163,1.0
1117,SNIa-CN/sn1998bu.p0010.dat,Sc,0.6606272179837278,0.12,0.01,0.867195257255397,-4.066319993399372,1.0
1118,SNIa-CN/sn2002G.m0004.dat,Sc,0.6606593005793153,0.05,0.011767885438781787,0.8904964037586364,-4.5,0.9684397862612109
1119,SNIa-CL/sn2007al.p0008.dat,Sc,0.6613373796277822,0.07,0.010090621468558702,0.8502164092951763,-4.241886471006278,1.0
1120,SNIa-CSM/sn2011km.p0712.dat,Sc,0.661429230100896,0.1,0.01,0.7904283856706537,-4.5,1.0
1121,SNIa-BL/sn1995al.p0010.dat,Sc,0.6622238377903206,0.12,0.01006485548361885,0.8961498145225786,-3.8834833980973076,1.0
1122,SNIa-BL/sn2001bf.p0005.dat,Sc,0.662266426436787,0.14,0.01,0.8350436449457074,-4.2499559469358115,1.0
1123,SNIa-CL/sn1999by.p0005.dat,Sc,0.6632484212164229,0.08,0.01,0.8768636327420962,-4.192791556732266,1.0
1124,SNIa-BL/sn2004as.p0006.dat,Sc,0.6634251673448888,0.13,0.01,0.8577254525524936,-4.1259069687710594,1.0
1125,SNIa-BL/sn2006ac.p0011.dat,Sc,0.6636399135434182,0.11,0.01740717979773188,0.9261605749022411,-3.242474151395563,1.0
1126,SNIc-bl/sn2007ru.p0036.dat,Sc,0.6636637508444906,0.11,0.01,0.801271872118712,-4.070289509633863,1.0
1127,SNIa-CN/sn2002ck.p0004.dat,Sc,0.6638320230167402,0.05,0.010528311404707068,0.9598073720530977,-4.5,0.9940203601903038
1128,SNIa-CN/sn2004bg.p0003.dat,Sc,0.6638847898310614,0.04,0.010210183555218653,0.9950913085548281,-4.5,0.9908764684267423
1129,SNIa-CN/sn1998aq.p0004.dat,Sc,0.6639983606807007,0.05,0.01,0.9847978693139369,-4.5,1.0
1130,SNIa-CN/sn2008C.p0004.dat,Sc,0.664128157313839,0.14,0.01,0.7651939880955559,-4.3847589070916415,1.0
1131,SNIa-CN/sn1997dt.m0008.dat,Sc,0.6642145151500836,0.05,0.01291001168098433,0.8452166911685518,-4.5,1.0
1132,SNIIb/sn1993J.p0005.dat,Sc,0.6643512766358135,0.09,0.01,0.7799631775144363,-4.261820645225404,1.0
1133,SNIa-BL/sn2001E.p0003.dat,Sc,0.6648539786914383,0.05,0.010582693464152654,0.9584835044777402,-4.272903393162856,1.0
1134,SNIa-CN/sn1998dx.p0008.dat,Sc,0.6649475225296222,0.13,0.01,0.8858475277623451,-4.181416125574079,1.0
1135,SNIa-CN/sn2000cp.m0003.dat,Sc,0.66508474976232,0.15,0.01,0.7093518655614962,-4.4671692101444895,1.0
1136,SNIIn/sn2005ip.p0020.dat,Sc,0.6651692867017076,0.1,0.013888621274751076,0.5747831501105541,-4.5,1.0
1137,SNIa-CL/sn2006H.p0011.dat,Sc,0.6652212843179592,0.06,0.010354102220550944,0.8488769145048652,-4.328994357317876,1.0
1138,SNIa-CN/sn2000fa.p0004.dat,Sc,0.6653343133793068,0.05,0.010090350095932114,0.9461951940973243,-4.5,1.0
1139,SNIb/sn2009jf.p0007.dat,Sc,0.6657813208097926,0.1,0.01,0.8156968680763386,-4.323696336964897,1.0
1140,SNIa-CL/sn2003Y.m0005.dat,Sc,0.6659193330418073,0.09,0.010209712693409268,0.8787441499339806,-4.233342009696628,1.0
1141,SNIa-CN/sn1998V.p0001.dat,Sc,0.6659923986934871,0.04,0.01,0.9965066632273866,-4.439527256505703,1.0
1142,SNIb/sn2007C.m0006.dat,Sc,0.6671965207568924,0.11,0.01,0.7913203583038455,-4.366831849968533,1.0
1143,SNIa-CN/sn1996X.p0007.dat,Sc,0.6676488716443033,0.13,0.01,0.8773966875558351,-4.0810317853254165,1.0
1144,SNIc-bl/sn2003jd.p0023.dat,Sc,0.6681781406232904,0.08,0.01,0.8690347894551826,-4.2032484784219655,1.0
1145,SNIa-BL/sn2003W.p0030.dat,Sc,0.6684823210337919,0.06,0.01,0.8780233023853731,-4.269129439059221,1.0
1146,SNIa-CN/sn2002ck.p0002.dat,Sc,0.6687923675875133,0.05,0.010103345227597368,0.9791582077620178,-4.5,0.9521809468994994
1147,SNIb/sn2005bf.m0031.dat,Sc,0.6688011245936133,0.13,0.01,0.8666437882271464,-3.936852450845879,1.0
1148,SNIa-CN/sn2005cf.m0002.dat,Sc,0.6692534626738558,0.04,0.011076956886292422,0.9663646627365022,-4.5,0.9780308497930029
1149,SNIa-BL/sn2003cq.m0006.dat,Sc,0.6698911086522973,0.05,0.011549220843120591,0.9284953018494734,-4.5,0.9805743000381678
1150,SNIa-SS/sn2006gr.m0005.dat,Sc,0.6700633998584989,0.16,0.01096736108207054,0.7916067905534381,-4.152761127354226,1.0
1151,SNIa-CN/sn1996bl.m0002.dat,Sc,0.6703211450873582,0.05,0.011422640175621373,0.9128219408289052,-4.5,0.9782763840750462
1152,SNIa-CN/sn1998bu.m0004.dat,Sc,0.6704421796858806,0.04,0.010829264051458825,0.9515717413916867,-4.5,1.0
1153,SNIb/sn2005bf.m0004.dat,Sc,0.6708835587138963,0.11,0.01,0.8481482601175759,-4.470137332673849,1.0
1154,SNIa-CN/sn2002jy.p0003.dat,Sc,0.6710106877287738,0.03,0.01009474918913911,1.0249296363878255,-4.5,0.9573742266530821
1155,SNIIn/sn1999el.m0005.dat,Sc,0.6711765682051403,0.1,0.026833053940337335,0.6931994454461922,-3.675113829387512,1.0
1156,SNIa-CN/sn2006le.p0004.dat,Sc,0.6714492563627187,0.05,0.010191411193372066,0.9559114373525653,-4.446897780282674,0.9742875488183064
1157,SNIa-BL/sn2003ch.p0002.dat,Sc,0.6719491195716503,0.04,0.010705927276123168,0.9710314602123149,-4.5,0.9746329072124944
1158,SNIa-BL/sn2001ay.p0001.dat,Sc,0.6722310083340617,0.15,0.01041483152270989,0.8456652543031978,-4.155768919817455,1.0
1159,SNIIn/sn1996L.p0009.dat,Sc,0.6723463364575359,0.14,0.03176081850313339,0.7635105451660847,-3.520933240741395,0.983560549573523
1160,SNII/sn1999br.p0039.dat,Sc,0.6729774441779143,0.1,0.01,0.6785950845843247,-4.425082572230618,1.0
1161,SNII/sn2009N.p0023.dat,Sc,0.673299141455172,0.1,0.01,0.7504688406130811,-4.48595265141288,1.0
1162,SNIa-CL/sn2006bt.p0003.dat,Sc,0.6734701098355044,0.15,0.01,0.8447694656411926,-4.137232266882734,1.0
1163,SNIa-BL/sn2002hd.p0012.dat,Sc,0.673501989312232,0.11,0.01,0.8970230451668105,-3.9680241544165087,1.0
1164,SNIb/sn2007ag.m0001.dat,Sc,0.6735507929855417,0.1,0.01,0.7661847829541453,-4.484175709002219,1.0
1165,SNIIn/snOGLE-2013-SN-019.m0001.dat,Sc,0.6739599994425443,0.09,0.013023663463283663,0.7892315330464447,-4.361463174857142,1.0
1166,SNIa-CL/sn2006H.p0004.dat,Sc,0.6741553633117959,0.11,0.01,0.7116872501759381,-4.466146825449819,1.0
1167,SNIa-SS/sn2003fa.p0011.dat,Sc,0.6744785160035001,0.13,0.010465510435870832,0.8724693805934246,-4.133309676646117,1.0
1168,SNIb/sn2005bf.m0006.dat,Sc,0.6748024911979068,0.11,0.010032214978466751,0.8540009157160746,-4.429123906459267,1.0
1169,SNIc-bl/sn2003jd.p0061.dat,Sc,0.6748315547929326,0.11,0.01,0.8240168097639419,-4.326974413086234,1.0
1170,SNIa-CL/sn2007fb.p0011.dat,Sc,0.6748447948366022,0.12,0.010871805702270384,0.8719333808305141,-4.050750923593669,1.0
1171,SNIa-BL/sn1997do.p0015.dat,Sc,0.6750649826866055,0.11,0.01,0.9324834653272513,-3.7428706251495103,1.0
1172,SNIa-BL/sn2003W.p0028.dat,Sc,0.6758739838139989,0.06,0.01,0.8912970209720146,-4.191603431866506,1.0
1173,SNIa-BL/sn2003W.m0005.dat,Sc,0.6759497636284695,0.06,0.01,0.9420451213255476,-4.491443543784318,1.0
1174,SNIa-BL/sn2007le.p0011.dat,Sc,0.6762605000208295,0.12,0.01,0.8834378722969858,-3.894963192513953,1.0
1175,SNIa-CN/sn1998bu.m0003.dat,Sc,0.6762606934202133,0.04,0.010414580434676288,0.96227639290034,-4.5,1.0
1176,SNIa-CN/sn2004at.max.dat,Sc,0.6764901583774001,0.05,0.010702271748316242,0.9644962788175486,-4.5,1.0
1177,SNIa-CN/sn2006le.p0006.dat,Sc,0.6765337778969929,0.05,0.01,0.9553545948877368,-4.439999897905736,0.9742875488183064
1178,SNIa-CN/sn2005cf.m0009.dat,Sc,0.6768801799568285,0.16,0.01,0.819240941659233,-4.099675161444006,1.0
1179,SNIb-nIIb-n/sn2005la.p0032.dat,Sc,0.6770480803936346,0.11,0.01,0.8409994167666034,-4.4542209565012945,1.0
1180,SNIb/sn2005bf.m0027.dat,Sc,0.6770914388364334,0.13,0.01,0.8838612139903962,-4.256268001150351,1.0
1181,SNIb/sn2005bf.m0023.dat,Sc,0.6771843222169913,0.11,0.013958734816434323,0.9027952255449103,-3.9604028237998437,1.0
1182,SNIa-CN/sn1998V.p0002.dat,Sc,0.6772661383871899,0.04,0.01,0.9999053711279067,-4.426683190011619,0.9875107338327787
1183,SNIa-BL/sn2002ha.p0010.dat,Sc,0.6772698414206445,0.12,0.010011311848119488,0.8939192566827676,-4.107419221359248,1.0
1184,SNIb/sn2005bf.max.dat,Sc,0.6774292206635153,0.11,0.01,0.8464463289413477,-4.493461774151479,1.0
1185,SNIIb/sn2008bo.m0007.dat,Sc,0.6774425680867449,0.11,0.01,0.8179702986194097,-4.356886343607363,1.0
1186,SNIa-CN/sn2002G.m0003.dat,Sc,0.6775515288390784,0.05,0.010734614345072054,0.9225602011410631,-4.5,0.9786611766066068
1187,SNIa-BL/sn2002dj.p0016.dat,Sc,0.677753593907246,0.11,0.01,0.7928307057939391,-4.201827862480808,1.0
1188,SNIa-CN/sn1999gd.p0008.dat,Sc,0.6781060952777469,0.09,0.01,0.8690276598328894,-4.368377155110044,1.0
1189,SNIa-CN/sn1998V.p0013.dat,Sc,0.6784584654001669,0.11,0.01,0.926234419029837,-3.8513337045074,1.0
1190,SNIa-CN/sn2002fk.p0005.dat,Sc,0.6785795520464604,0.04,0.01,0.9970420340799162,-4.4930013179604735,1.0
1191,SNIa-CN/sn2000fa.p0011.dat,Sc,0.6787429614865549,0.12,0.01,0.9110578415915885,-3.8821657039103448,1.0
1192,SNIb/sn2005bf.m0007.dat,Sc,0.6793035642277818,0.11,0.01,0.8511702919544699,-4.436721539766107,1.0
1193,SNIIb/sn2006T.m0011.dat,Sc,0.6803815312280815,0.11,0.01,0.7707796924511352,-4.378447817181952,1.0
1194,SNIa-BL/sn1997do.m0011.dat,Sc,0.6805081513723937,0.11,0.010439307206351464,0.8211512020155041,-4.5,1.0
1195,SNIa-CN/sn2006al.p0005.dat,Sc,0.6808146975025132,0.14,0.01,0.8202354730474111,-4.30205510878656,1.0
1196,SNIa-CL/sn2006bz.m0001.dat,Sc,0.68097887767888,0.13,0.01,0.8211009927176566,-4.2054076487341225,1.0
1197,SNIa-BL/sn2002bo.p0310.dat,Sc,0.6811058676323724,0.05,0.01980628864240768,0.6053643400972215,-4.5,1.0
1198,SNIa-BL/sn2000cf.p0015.dat,Sc,0.6820485417268211,0.11,0.011040265591678602,0.8752151116761645,-4.037795679463744,1.0
1199,SNIa-BL/sn2003kc.p0020.dat,Sc,0.6821923951268971,0.09,0.01,0.8610386377655217,-4.18623372911939,1.0
1200,SNIb/sn2005hg.m0010.dat,Sc,0.6822602176519127,0.11,0.01,0.8767411203813941,-4.342667967861174,1.0
1201,SNIa-BL/sn1996Z.p0006.dat,Sc,0.6823053889386439,0.13,0.01,0.798249731161595,-4.002490182445965,1.0
1202,SNIb/sn2009iz.m0010.dat,Sc,0.6826208541326948,0.11,0.01,0.8851566214646075,-4.2924129291286,1.0
1203,SNIa-CN/sn2003it.p0008.dat,Sc,0.6829996265398264,0.14,0.010662654275378332,0.8180952342714058,-4.201142437560855,1.0
1204,SNIa-CN/sn2006N.p0028.dat,Sc,0.6832739730616253,0.06,0.01,0.8571805127555898,-4.374567025993131,1.0
1205,SNIa-SS/sn2006gr.m0004.dat,Sc,0.6834245672147005,0.16,0.010799602354822694,0.7948368278084598,-4.1783249080192,1.0
1206,SNIa-CN/sn2004at.p0001.dat,Sc,0.6835583249213619,0.04,0.010248645643368394,1.0006343039415437,-4.5,0.985057558857593
1207,SNIa-CN/sn2003it.p0009.dat,Sc,0.6841585003350671,0.09,0.01,0.8953719598995313,-4.451263333664492,1.0
1208,SNIa-CN/sn2008Q.m0001.dat,Sc,0.684444750695624,0.04,0.011229595702498896,0.9808101287575549,-4.5,0.9748261551317648
1209,SNIa-CN/sn2006et.p0002.dat,Sc,0.6845692512109117,0.05,0.010006124418918516,0.9913112460457074,-4.5,0.9549720476565933
1210,SNIa-CL/sn2007ux.p0016.dat,Sc,0.6846717632409068,0.08,0.01,0.9237303520962399,-3.8026838270731145,1.0
1211,SNIa-CN/sn1995D.p0010.dat,Sc,0.6848078573957724,0.13,0.018863400144244778,0.8774449421623065,-3.487140174137913,1.0
1212,SNIa-BL/sn2001bg.p0014.dat,Sc,0.685197174468524,0.11,0.010181923109657605,0.9385744266206827,-3.7119422445284203,1.0
1213,SNII/sn2006bp.p0021.dat,Sc,0.6852328959401993,0.12,0.01,0.7378283457548555,-4.381626199867926,1.0
1214,SNIa-BL/sn2001bf.p0001.dat,Sc,0.6852923876254702,0.04,0.010679366665241729,0.9915672601462231,-4.496952556700153,1.0
1215,SNIa-CN/sn2006le.p0007.dat,Sc,0.6857022995194691,0.13,0.01,0.8312088065901094,-4.220904650746857,1.0
1216,SNIa-CN/sn2007F.p0003.dat,Sc,0.685706750678008,0.05,0.01019799927160633,0.9873094437765602,-4.5,0.950896498589924
1217,SNIa-CN/sn2005cf.m0001.dat,Sc,0.6859125523461456,0.04,0.010734497003704192,0.9822085251209797,-4.5,0.9780308497930029
1218,SNIa-BL/sn2007le.m0006.dat,Sc,0.6861159619685494,0.04,0.011110782839206412,0.9399832289937649,-4.497656850489276,0.9799257530014065
1219,SNIa-CN/sn1998bu.p0009.dat,Sc,0.6865021113551368,0.09,0.01,0.8821736665824224,-4.353575745428361,1.0
1220,SNIa-BL/sn2007co.p0008.dat,Sc,0.6865193922674122,0.09,0.01,0.8821638406167387,-4.370652806141062,1.0
1221,SNIa-CN/sn2006le.p0009.dat,Sc,0.6873046689493143,0.13,0.0188003202106435,0.8024802783453693,-3.5570505676925093,1.0
1222,SNIa-CN/sn1996X.max.dat,Sc,0.6873945007547768,0.05,0.01,0.9758866997987011,-4.479044784491325,1.0
1223,SNIa-BL/sn1999gh.p0006.dat,Sc,0.6875655476322857,0.12,0.01,0.8727581350063548,-4.1172584680146755,1.0
1224,SNIa-CN/sn2000cp.m0002.dat,Sc,0.6878559829419713,0.15,0.01,0.7116064410841696,-4.48478028672194,1.0
1225,SNIa-CN/sn1999ek.p0009.dat,Sc,0.6879056279157141,0.11,0.01,0.813691359576525,-4.16564792927468,1.0
1226,SNIa-CN/sn1998bu.m0002.dat,Sc,0.6879935628671638,0.04,0.010080349703811858,0.971981799786296,-4.5,1.0
1227,SNIa-SS/sn2006cz.m0001.dat,Sc,0.6887962932361046,0.15,0.01,0.803276409269742,-4.322209530581993,1.0
1228,SNII/sn2006bp.p0033.dat,Sc,0.6889832398119706,0.11,0.01,0.7237559814246342,-4.5,1.0
1229,SNIa-CN/sn1996X.m0001.dat,Sc,0.6903595492640973,0.04,0.010153486918979172,0.9882744611620958,-4.5,1.0
1230,SNII/sn1999gi.p0031.dat,Sc,0.6913020241133158,0.1,0.01,0.774518569993819,-4.477784696235251,1.0
1231,SNIa-CN/sn2007fs.p0003.dat,Sc,0.6919039651375767,0.05,0.01,0.9997154933200958,-4.483618695891954,0.976742633561925
1232,SNIa-CN/sn2008Q.m0002.dat,Sc,0.692062170899573,0.04,0.011569851010865016,0.9668592945733999,-4.5,0.9742947233537707
1233,SNIa-SS/sn2003fa.p0009.dat,Sc,0.6923762858369532,0.05,0.011312290716241296,0.9765025136516632,-4.450616187292904,0.9535846266977267
1234,SNIc-bl/sn2003jd.p0021.dat,Sc,0.6924080693960722,0.08,0.012677079499151759,0.8355507003890289,-4.020344102474247,1.0
1235,SNIb/sn2007kj.m0001.dat,Sc,0.6924400849436491,0.11,0.01,0.9061435697978544,-4.131230335840687,1.0
1236,SNIa-CN/sn2004at.p0002.dat,Sc,0.6930815862024804,0.04,0.010313769157109194,0.9948387029223279,-4.4985221330028295,0.985057558857593
1237,SNIa-CN/sn2002jy.p0010.dat,Sc,0.6930963675629558,0.13,0.01,0.8854242292005183,-4.068307573688853,1.0
1238,SNIc-bl/sn2003jd.p0020.dat,Sc,0.6931162532946592,0.08,0.01029723491089848,0.8593682490454758,-4.133018008624396,1.0
1239,SNIa-CN/sn2003it.m0003.dat,Sc,0.6931313484519777,0.05,0.011989559470159138,0.9185046753191572,-4.5,1.0
1240,SNIa-CL/sn2002fb.m0005.dat,Sc,0.6931924030565147,0.15,0.01,0.8152573335364233,-4.158976591416221,1.0
1241,SNIa-BL/sn2002bo.p0014.dat,Sc,0.6933626076429729,0.11,0.01,0.9042810397430326,-3.7066059335064487,1.0
1242,SNIa-CL/sn2003iv.p0007.dat,Sc,0.6935569263883048,0.12,0.01032412578189719,0.8683601413356131,-4.227375763340412,1.0
1243,SNIa-SS/sn2006cz.m0004.dat,Sc,0.693622179498552,0.15,0.01,0.832721397004675,-4.23281505828702,1.0
1244,SNIa-CN/sn2003du.p0002.dat,Sc,0.6936741642964229,0.04,0.021651171724656967,0.9843029133010844,-3.6629693065844933,1.0
1245,SNIIb/sn2008ax.m0010.dat,Sc,0.6942112295969287,0.11,0.01,0.8395207934065964,-4.344965490164691,1.0
1246,SNIa-CN/sn2000ce.p0009.dat,Sc,0.6945689374922175,0.12,0.011052569074342709,0.792251151754333,-4.189145605065303,1.0
1247,SNIa-CN/sn2005cf.p0001.dat,Sc,0.6954505064712053,0.04,0.01,1.0037056009886225,-4.488187020536957,0.9775638339880988
1248,SNIa-CN/sn2005cf.m0000.dat,Sc,0.6956290870690593,0.05,0.01057672943763139,0.9652081177538512,-4.5,1.0
1249,SNIa-CN/sn2003it.m0001.dat,Sc,0.6960562180449719,0.05,0.011136103086235312,0.934433897187266,-4.5,1.0
1250,SNIa-SS/sn2003fa.p0014.dat,Sc,0.6965801883960762,0.12,0.01180210733822984,0.8958596295039789,-3.910233984820678,1.0
1251,SNIIb/sn1996cb.p0095.dat,Sc,0.6966974589454322,0.11,0.01,0.8367033103526645,-4.455881491067373,1.0
1252,SNIa-CL/sn2002fb.max.dat,Sc,0.6967091582288398,0.14,0.01,0.7877957094768371,-4.241888497570028,1.0
1253,SNIa-SS/sn2008Z.p0008.dat,Sc,0.6971160319180387,0.14,0.01,0.8159469602620962,-4.295045502365003,1.0
1254,SNIb/sn1998dt.max.dat,Sc,0.6973096606368726,0.11,0.01,0.8682538573576815,-4.284276655771815,1.0
1255,SNIb/sn2005hg.m0012.dat,Sc,0.6975981608151881,0.11,0.01,0.8728103397983513,-4.331711590212243,1.0
1256,SNIa-SS/sn2008Z.p0012.dat,Sc,0.697631471259483,0.13,0.01,0.8557403877667529,-4.1341155629054915,1.0
1257,SNIa-BL/sn2005am.p0008.dat,Sc,0.6977744700644759,0.13,0.010840127285985502,0.8437204350186471,-4.08743239607941,1.0
1258,SNII/sn2013am.p0010.dat,Sc,0.6983277420399359,0.11,0.012293489790454828,0.6731122125807809,-4.5,1.0
1259,SNIa-CN/sn2008Q.m0000.dat,Sc,0.6985717310628913,0.04,0.01103963786816319,0.985836032818499,-4.5,0.9753575869097589
1260,SNIc-bl/sn2003jd.p0033.dat,Sc,0.6986894886372994,0.09,0.01,0.8587045153838596,-4.231424853771632,1.0
1261,SNIa-CL/sn2006H.p0012.dat,Sc,0.6993147028086404,0.06,0.01,0.8388451571201841,-4.444107116936911,1.0
1262,SNIc/sn2004gt.p0048.dat,Sc,0.6993197801903227,0.11,0.011812088887483954,0.7760456020942089,-4.5,1.0
1263,SNIa-BL/sn2007le.p0012.dat,Sc,0.6993833806187162,0.11,0.01,0.925273307695014,-3.7646733179456806,1.0
1264,SNIa-CN/sn2008Q.m0003.dat,Sc,0.6995730170732516,0.05,0.01197004595750551,0.9246493771304298,-4.5,1.0
1265,SNIa-CL/sn2002cf.m0005.dat,Sc,0.7001678538072952,0.15,0.01,0.7922310171445054,-4.276015477756119,1.0
1266,SNIa-BL/sn2006cj.p0004.dat,Sc,0.7006669431712287,0.15,0.01,0.7758787760183601,-4.41159472449786,1.0
1267,SNIa-CL/sn1998de.m0000.dat,Sc,0.701041360703821,0.12,0.01,0.8063111901763396,-4.245745911333895,1.0
1268,SNIa-CL/sn1999by.p0006.dat,Sc,0.7011290838269152,0.07,0.010506707508017455,0.8946828376379108,-4.043400426706003,1.0
1269,SNIb/sn2005hg.m0009.dat,Sc,0.7012967418840949,0.11,0.010879641239229666,0.8429640186083033,-4.28996364051235,1.0
1270,SNIa-CN/sn2002jy.p0006.dat,Sc,0.7013853352443485,0.04,0.01,0.9990188621184745,-4.49047757598665,0.9955466264757823
1271,SNIa-CN/sn2006N.m0001.dat,Sc,0.7016625492919194,0.05,0.012172999336730174,0.9008564707120365,-4.5,0.9862648938147671
1272,SNIa-CN/sn2004L.p0026.dat,Sc,0.7020151061501242,0.06,0.011376662842744429,0.8691759375770243,-4.2995404568535385,1.0
1273,SNIa-SS/sn1998ab.p0036.dat,Sc,0.7023098076163021,0.06,0.01,0.933671150584246,-4.14397777342676,1.0
1274,SNIa-CN/sn1995D.p0012.dat,Sc,0.7030123229212715,0.12,0.011771162448997226,0.9269876676521039,-3.855367482978994,1.0
1275,SNIa-SS/sn2002cx.p0015.dat,Sc,0.7031630003284545,0.06,0.01,0.9093913946546976,-4.206633814567872,1.0
1276,SNIa-CN/sn1997dt.max.dat,Sc,0.7033027229154678,0.04,0.010828189045737588,0.9220630016226465,-4.5,1.0
1277,SNIa-CL/sn2000dk.p0004.dat,Sc,0.7034113960688911,0.14,0.010167372731122292,0.8199559426227052,-4.244488397237772,1.0
1278,SNIa-CL/sn2006bt.m0003.dat,Sc,0.7034569915599476,0.09,0.01210308862548776,0.8440384063164992,-4.5,1.0
1279,SNIa-CN/sn1996X.p0001.dat,Sc,0.7035508901020467,0.04,0.01,1.0010750760680978,-4.438779020102567,1.0
1280,SNIIn/sn2008S.m0004.dat,Sc,0.7041801432104937,0.07,0.01570798807242459,0.6759740588405682,-4.5,0.9537741852491126
1281,SNIa-CL/sn2006hb.p0009.dat,Sc,0.7045795593443516,0.11,0.01,0.9017230535826463,-4.148143349267762,1.0
1282,SNIa-BL/sn1997do.m0012.dat,Sc,0.7047209472030558,0.11,0.01,0.8363588810093784,-4.48775248604209,1.0
1283,SNIa-CL/sn2006bt.p0001.dat,Sc,0.7053082153566735,0.15,0.01,0.8543093758954685,-4.128596102537219,1.0
1284,SNIIb/sn2008ax.m0009.dat,Sc,0.7055446305860895,0.11,0.01,0.8417531717009499,-4.355331392282714,1.0
1285,SNIa-CL/sn2002eu.p0061.dat,Sc,0.7058938671941648,0.09,0.01,0.8644163729104173,-4.110299567333419,1.0
1286,SNIa-CN/sn2005cf.p0003.dat,Sc,0.7059042829741379,0.04,0.01,1.0025805320169865,-4.46729188567299,0.9783475616606963
1287,SNIa-CN/sn2003it.m0000.dat,Sc,0.7063394925525647,0.04,0.01073735604652875,0.9762499174720228,-4.5,0.974246411373953
1288,SNIa-BL/sn2001bf.p0009.dat,Sc,0.7064915874500626,0.12,0.01,0.8439073730225741,-3.707462232806313,1.0
1289,SNIb/sn2007kj.p0004.dat,Sc,0.706507319297693,0.1,0.013941386482838457,0.8246316621539076,-3.881996691014779,1.0
1290,SNIa-CN/sn1999ef.p0008.dat,Sc,0.7067259954946538,0.13,0.01,0.8670241365246864,-4.1560714990633185,1.0
1291,SNIa-CN/sn2000dn.m0008.dat,Sc,0.7071419708427888,0.05,0.012132949871387083,0.9238012987780859,-4.484599423374841,0.9851755515775321
1292,SNIc-bl/sn2003jd.p0047.dat,Sc,0.7071591492436292,0.11,0.0116875204325174,0.7972195335591264,-4.167292752725496,1.0
1293,SNIa-BL/sn2004as.m0004.dat,Sc,0.7072159711991286,0.05,0.010306206674335886,0.9584997996472769,-4.5,0.989397430198457
1294,SNIa-CL/sn1999by.p0007.dat,Sc,0.7080018957237099,0.07,0.01207547093328089,0.9091410383598096,-3.7894508665233735,1.0
1295,SNIIn/sn2008S.p0031.dat,Sc,0.7081885949574812,0.17,0.013708957716723789,0.5062096245972406,-4.5,1.0
1296,SNIb/sn2005bf.m0005.dat,Sc,0.7090160960042128,0.11,0.01,0.8359014429840748,-4.4645036557118525,1.0
1297,SNIa-CSM/sn1999E.p0036.dat,Sc,0.7093948333953377,0.1,0.010234659998826107,0.7788181704296088,-4.5,1.0
1298,SNIa-BL/sn2006ac.p0013.dat,Sc,0.7094694601190938,0.11,0.010087956080622608,0.9518357758853888,-3.668430047736333,1.0
1299,SLSN-IIn/sn2006gy.p0057.dat,Sc,0.7101174424313341,0.05,0.01862434456729655,0.5661950788039791,-4.5,1.0
1300,SNIa-BL/sn2002dj.m0006.dat,Sc,0.7102934139019975,0.06,0.011476117706152778,0.8852716170791227,-4.5,1.0
1301,SNIa-CN/sn2006le.p0013.dat,Sc,0.7104895408527839,0.12,0.01015150006107968,0.8804559287855377,-3.9255818388401265,1.0
1302,SNIa-CN/sn2002cr.m0008.dat,Sc,0.7105278738369021,0.05,0.011886692502267865,0.9324982295339067,-4.5,1.0
1303,SNIa-BL/sn1998ec.m0004.dat,Sc,0.7105388385149338,0.05,0.010408115938913992,0.9389062013024169,-4.5,1.0
1304,SNIa-BL/sn2003kc.m0001.dat,Sc,0.7111309313668004,0.05,0.010434246372825532,0.9486878336810268,-4.5,0.980194927119728
1305,SNIa-CN/sn1998bu.p0011.dat,Sc,0.7111468244651726,0.11,0.01,0.9121204968629986,-3.9539141316915867,1.0
1306,SNIb/sn2005hg.m0008.dat,Sc,0.7113326008566654,0.11,0.01,0.8661611389859545,-4.313070027406319,1.0
1307,SNIa-BL/sn2006cp.p0006.dat,Sc,0.7116696908024549,0.13,0.01,0.8709311099720657,-4.111128535328218,1.0
1308,SNIa-CN/sn2002cr.m0006.dat,Sc,0.7118258201417154,0.05,0.012040104171508702,0.9181109578270152,-4.5,1.0
1309,SNIIb/sn2008ax.m0011.dat,Sc,0.7120513798285344,0.11,0.01,0.8344214568111175,-4.312341519005992,1.0
1310,SNIc/sn2005az.p0029.dat,Sc,0.7124174222103726,0.09,0.011364903649009373,0.7319370800682211,-4.5,1.0
1311,SNIa-BL/sn2003W.m0007.dat,Sc,0.7124809356732281,0.06,0.010387646713986478,0.9326142931316109,-4.5,1.0
1312,SNIa-CN/sn1998co.p0004.dat,Sc,0.7130905808967599,0.14,0.012047744121460077,0.7499250044358771,-4.192153398041456,1.0
1313,SNIa-CN/sn2005cf.p0002.dat,Sc,0.7133619556183262,0.04,0.01,1.0045160973798264,-4.487424759331595,0.9825829118913777
1314,SNIa-BL/sn1996bo.p0011.dat,Sc,0.7135771460143833,0.11,0.01,0.9036682576213845,-3.6079471728935015,1.0
1315,SNII/sn1999em.p0008.dat,Sc,0.7136828622063127,0.11,0.012909034960403578,0.7713015345756392,-4.5,1.0
1316,SNIa-CL/sn2003Y.m0006.dat,Sc,0.7138118256152353,0.09,0.020335553218705865,0.8446965421295263,-3.5453509191256085,1.0
1317,SNIa-CN/sn2003kf.p0009.dat,Sc,0.7139694046867328,0.13,0.01,0.8533591027948323,-4.139045718929678,1.0
1318,SNIa-SS/sn2003hu.p0002.dat,Sc,0.7145563269596205,0.14,0.01,0.7810695363513193,-4.384610879842671,1.0
1319,SNIa-CN/sn2003it.p0001.dat,Sc,0.7150013326820363,0.04,0.010680497164427864,0.975661906930406,-4.5,0.974246411373953
1320,SNIa-CN/sn1997dt.m0005.dat,Sc,0.7150311001832615,0.05,0.011964107218660917,0.8719350331947996,-4.5,1.0
1321,SNIa-CN/sn1999ef.p0007.dat,Sc,0.7151679501161091,0.13,0.010752912494853523,0.8602263539044452,-4.112410907133054,1.0
1322,SNIb/sn2005bf.m0003.dat,Sc,0.7153473143907662,0.11,0.01,0.822653125303439,-4.5,1.0
1323,SNIa-BL/sn1998ec.m0003.dat,Sc,0.7156424733331883,0.04,0.010368489342230152,0.96885862656831,-4.5,0.9841127912522701
1324,SNIa-BL/sn2001da.m0002.dat,Sc,0.7158414334118164,0.05,0.010163096733216316,0.9452333638651865,-4.5,1.0
1325,SNIa-CN/sn2006al.p0009.dat,Sc,0.7167921062786733,0.12,0.01,0.8556165309648125,-4.258277890849676,1.0
1326,SNIa-BL/sn2001ep.p0008.dat,Sc,0.717214521024244,0.11,0.01,0.8774531236320633,-3.695988175752177,1.0
1327,SNIa-CL/sn2007ci.m0002.dat,Sc,0.7172359831477662,0.15,0.01,0.8409618962837146,-4.20625813021623,1.0
1328,SNIa-CN/sn2005hc.p0006.dat,Sc,0.7175027221647645,0.13,0.011874207309761102,0.8373026607512895,-4.115974324282493,1.0
1329,SNIa-BL/sn2004as.m0005.dat,Sc,0.717512774266228,0.05,0.010559608062463498,0.949270527928684,-4.5,0.989397430198457
1330,SNIa-SS/sn2006cz.m0002.dat,Sc,0.7175341416027182,0.15,0.01,0.7883218252313782,-4.299301047301275,1.0
1331,SNIa-CN/sn1995D.p0008.dat,Sc,0.7175665551672795,0.09,0.010450365457324588,0.9047521749768328,-4.5,0.9697147373439845
1332,SNIa-BL/sn2003ch.p0001.dat,Sc,0.7179568097709769,0.04,0.010006152959595067,0.9995080858232575,-4.5,0.9746329072124944
1333,SNIIb/sn1996cb.m0004.dat,Sc,0.7182269864624349,0.12,0.01,0.8181899021353708,-4.36300848002112,1.0
1334,SNIa-CN/sn1998co.p0028.dat,Sc,0.7183344259948602,0.06,0.01,0.9124596973352675,-4.201652936142986,1.0
1335,SNIb/sn2005hg.m0006.dat,Sc,0.7184311676546388,0.11,0.01,0.8676951937912526,-4.289852277507158,1.0
1336,SNIa-CL/sn1998de.p0003.dat,Sc,0.7189155248509893,0.11,0.01,0.8181246149972226,-4.154015051718811,1.0
1337,SNIa-CN/sn1996X.p0002.dat,Sc,0.7189412404032531,0.04,0.01,1.0038250272064548,-4.458546371571355,1.0
1338,SNIa-CN/sn2001br.p0027.dat,Sc,0.7193149053843733,0.06,0.01,0.8866839359314873,-4.22118107293645,1.0
1339,SNIb/sn2005bf.m0009.dat,Sc,0.7195833279196463,0.11,0.01,0.87234650085893,-4.3603755054851465,1.0
1340,SNIa-BL/sn2007jg.p0013.dat,Sc,0.7196740701532491,0.11,0.011010302800072138,0.940962937106982,-3.6907917082292885,1.0
1341,SNIa-CN/sn2000cp.m0001.dat,Sc,0.7198460106001957,0.15,0.01,0.7153229223997936,-4.458741630936719,1.0
1342,SNIa-CN/sn2005cf.p0004.dat,Sc,0.7202418222401398,0.04,0.01,0.9997401498688058,-4.457473811790313,0.9731728118224495
1343,SNIa-CL/sn2007hj.p0006.dat,Sc,0.7208709230051875,0.11,0.010384891049417552,0.841809039471449,-4.187594021014524,1.0
1344,SNIa-BL/sn2002cu.m0003.dat,Sc,0.7209079344598693,0.05,0.01,0.9685914702720759,-4.478892393718236,1.0
1345,SNIa-BL/sn2006ac.p0006.dat,Sc,0.7212039517392133,0.13,0.012365938085367161,0.8692235771868404,-3.889094900875504,1.0
1346,SNIa-CN/sn2007ca.p0012.dat,Sc,0.7221785616820409,0.13,0.01,0.8387769842392035,-4.10522006551717,1.0
1347,SNII/sn2012aw.p0040.dat,Sc,0.7223398525112562,0.1,0.01,0.7818455630797699,-4.232125797265559,1.0
1348,SNIa-CL/sn2006gt.p0002.dat,Sc,0.7227418165220996,0.15,0.01,0.814771667942693,-4.234455749126047,1.0
1349,SNIb/sn2005bf.m0002.dat,Sc,0.7230475373000254,0.11,0.010923994647204394,0.8256921675314792,-4.145526537178744,1.0
1350,SNIa-CN/sn2006N.p0001.dat,Sc,0.723108830809337,0.05,0.011460332210425968,0.9246933483722181,-4.5,0.9796963227126358
1351,SNIa-CL/sn2007ax.p0017.dat,Sc,0.7231893267200347,0.06,0.01,0.8493582076052228,-4.449130565184111,1.0
1352,SNIa-CN/sn2006le.p0014.dat,Sc,0.7241770991508539,0.11,0.01,0.9268173508410066,-3.8011621761112844,1.0
1353,SNIa-BL/sn2005am.p0007.dat,Sc,0.7251947064843287,0.13,0.01,0.8545569849711014,-4.1948364611178155,1.0
1354,SNIa-BL/sn2002cd.m0006.dat,Sc,0.726542665541258,0.05,0.01,0.8944891175687674,-4.449611684705358,1.0
1355,SNIa-CL/sn2002fb.m0003.dat,Sc,0.7265487246416469,0.15,0.01,0.8134131608283843,-4.154553394302694,1.0
1356,SNIa-SS/sn2006gr.m0011.dat,Sc,0.7267029615242532,0.11,0.010647311094458827,0.8284602207109321,-4.5,1.0
1357,SNIa-BL/sn2002ha.m0004.dat,Sc,0.7270436913318796,0.05,0.011526409439796648,0.9303910524798846,-4.5,1.0
1358,SNIIb/sn2008ax.m0008.dat,Sc,0.7270561883174155,0.11,0.01,0.842040784762977,-4.3586468654799395,1.0
1359,SNIa-SS/sn2006gr.m0001.dat,Sc,0.7272435359354715,0.06,0.011137969045385231,0.9476343059101001,-4.5,0.9501018800757223
1360,SNIa-CN/sn2001G.p0065.dat,Sc,0.7274501972331234,0.1,0.01,0.7856809513500043,-4.4033248090201855,1.0
1361,SNIa-SS/sn2005eu.p0023.dat,Sc,0.727807459178732,0.11,0.01,0.8402819803116497,-4.217746952395833,1.0
1362,SNIa-BL/sn2001bf.p0013.dat,Sc,0.7281309668840324,0.11,0.010229113552961298,0.9016927781187746,-4.064965292720439,1.0
1363,SNIa-CN/sn2003it.p0002.dat,Sc,0.7282108223557962,0.04,0.010440012857387368,0.9798956145447606,-4.5,0.974246411373953
1364,SNIa-BL/sn2001en.p0012.dat,Sc,0.7287354542671747,0.11,0.01,0.9376899185106903,-3.82375964927401,1.0
1365,SNIa-CN/sn2006cf.p0007.dat,Sc,0.7287394705815556,0.09,0.011084358103446395,0.8650809451595866,-4.5,1.0
1366,SNIa-BL/sn1994M.p0002.dat,Sc,0.7291484315636579,0.05,0.01,0.9635015566986194,-4.389065888946023,1.0
1367,SNIa-CL/sn2006bz.p0001.dat,Sc,0.7292046793407525,0.14,0.01,0.7729196453429483,-4.242372569836236,1.0
1368,SNIa-CN/sn2001ck.p0005.dat,Sc,0.7293090088171091,0.05,0.010429453753376467,0.9656964221173252,-4.5,0.975225141888165
1369,SNIa-BL/sn2002cd.m0005.dat,Sc,0.7295409664304524,0.05,0.01,0.898737955580992,-4.392972622728838,1.0
1370,SNIIb/sn1996cb.p0114.dat,Sc,0.7295929616708946,0.11,0.01,0.8673519660678307,-4.454488850091284,1.0
1371,SNIa-BL/sn2004as.m0003.dat,Sc,0.7304278331573768,0.05,0.010123871343065385,0.9635756195311014,-4.5,0.989397430198457
1372,SNIa-CL/sn2006bt.m0000.dat,Sc,0.7305528196606681,0.15,0.01,0.843511306033285,-4.159246197359917,1.0
1373,SNIa-CL/sn2005ke.p0007.dat,Sc,0.7306897160057326,0.07,0.01,0.9041234778624309,-3.9614321894622044,1.0
1374,SNIa-CN/sn1996bl.m0004.dat,Sc,0.7308851656359199,0.05,0.011140861169244653,0.9280266180343826,-4.5,0.9782763840750462
1375,SNIa-CN/sn2003it.m0002.dat,Sc,0.7310113552617571,0.04,0.011469332430069036,0.9535906124988718,-4.5,0.974246411373953
1376,SNIa-CN/sn2008bf.p0013.dat,Sc,0.7310786780490313,0.12,0.01,0.917812365806387,-3.9748826027368382,1.0
1377,SNIa-CN/sn2006lf.p0010.dat,Sc,0.7311841446667662,0.11,0.01,0.8380728909814834,-4.019486853997699,1.0
1378,SNIa-CN/sn1997dt.p0002.dat,Sc,0.7312682840372036,0.04,0.010342682572926717,0.9365042094829628,-4.5,1.0
1379,SNIIb/sn2008ax.m0007.dat,Sc,0.7314293335374954,0.12,0.01,0.8150123137299586,-4.3101653956530015,1.0
1380,SNIa-BL/sn2007nq.p0006.dat,Sc,0.7322404655888096,0.14,0.01,0.844729594971749,-4.231288367042364,1.0
1381,SNIa-CL/sn1998de.m0002.dat,Sc,0.7322467177625763,0.12,0.015689945319033928,0.8030899940810188,-3.84856532469181,1.0
1382,SNIa-CN/sn1994D.m0010.dat,Sc,0.7323688339494492,0.06,0.01148433173802237,0.9015999490225389,-4.5,1.0
1383,SNIa-BL/sn2001E.p0015.dat,Sc,0.7327103711048436,0.11,0.01,0.9140781863310603,-3.709440257878315,1.0
1384,SNIa-CN/sn1994ae.p0010.dat,Sc,0.7330789067079624,0.13,0.01,0.8888372316685271,-4.057177004773643,1.0
1385,SNIa-BL/sn1997E.p0011.dat,Sc,0.7333724845984736,0.11,0.01,0.8914877507025114,-3.794459000933016,1.0
1386,SNIa-CN/sn2001G.p0026.dat,Sc,0.733564150501003,0.09,0.01,0.826731578495627,-4.229628724933353,1.0
1387,SNIa-CN/sn2000dg.m0001.dat,Sc,0.7336334782630017,0.05,0.01174296394902964,0.9119247795208092,-4.5,0.9607710336956036
1388,SNIb/sn2005bf.p0001.dat,Sc,0.7336420146792688,0.11,0.01,0.8458069344134062,-4.495513535583608,1.0
1389,SNIa-CL/sn2006bt.p0002.dat,Sc,0.7339099130393887,0.15,0.010068113285741594,0.8412044174695844,-4.162259336003945,1.0
1390,SNIa-CN/sn2006lf.p0011.dat,Sc,0.7356310890657408,0.11,0.01,0.8321922821581812,-4.015337026265088,1.0
1391,SNIb/sn2005bf.m0020.dat,Sc,0.7360650280319556,0.07,0.015097480222417902,0.8597258638842925,-3.938734303718909,1.0
1392,SNIa-CL/sn2006hb.p0008.dat,Sc,0.7362706261197874,0.12,0.01,0.8722096354557101,-4.197779222108749,1.0
1393,SNIc/sn2005az.p0018.dat,Sc,0.736393561182615,0.1,0.012088112852999945,0.6165029071854983,-4.5,1.0
1394,SNIIb/sn1998fa.p0040.dat,Sc,0.7364091143550939,0.09,0.011120374975125984,0.6926282044318032,-4.5,1.0
1395,SNIa-CN/sn1998bu.p0012.dat,Sc,0.7365257828189125,0.11,0.01,0.9273540807616009,-3.8806053120266144,1.0
1396,SNIa-BL/sn2007le.p0013.dat,Sc,0.7367077217613562,0.11,0.01,0.9279780793033272,-3.705332708812454,1.0
1397,SNIa-CN/sn2006N.m0003.dat,Sc,0.7368203891246392,0.05,0.01350451592960116,0.8722592339274947,-4.446087495510117,0.9844059665144116
1398,SNIb/sn2004gq.m0002.dat,Sc,0.7372484833687846,0.12,0.01,0.8426931545274383,-4.298634606102599,1.0
1399,SNIa-CN/sn1999ef.p0010.dat,Sc,0.7375242836153972,0.13,0.010988878570246498,0.8795011551512111,-3.9765217236374073,1.0
1400,SNIa-CL/sn2006hb.p0007.dat,Sc,0.7378050890509492,0.14,0.01,0.8243662399594687,-4.237977500603197,1.0
1401,SNIa-CN/sn2006et.p0006.dat,Sc,0.7378750410507353,0.05,0.010956227936542764,0.9577791921200427,-4.339228880870957,0.9560342918282251
1402,SNIa-BL/sn2007co.p0006.dat,Sc,0.7379866431546847,0.13,0.01,0.8482627821446382,-4.16403167517265,1.0
1403,SNIa-CN/sn2003it.p0004.dat,Sc,0.7385932290229634,0.04,0.010096255885975403,0.9889473418899204,-4.5,0.974246411373953
1404,SNIa-CL/sn1999da.m0003.dat,Sc,0.7386606983969051,0.14,0.010156496410037394,0.815459198455539,-4.216580562250606,1.0
1405,SNIa-CN/sn1994D.m0000.dat,Sc,0.7387006939463718,0.03,0.01014557152272404,1.0050162733912424,-4.5,1.0
1406,SNIa-BL/sn1997bp.p0004.dat,Sc,0.7391445614153079,0.14,0.01,0.8325000903566837,-4.050575474419933,1.0
1407,SNIa-BL/sn2004as.m0006.dat,Sc,0.7393248697607253,0.05,0.010669672587747295,0.9429015752538947,-4.5,0.989397430198457
1408,SNIa-SS/sn2002de.p0006.dat,Sc,0.7393821388167491,0.1,0.0169947574905881,0.5076931921620126,-4.5,1.0
1409,SNIb/sn1998dt.p0001.dat,Sc,0.7395514233480764,0.11,0.01,0.8486453344317261,-4.28800699773212,1.0
1410,SNIa-BL/sn2008af.p0006.dat,Sc,0.7395834538731219,0.13,0.01,0.8623161466216189,-4.185825685617316,1.0
1411,SNIb/sn2005hg.m0013.dat,Sc,0.7399260046512485,0.12,0.01,0.8257460391354107,-4.394680305422231,1.0
1412,SNIa-BL/sn2007af.m0005.dat,Sc,0.7400931212083546,0.05,0.011076975347497527,0.9407120083889499,-4.5,1.0
1413,SNIa-CN/sn2006N.p0005.dat,Sc,0.7405228639077959,0.15,0.01,0.757124307934437,-4.380041904918625,1.0
1414,SNIIb/sn2000H.p0001.dat,Sc,0.7408351511252209,0.11,0.012757313228676001,0.8408767847504355,-3.9892266540441303,1.0
1415,SNIa-BL/sn2003cq.p0001.dat,Sc,0.7409123672997757,0.05,0.01,0.9780724309105965,-4.5,0.9805743000381678
1416,SNIa-BL/sn2002cd.m0008.dat,Sc,0.7416710214535953,0.05,0.01032965835919355,0.8738513952014134,-4.5,1.0
1417,SNIa-CL/sn2007bc.p0007.dat,Sc,0.7416954425531254,0.09,0.01,0.9096895845187515,-4.357026260536618,1.0
1418,SNIa-CL/sn2002dl.m0008.dat,Sc,0.7417059960215875,0.16,0.015461088255348003,0.7870497099356534,-3.7536033780224494,1.0
1419,SNIa-CN/sn2002aw.p0001.dat,Sc,0.7420249862624904,0.04,0.010537890153943689,0.9837350844157137,-4.5,0.968862309623163
1420,SNIa-BL/sn1994M.p0003.dat,Sc,0.7424434955810714,0.04,0.01,0.9876287980235678,-4.421180617326206,1.0
1421,SNIa-BL/sn2007co.p0007.dat,Sc,0.7425039813810485,0.13,0.01,0.8553285691913373,-4.115611679936012,1.0
1422,SNIa-BL/sn1994M.p0004.dat,Sc,0.7426948396086078,0.04,0.01,1.0039883949946773,-4.415163015802678,1.0
1423,SNIa-BL/sn2007kk.p0008.dat,Sc,0.7427913373572949,0.13,0.012113818118315932,0.8263407077159383,-3.9752711841560133,1.0
1424,SNII/sn2002gd.p0018.dat,Sc,0.7428294383357742,0.09,0.01,0.8154524357101016,-4.4937727835753085,1.0
1425,SNIa-CN/sn2003it.p0003.dat,Sc,0.7433622275232501,0.04,0.010573175673367255,0.9721927945418375,-4.5,0.974246411373953
1426,SNIa-CN/sn2001ck.p0006.dat,Sc,0.7434651270380064,0.05,0.01,0.9648506017772635,-4.275288934673364,1.0
1427,SNIa-CN/sn2002do.p0019.dat,Sc,0.743595885732288,0.06,0.01,0.8785870600656043,-4.390959329233297,1.0
1428,SNIb/sn2005hg.m0004.dat,Sc,0.7438091234788965,0.11,0.01,0.8478657145077598,-4.2655736347631565,1.0
1429,SNIa-CL/sn2003Y.m0003.dat,Sc,0.7438472302936482,0.11,0.010968605885837155,0.8298662769111383,-4.176595822766417,1.0
1430,SNIIb/sn2008ax.m0014.dat,Sc,0.7444094590921468,0.11,0.01,0.8192056281554305,-4.224392944382832,1.0
1431,SNIa-CN/sn2006az.m0001.dat,Sc,0.74490367027837,0.15,0.01,0.8020886382428963,-4.329214565041754,1.0
1432,SNIa-SS/sn2001V.p0022.dat,Sc,0.7454141972460221,0.1,0.01,0.9095550661202785,-3.793949024278505,1.0
1433,SNIc/sn2005az.p0031.dat,Sc,0.74555325953706,0.09,0.011191004249255336,0.7333212792756735,-4.5,1.0
1434,SNIa-CN/sn1994ae.p0008.dat,Sc,0.7458470450646024,0.09,0.01010805611869812,0.9059187110633464,-3.8977892026957512,1.0
1435,SNIa-CL/sn2006H.p0014.dat,Sc,0.7458609124588904,0.06,0.01,0.8403303691798325,-4.377468458790366,1.0
1436,SNIa-SS/sn1999gp.p0021.dat,Sc,0.7463199370231277,0.1,0.01,0.8889257572511929,-3.9859060395052746,1.0
1437,SNIa-CN/sn2006ax.p0001.dat,Sc,0.7470597875328768,0.05,0.011576067296220927,0.9694836800023569,-4.5,0.9726508256558939
1438,SNIa-CN/sn2004fz.m0007.dat,Sc,0.7471526560139041,0.05,0.012651389003467335,0.9127509618888044,-4.5,0.9728892886331992
1439,SNIa-BL/sn2003ch.p0004.dat,Sc,0.7473057384796401,0.04,0.01,1.0064527121391234,-4.485687566568335,0.9746329072124944
1440,SNIa-CL/sn2007fb.p0014.dat,Sc,0.7481197260929551,0.11,0.01,0.9446949948262323,-3.8837950038154867,1.0
1441,SNIa-CL/sn2006gt.p0003.dat,Sc,0.7482372664721099,0.15,0.010436099369870973,0.8178325955416295,-4.185296393981217,1.0
1442,SNIIb/sn2006el.p0016.dat,Sc,0.7483020723194826,0.07,0.013340879600633494,0.7841399575477314,-4.458317212782998,1.0
1443,SNIa-CN/sn2005cf.p0005.dat,Sc,0.7494318623393744,0.04,0.01,0.9921736189159044,-4.46499593683228,0.977875177858035
1444,SNIa-CN/sn2004bg.p0011.dat,Sc,0.7495218930090227,0.12,0.01,0.9244879192297772,-4.01626412904409,1.0
1445,SNIa-CN/sn2004bg.p0006.dat,Sc,0.749543026876735,0.04,0.010152254929092677,1.0096673632686677,-4.5,0.9806235927098836
1446,SNIc/sn2005az.p0061.dat,Sc,0.7496931981764782,0.11,0.010136111786358369,0.7677176229143694,-4.5,1.0
1447,SNIa-BL/sn2002bo.m0013.dat,Sc,0.750140385304819,0.16,0.01,0.7437983109368341,-4.255378784444539,1.0
1448,SNIa-SS/sn1999gp.p0035.dat,Sc,0.7506740781696918,0.06,0.01,0.9263686971205003,-4.080458661510276,1.0
1449,SNIa-BL/sn2003ch.m0002.dat,Sc,0.7519752625926841,0.05,0.010622776626769219,0.9618337826346381,-4.497934648792841,1.0
1450,SNIb/sn2005bf.p0007.dat,Sc,0.7520343072742023,0.09,0.01,0.8427429841964353,-4.487244969133538,1.0
1451,SNIa-CN/sn2001G.p0062.dat,Sc,0.7520958690896513,0.09,0.01,0.8455906260678917,-4.277001525727659,1.0
1452,SNIa-BL/sn2001ep.p0088.dat,Sc,0.7522306667534381,0.1,0.01,0.8479824570208628,-4.297577070978286,1.0
1453,SNIa-BL/sn2007bm.p0013.dat,Sc,0.7522611174452466,0.11,0.01,0.8430968975974574,-3.9540452145805323,1.0
1454,SNIa-CN/sn1994ae.p0009.dat,Sc,0.7525378503800464,0.13,0.01,0.8928519428556526,-4.09771304457613,1.0
1455,SNIa-CN/sn2001fe.p0054.dat,Sc,0.7529251287165178,0.09,0.012305179671962908,0.8270279562904865,-4.10698703880419,1.0
1456,SNIa-BL/sn2002dj.m0007.dat,Sc,0.7529779093536728,0.06,0.011515451137931879,0.884977937430553,-4.5,1.0
1457,SNIa-CN/sn2003it.p0007.dat,Sc,0.7529787984598177,0.14,0.01,0.8257157708158835,-4.2515492881288095,1.0
1458,SNIa-BL/sn2004as.m0007.dat,Sc,0.7535478029390404,0.05,0.010827125130792797,0.9390223956681744,-4.5,0.989397430198457
1459,SNIa-CN/sn2008bf.p0008.dat,Sc,0.75408671070274,0.14,0.01,0.865938072314258,-4.156906422373768,1.0
1460,SNIa-CN/sn2002cr.p0005.dat,Sc,0.7542274083101038,0.04,0.010049586219957938,0.9996286829283176,-4.5,1.0
1461,SNIa-BL/sn2002dj.m0008.dat,Sc,0.7543179081836487,0.11,0.012376905394273942,0.7344803949804158,-4.5,1.0
1462,SNIa-CL/sn2006bz.m0000.dat,Sc,0.7545220519177979,0.14,0.01,0.7956418763528332,-4.1781799405594455,1.0
1463,SNIc/sn2005kl.p0070.dat,Sc,0.7545603474315628,0.14,0.013923547823023961,0.5844291869703688,-4.5,1.0
1464,SNIa-BL/sn2003ch.m0000.dat,Sc,0.7548837634322677,0.04,0.011172693733476739,0.9858156257647721,-4.407057973332181,0.9746329072124944
1465,SNIa-SS/sn1999dq.p0017.dat,Sc,0.7549234142868014,0.11,0.010354614788268653,0.8740525267056866,-3.998969815441545,1.0
1466,SNIa-CN/sn2006N.p0006.dat,Sc,0.7550486465987792,0.14,0.01,0.7935464155037906,-4.333844079621284,1.0
1467,SNIa-CN/sn1998dm.p0012.dat,Sc,0.755104079081646,0.12,0.01,0.8643804981106136,-4.0491216865712065,1.0
1468,SNIa-CN/sn2002cr.p0001.dat,Sc,0.7553797246473,0.04,0.010413569881742713,0.989287005843175,-4.5,1.0
1469,SNIa-CL/sn2006H.p0010.dat,Sc,0.7553902716532492,0.06,0.01,0.872591780646527,-4.292386732794907,1.0
1470,SNIa-CL/sn2006bt.m0001.dat,Sc,0.7558165188444809,0.15,0.01,0.8469513636926251,-4.154761082394462,1.0
1471,SNIa-CN/sn2001G.p0055.dat,Sc,0.7559084648791826,0.09,0.01,0.8338552686953299,-4.275254972335962,1.0
1472,SNIIb/sn2008bo.m0010.dat,Sc,0.7559692914987941,0.1,0.010586138362258779,0.8120373092158846,-4.301100831451447,1.0
1473,SNIa-CN/sn2002cr.m0002.dat,Sc,0.7563582231538114,0.04,0.01132941356365752,0.9602301508931302,-4.496811040659162,1.0
1474,SNIa-BL/sn2002he.p0006.dat,Sc,0.7566208575240958,0.14,0.01,0.8556044157611449,-4.176739301373833,1.0
1475,SNIa-CN/sn2005hc.p0005.dat,Sc,0.756631883949489,0.14,0.01,0.8357786303572391,-4.265487654719838,1.0
1476,SNIa-CN/sn2003it.p0006.dat,Sc,0.7575701826980022,0.04,0.010030753770010021,0.9943312055583189,-4.5,0.974246411373953
1477,SNIa-BL/sn2005am.p0015.dat,Sc,0.7578418630702101,0.1,0.013136105003718927,0.9067896197786963,-3.575360124318977,1.0
1478,SNIb/sn2005hg.m0007.dat,Sc,0.7585710327308837,0.11,0.01,0.8725368005003358,-4.295917899075534,1.0
1479,SNIa-BL/sn1996Z.p0014.dat,Sc,0.7591159586391255,0.11,0.011661142302432051,0.9040293794888637,-3.5123071780706345,1.0
1480,SNIa-BL/sn2002cd.m0004.dat,Sc,0.7596678197494158,0.05,0.01,0.9125338295909721,-4.308918580505685,1.0
1481,SNIa-BL/sn2004as.p0002.dat,Sc,0.7604102953578675,0.04,0.01,1.0219595974502573,-4.387532205366289,0.9516471408148046
1482,SNIa-CL/sn2007ci.m0004.dat,Sc,0.7606491860262596,0.15,0.01189375848369633,0.8315640050641415,-4.057622274913719,1.0
1483,SNIa-CN/sn2001ck.p0014.dat,Sc,0.7607684752931138,0.11,0.01,0.933582806566433,-3.890190629972048,1.0
1484,SNIb/sn2007C.m0005.dat,Sc,0.7610899604429011,0.11,0.012688957634666516,0.7561610503882478,-4.139957674305193,1.0
1485,SNIa-CN/sn2003kf.p0011.dat,Sc,0.7611758513471167,0.13,0.01,0.8552050145699511,-4.032133041779598,1.0
1486,SNIa-BL/sn2007af.m0006.dat,Sc,0.7613238472420373,0.05,0.011471315114319876,0.9230366168218462,-4.5,1.0
1487,SNIa-BL/sn2004as.m0001.dat,Sc,0.7615783035948209,0.05,0.01,0.9657278713594692,-4.482034788253877,0.989397430198457
1488,SNIa-BL/sn2002bf.p0002.dat,Sc,0.7629019720202714,0.05,0.01,0.9703605870291631,-4.393246837045281,1.0
1489,SNIb/sn2005hg.m0005.dat,Sc,0.7630340670493357,0.11,0.01,0.8624031977099996,-4.2969505920636974,1.0
1490,SNIa-BL/sn2003ch.p0005.dat,Sc,0.7634012487568017,0.04,0.01,1.007519150607217,-4.484336541232692,0.9746329072124944
1491,SNIb/sn2005bf.p0005.dat,Sc,0.7639327904379078,0.09,0.010389265590406318,0.8670797209484375,-4.5,1.0
1492,SNIa-SS/sn2001V.p0023.dat,Sc,0.7643257601849028,0.1,0.01,0.8963812827197286,-3.8071741810992243,1.0
1493,SNIc-bl/sn2003jd.p0022.dat,Sc,0.7649563027779749,0.09,0.01,0.8433184891052568,-4.185740291465833,1.0
1494,SNIIb/sn2008ax.m0013.dat,Sc,0.7650971240087268,0.11,0.01,0.8267318940069952,-4.303398758330229,1.0
1495,SNIIn/sn2000P.p0045.dat,Sc,0.7652344628158181,0.1,0.010179665709288964,0.8100033471096896,-4.5,1.0
1496,SNIa-CN/sn2002jy.p0007.dat,Sc,0.7662758190721868,0.04,0.010125111244599264,0.9922132110503868,-4.5,0.9955466264757823
1497,SNIa-BL/sn2007le.m0007.dat,Sc,0.7663036489142065,0.05,0.011505102099511088,0.9007531483743799,-4.5,1.0
1498,SNIa-CN/sn2002jy.p0008.dat,Sc,0.7664855586513768,0.05,0.010642825186179254,0.9669103630018684,-4.5,1.0
1499,SNIa-CL/sn1998bp.p0076.dat,Sc,0.7667109297481179,0.1,0.011429704827059479,0.7305853864619118,-4.5,1.0
1500,SNIa-CL/sn2007fb.p0013.dat,Sc,0.7667910236063171,0.11,0.01,0.9378390712562024,-3.9116452606436365,1.0
1501,SNIa-BL/sn2001da.max.dat,Sc,0.7676400760026905,0.04,0.01,0.9906181583643106,-4.440544031793014,1.0
1502,SNIa-BL/sn2004as.m0002.dat,Sc,0.7677402510597178,0.04,0.01,1.0003593005296707,-4.465294515485017,0.9516471408148046
1503,SNIb/sn2005bf.p0002.dat,Sc,0.7679864740497625,0.11,0.01,0.8074983427328103,-4.354376853822338,1.0
1504,SNIa-CL/sn1998bp.max.dat,Sc,0.7683278362341586,0.15,0.01,0.7766406586901914,-4.351976542356199,1.0
1505,SNIa-CSM/snASASSN-15og.p0087.dat,Sc,0.7687770843046318,0.17,0.01372363032644694,0.6858780545167172,-4.1281255226335265,0.9795610014377955
1506,SNIa-SS/sn2001V.p0018.dat,Sc,0.7692428825163429,0.11,0.01,0.9275385829443603,-3.786369858084777,1.0
1507,SNIb/sn2005hg.m0003.dat,Sc,0.7692676096577301,0.11,0.010894141504408922,0.8526047820364564,-4.212625754772893,1.0
1508,SNIa-BL/sn2002cd.max.dat,Sc,0.769300014702379,0.04,0.01,0.9565709041490188,-4.196080748009342,1.0
1509,SNIa-CL/sn1998bp.m0001.dat,Sc,0.7694774048372273,0.15,0.01,0.7884260437372572,-4.307756695861955,1.0
1510,SNIa-BL/sn1999ej.m0002.dat,Sc,0.7695876056246767,0.05,0.011160808256041311,0.9374373107866201,-4.5,1.0
1511,SNIa-CN/sn1998dm.p0010.dat,Sc,0.769675842210365,0.09,0.01,0.8375404246779,-4.497866319195851,1.0
1512,SNIa-CN/sn2005na.p0020.dat,Sc,0.7699816156012839,0.1,0.011867908392763757,0.8288708597033183,-3.9878489613604384,1.0
1513,SNIb-pec/sn2009er.p0053.dat,Sc,0.7700150026765945,0.09,0.01,0.7690361161032058,-4.336102146474457,1.0
1514,SNIa-CN/sn2006le.p0015.dat,Sc,0.7703592312789384,0.11,0.01018180305866662,0.925453092537226,-3.7882539921227174,1.0
1515,SNIa-SS/sn2007ae.p0003.dat,Sc,0.7706248646619734,0.15,0.01,0.8273013954473528,-4.29753411968745,1.0
1516,SNIa-BL/sn2007le.p0005.dat,Sc,0.7707395094101422,0.13,0.01,0.8355720612708211,-4.174851718541869,1.0
1517,SNIa-CN/sn1998dx.p0013.dat,Sc,0.770961915465867,0.11,0.01,0.9420313479825815,-3.961913474694461,1.0
1518,SLSN-IIn/sn2006gy.p0138.dat,Sc,0.7722978590870971,0.06,0.01863672395831382,0.5795829545308275,-4.5,1.0
1519,SNIa-CN/sn2005kc.p0007.dat,Sc,0.7730700491618486,0.12,0.01,0.820438808711357,-4.32981038085837,1.0
1520,SNII/sn2009N.p0033.dat,Sc,0.7732198203907314,0.1,0.01,0.7616880548283272,-4.445073637215137,1.0
1521,SNIa-BL/sn1997do.p0048.dat,Sc,0.7732445328147562,0.08,0.01,0.9023413515339509,-4.0941534968062125,1.0
1522,SNIa-CN/sn2007fs.p0005.dat,Sc,0.7736294497847188,0.05,0.010173942027349262,0.9762243996247825,-4.5,0.976742633561925
1523,SNIIn/sn2007pk.p0059.dat,Sc,0.7736298264626003,0.09,0.01,0.7825230481110105,-4.275085501842592,1.0
1524,SNIa-SS/sn1999dq.p0018.dat,Sc,0.7739137900691949,0.11,0.01,0.8409836057871558,-4.103571234591977,1.0
1525,SNIa-BL/sn2001ay.p0036.dat,Sc,0.7743974507739037,0.06,0.01,0.93670308544458,-4.020025653187706,1.0
1526,SNIc/sn2007gr.p0015.dat,Sc,0.774987727403365,0.09,0.01,0.7990005905152447,-4.341250064369975,1.0
1527,SNIa-CN/sn1998dm.p0007.dat,Sc,0.7751187201151261,0.04,0.01,0.9780398077687646,-4.5,1.0
1528,SNIa-CN/sn2006lf.p0009.dat,Sc,0.7752251817027731,0.12,0.012237308386152602,0.7786528351491023,-3.9535323119417902,1.0
1529,SNII/sn2012aw.p0047.dat,Sc,0.7757950367336169,0.09,0.01,0.8278691865858924,-4.180393597856097,1.0
1530,SNIIb/sn2000H.p0003.dat,Sc,0.7759806179900592,0.1,0.01,0.8497861013399667,-4.244656684135346,1.0
1531,SNIa-BL/sn2001da.p0003.dat,Sc,0.7768076018121634,0.04,0.010359325365008361,0.9842266031703697,-4.382793045845012,1.0
1532,SNIa-SS/sn2006gr.m0002.dat,Sc,0.7769236312606491,0.09,0.011555206790940959,0.8623863823871134,-4.5,1.0
1533,SNIa-BL/sn2006ac.p0015.dat,Sc,0.777046180173757,0.11,0.01,0.9307858751079374,-3.7302743358574277,1.0
1534,SNIa-CN/sn1996C.p0005.dat,Sc,0.7774799493034589,0.04,0.01,0.9786549140382573,-4.5,0.9780147457997307
1535,SNIa-CN/sn1997Y.p0007.dat,Sc,0.7780407111498319,0.12,0.01,0.8213671345210419,-4.216804870017652,1.0
1536,SNII/sn2002gd.p0053.dat,Sc,0.7782122075898199,0.09,0.01,0.7814471706451842,-4.448889543855892,1.0
1537,SNIIn/sn1999el.p0030.dat,Sc,0.778294519521967,0.1,0.012749383847591392,0.6658720276697858,-4.5,1.0
1538,SNIa-BL/sn2004as.m0008.dat,Sc,0.778357530372709,0.05,0.011378209576248303,0.9266328171682703,-4.5,0.989397430198457
1539,SNIb/sn2007C.p0001.dat,Sc,0.7785306775490798,0.1,0.01016257113610861,0.7357475617434935,-4.5,1.0
1540,SNIIb/sn2000H.p0002.dat,Sc,0.7788326370167334,0.1,0.011041518716015282,0.8765828181051949,-4.084794444095919,1.0
1541,SNIa-CN/sn2002ck.p0012.dat,Sc,0.7789256680112568,0.11,0.010085176103599684,0.9389235331301594,-3.88314310816912,1.0
1542,SNIa-BL/sn2001da.m0001.dat,Sc,0.7789977067185738,0.05,0.01,0.9437191257397807,-4.167086354511342,1.0
1543,SNIa-BL/sn2003cq.m0001.dat,Sc,0.7790873157771515,0.05,0.01006258246906425,0.9751093497748432,-4.5,0.9805743000381678
1544,SNIa-CL/sn2007ba.p0005.dat,Sc,0.7793644518850112,0.12,0.01400344093091275,0.8404880052656706,-3.921312672669734,1.0
1545,SNIa-BL/sn2004as.m0000.dat,Sc,0.779856388060465,0.04,0.01423435894694845,0.9954251003146333,-4.053097876261461,0.9516471408148046
1546,SNIa-BL/sn2002cd.m0007.dat,Sc,0.78059822046868,0.05,0.01006183226514752,0.8897493461470535,-4.5,1.0
1547,SNIa-BL/sn1997do.p0020.dat,Sc,0.7806391873035737,0.1,0.01,0.911195823140494,-3.7991763749441985,1.0
1548,SNIa-CN/sn1994D.m0011.dat,Sc,0.7816953882352424,0.16,0.01,0.8330740769609707,-3.8308865588471193,1.0
1549,SNIa-BL/sn2003cq.m0002.dat,Sc,0.7817536431345127,0.05,0.01002600997683869,0.974196928004923,-4.5,0.9805743000381678
1550,SNIc-bl/sn2002ap.p0026.dat,Sc,0.7817716943261548,0.11,0.01,0.724753490567098,-4.45283981102048,1.0
1551,SNIa-BL/sn1997do.p0021.dat,Sc,0.7818662573892087,0.09,0.01,0.9463952340752395,-3.3804744909671447,1.0
1552,SNIa-BL/sn2001ay.m0002.dat,Sc,0.7823488702165848,0.05,0.01,0.9995798100749935,-4.5,0.9924757704509412
1553,SNIa-BL/sn2007af.m0004.dat,Sc,0.7830129346795007,0.05,0.01108851439730092,0.9425609040901665,-4.5,1.0
1554,SNIa-BL/sn2001da.p0002.dat,Sc,0.783082510499965,0.04,0.01,0.9899467398647149,-4.421653106706006,1.0
1555,SNIa-BL/sn1994M.p0006.dat,Sc,0.7831198075824345,0.04,0.01,1.0047082681091495,-4.428791839810988,1.0
1556,SNIa-BL/sn2007le.p0014.dat,Sc,0.783805630842647,0.11,0.01,0.9287545614079232,-3.661263595735202,1.0
1557,SNIa-CN/sn2000fa.p0014.dat,Sc,0.7845643184941555,0.11,0.01,0.9622686413413137,-3.646824329712135,1.0
1558,SNIa-CN/sn1998co.p0025.dat,Sc,0.7846043809030218,0.06,0.010263929200683258,0.8724162096581395,-4.29327877738153,1.0
1559,SNIa-BL/sn1994M.p0007.dat,Sc,0.7857440686350191,0.05,0.01,0.9678307104512696,-4.434499535160466,1.0
1560,SNIa-CN/sn2000dm.m0003.dat,Sc,0.7860766033374788,0.05,0.011784829690295507,0.9124739140002656,-4.5,1.0
1561,SNIa-BL/sn2007af.m0003.dat,Sc,0.7861803613598151,0.05,0.012177156789372834,0.9486890487944402,-4.386916085618227,1.0
1562,SNIa-CN/sn2006cq.m0003.dat,Sc,0.7866428441225793,0.15,0.01,0.825545812819248,-4.275056749470372,1.0
1563,SNIa-BL/sn2002hd.p0001.dat,Sc,0.7869925741323506,0.14,0.010616314844491775,0.8429025711414166,-4.137798883203304,1.0
1564,SNIa-CN/sn2007ca.p0006.dat,Sc,0.787093905177193,0.04,0.01,0.9616610488392172,-4.485816591818677,0.9520551086443759
1565,SNIa-CN/sn2002do.p0030.dat,Sc,0.788021355259209,0.03,0.016749640959054023,0.7312094963986918,-4.463355416980294,0.9716912444413743
1566,SNIa-BL/sn1999cc.m0003.dat,Sc,0.788173709881584,0.05,0.010183949686337365,0.9739084767645603,-4.5,0.9878636796853354
1567,SNIa-CN/sn2007ca.p0013.dat,Sc,0.7891850060611487,0.12,0.01,0.8771139460233871,-3.9980643284252877,1.0
1568,SNIa-SS/sn2003fa.p0018.dat,Sc,0.7892665445361089,0.11,0.01,0.9359892625263773,-3.769714171425254,1.0
1569,SNIa-CL/sn2006bt.p0016.dat,Sc,0.7893768934646411,0.08,0.01,0.9280204561011948,-4.210438780732353,1.0
1570,SNIa-SS/sn1998ab.p0034.dat,Sc,0.7895174101939586,0.06,0.01,0.950142433857948,-3.9928089260317075,1.0
1571,SNIa-CL/sn1998bp.m0002.dat,Sc,0.7901870840360188,0.15,0.01,0.7919192347126836,-4.2853218679252665,1.0
1572,SNIa-CN/sn2006cf.p0002.dat,Sc,0.7903913370955207,0.15,0.016599368827835664,0.771110678437341,-3.8675185824911873,1.0
1573,SNIa-CN/sn2005el.p0002.dat,Sc,0.7904171744977915,0.05,0.011978347180003956,0.9694374404016757,-4.373189345491505,0.9837122560349785
1574,SNIa-BL/sn2007kk.p0006.dat,Sc,0.7904915470489615,0.13,0.01,0.8664212805867141,-4.178041173882812,1.0
1575,SNIb/sn2005bf.p0004.dat,Sc,0.7907797126000533,0.1,0.010095272521819338,0.8531515040511501,-4.5,1.0
1576,SNIa-BL/sn2004as.p0003.dat,Sc,0.790805162748754,0.04,0.01,0.9997035270155944,-4.4275342012723735,0.9516471408148046
1577,SNIa-SS/sn2001V.p0021.dat,Sc,0.7910583913794077,0.1,0.01,0.9103158557745766,-3.5575249618159672,1.0
1578,SNIa-BL/sn2007bd.m0009.dat,Sc,0.791403782281193,0.06,0.012183355367255823,0.8878824433002828,-4.5,0.9593099576136606
1579,SNIa-BL/sn2001gc.p0038.dat,Sc,0.7920758546952479,0.06,0.01,0.8606340138379692,-4.353024760253811,1.0
1580,SNIa-CN/sn2001G.p0053.dat,Sc,0.7925732536655172,0.09,0.01,0.8427587797281068,-4.221908523951633,1.0
1581,SNIa-BL/sn1996bo.p0005.dat,Sc,0.7929261292482475,0.13,0.01,0.7992402328121364,-4.226166643058134,1.0
1582,SNIa-CL/sn2007ba.p0003.dat,Sc,0.7937182694573673,0.15,0.01,0.7773075062352878,-4.304850861454851,1.0
1583,SNIa-CN/sn1994D.p0013.dat,Sc,0.7937797920195793,0.11,0.01108835311152118,0.9393907963595027,-3.749093467381096,1.0
1584,SNIa-CN/sn1998co.p0001.dat,Sc,0.7937954290979076,0.15,0.01,0.8012346976630608,-4.256030698562306,1.0
1585,SNIa-CN/sn2005na.m0002.dat,Sc,0.7943213980662784,0.15,0.01,0.833891634475551,-4.23823117286188,1.0
1586,SNIa-BL/sn1999gh.p0011.dat,Sc,0.7944034604400753,0.09,0.01,0.9268557487152942,-3.772186661573282,1.0
1587,SNIa-BL/sn2003ch.p0007.dat,Sc,0.7944715112472323,0.04,0.010117074852417656,1.0018318009734375,-4.5,0.9746329072124944
1588,SNIa-BL/sn2007af.p0002.dat,Sc,0.7945092589809223,0.04,0.01,1.0036782805671256,-4.475205933057856,0.9846764310168098
1589,SNIa-BL/sn2002cd.p0002.dat,Sc,0.7963568345123734,0.04,0.010435554241851963,0.9519375634301305,-4.130323819247071,1.0
1590,SNIa-CN/sn1998V.p0015.dat,Sc,0.7963584215781561,0.11,0.01,0.9133236782946795,-3.870740618353847,1.0
1591,SNIa-CN/sn1995D.p0017.dat,Sc,0.7973351864483608,0.11,0.01,0.9269970769209869,-3.5594283723040814,1.0
1592,SNIb/sn2005hg.m0002.dat,Sc,0.7974959152197846,0.11,0.01,0.8496263966483795,-4.255508482022047,1.0
1593,SNIa-SS/sn2001az.p0018.dat,Sc,0.797905752391311,0.11,0.01,0.8957390853255617,-4.069658457457357,1.0
1594,SNIIb/sn2008ax.m0012.dat,Sc,0.7979151498294506,0.12,0.01,0.8007676145203237,-4.329154376362118,1.0
1595,SNIa-BL/sn2001bg.p0004.dat,Sc,0.7986330148299826,0.04,0.010260921002486533,1.0138860031986898,-4.311048197915112,1.0
1596,SNIa-SS/sn2005eq.max.dat,Sc,0.7986712023482659,0.15,0.01,0.8336978786420526,-4.230238980019226,1.0
1597,SNIa-BL/sn1996Z.p0004.dat,Sc,0.7991076199197417,0.04,0.01,0.960781191583217,-4.201425095659666,1.0
1598,SNIa-CN/sn1998bu.p0014.dat,Sc,0.7992235795187775,0.11,0.010186010737443749,0.9333092022702285,-3.846687342103676,1.0
1599,SNIa-CN/sn2008ar.m0001.dat,Sc,0.7996792877082458,0.15,0.011113191122532503,0.7797406665457044,-4.221403185876193,1.0
1600,SNIa-CN/sn2007ca.p0009.dat,Sc,0.7999959712665486,0.13,0.01,0.8293820990590876,-4.193273531574671,1.0
1601,SNIa-BL/sn2001bg.p0005.dat,Sc,0.8001739040066772,0.04,0.01,1.0130694934217737,-4.308203051272138,1.0
1602,SNIc-bl/sn2003jd.p0048.dat,Sc,0.8004438064324403,0.11,0.01,0.8280791245060178,-4.189045181748823,1.0
1603,SNIa-BL/sn2001en.p0014.dat,Sc,0.8010176530517117,0.11,0.010709867050362658,0.9314996294916638,-3.705871489805067,1.0
1604,SNII/sn2009N.p0038.dat,Sc,0.8020987345564277,0.09,0.01,0.7775957296737108,-4.376281041592444,1.0
1605,SNIa-BL/sn2002cs.p0003.dat,Sc,0.8021531987555997,0.05,0.010151373399636458,0.9644065292161911,-4.5,1.0
1606,SNIa-BL/sn1994M.p0005.dat,Sc,0.8023937299952973,0.04,0.01,1.0077780361297572,-4.348424957783113,1.0
1607,SNIa-SS/sn2003fa.p0017.dat,Sc,0.802413176530947,0.11,0.01,0.9370613241870298,-3.9103771588215053,1.0
1608,SNIa-CN/sn2006N.p0003.dat,Sc,0.8025002351700524,0.05,0.01149714383897738,0.9142174880710111,-4.5,0.9844059665144116
1609,SNIb-pec/sn2009er.p0054.dat,Sc,0.8025623655397318,0.08,0.012822078659422361,0.7695307757737672,-4.079078664525858,1.0
1610,SNIa-CN/sn2001fe.p0062.dat,Sc,0.8028880362119956,0.1,0.01,0.8174038948108258,-4.365223828934686,1.0
1611,SNIa-CL/sn1996bk.p0003.dat,Sc,0.802997786598362,0.13,0.01,0.7307875549397033,-4.420828519074013,1.0
1612,SNIa-BL/sn2003cq.p0017.dat,Sc,0.8031029117706885,0.1,0.010983836525881863,0.8980816528116758,-3.8197026809567736,1.0
1613,SNIa-BL/sn2001en.p0006.dat,Sc,0.8033264116077437,0.13,0.01,0.8640221756009672,-4.137989205048504,1.0
1614,SNIa-CN/sn2001G.p0123.dat,Sc,0.8034418249268286,0.11,0.01,0.7985406132155634,-4.353586395926014,1.0
1615,SNIc-bl/sn2007D.m0008.dat,Sc,0.80480336567531,0.08,0.011266930754747896,0.7767233464321498,-4.097070716145775,1.0
1616,SNIa-BL/sn2007bm.m0011.dat,Sc,0.8053694903108888,0.15,0.01,0.7390226939006781,-4.430155774905061,1.0
1617,SNIIb/sn1996cb.m0001.dat,Sc,0.805544917067817,0.12,0.01,0.7743219049641048,-4.426801535751505,1.0
1618,SNIa-CL/sn2007bc.m0003.dat,Sc,0.8056216422024037,0.05,0.011698362205713032,0.9505200736232131,-4.5,0.9611341477746816
1619,SNIa-BL/sn2002ha.p0006.dat,Sc,0.806080436834412,0.15,0.01,0.8173360121402603,-4.21134811571021,1.0
1620,SNIa-CL/sn2004gs.p0004.dat,Sc,0.8061389374488881,0.13,0.01,0.8574013421239424,-4.20239986449256,1.0
1621,SNIa-BL/sn2002dp.p0007.dat,Sc,0.8062462995319171,0.09,0.01,0.8802024435600918,-4.434752287085876,1.0
1622,SNIa-CN/sn2003cg.m0001.dat,Sc,0.8064175870029162,0.03,0.01,0.8792681670631268,-4.5,1.0
1623,SNIa-SS/sn1998es.p0023.dat,Sc,0.8066830759142989,0.1,0.01,0.8781278060844816,-3.925740019664693,1.0
1624,SNIa-CL/sn2007ci.m0005.dat,Sc,0.8068159043818672,0.16,0.01,0.8131260239155157,-4.23163542578753,1.0
1625,SNIa-BL/sn2005am.p0005.dat,Sc,0.8070384113976594,0.04,0.01,1.0132967482082982,-4.427526960205364,0.9696460372957605
1626,SNII/sn2012aw.p0048.dat,Sc,0.8077627853807765,0.09,0.01,0.8214422337444596,-4.127846033307192,1.0
1627,SNIa-BL/sn1998dh.m0005.dat,Sc,0.8085153012675574,0.05,0.010272683974348237,0.9555362876117994,-4.5,1.0
1628,SNII/sn1999em.p0037.dat,Sc,0.8086093277200784,0.09,0.010926730182465361,0.8100806422202854,-4.146845615738853,1.0
1629,SNIa-CN/sn2006N.p0002.dat,Sc,0.809344041954869,0.05,0.011518597530422649,0.9232141125309056,-4.5,0.9851918104168943
1630,SNIa-CL/sn2002eu.p0003.dat,Sc,0.8099170038149911,0.15,0.01,0.7950149294185507,-4.315733876796442,1.0
1631,SNIa-BL/sn2007bm.m0009.dat,Sc,0.8101354437626128,0.15,0.01,0.7429925983404488,-4.408762401706834,1.0
1632,SNIa-SS/sn2006S.m0001.dat,Sc,0.8108110454645426,0.06,0.011698828123361692,0.9271725924270973,-4.5,0.9558029001556583
1633,SNIa-BL/sn2002cs.m0005.dat,Sc,0.810924151209695,0.06,0.011162606902092689,0.922845535903698,-4.5,1.0
1634,SNIa-BL/sn2004dt.p0016.dat,Sc,0.8110447336962449,0.11,0.012803413179982952,0.8523317018278487,-3.8943434519518854,1.0
1635,SNIa-BL/sn1994T.p0005.dat,Sc,0.8114251747312604,0.12,0.01,0.8732724101137047,-3.989582417731827,1.0
1636,SNIa-BL/sn2001ay.p0023.dat,Sc,0.8122533227319544,0.09,0.01,0.9061343091777493,-4.024421082433577,1.0
1637,SNIc-bl/sn2003jd.p0027.dat,Sc,0.8127909618690116,0.09,0.01,0.8604269550360757,-4.126573928473295,1.0
1638,SNIa-CL/sn2007au.p0001.dat,Sc,0.8128110597098157,0.14,0.01,0.812436191164867,-4.31315259853975,1.0
1639,SNIa-BL/sn2003ch.p0006.dat,Sc,0.8131657044999728,0.04,0.01,0.9768447097089634,-4.127804577367645,1.0
1640,SNIa-BL/sn2007af.p0003.dat,Sc,0.8147081272279912,0.04,0.01,0.9959919264101837,-4.487809934607737,0.9852132307925615
1641,SNIa-BL/sn2003ch.p0003.dat,Sc,0.814792534456334,0.04,0.01,1.0167269113770092,-4.439601451569944,0.9746329072124944
1642,SNIIn/sn2005kj.p0066.dat,Sc,0.814836750777486,0.03,0.014085830128541593,0.8399205599400907,-4.5,0.9854591308371436
1643,SNIa-CL/sn2007hj.p0001.dat,Sc,0.814931370978617,0.15,0.01,0.7985404948947905,-4.2636905281871496,1.0
1644,SNIa-CN/sn2005ki.p0001.dat,Sc,0.8149327677713086,0.05,0.010886208561876847,0.9684341747452262,-4.499058559705711,0.9677352365555368
1645,SNIa-CL/sn2007fb.p0015.dat,Sc,0.81501348940621,0.11,0.012576276284888879,0.9052239366564405,-3.765885867626677,1.0
1646,SNIa-SS/sn2005hk.p0014.dat,Sc,0.8152832391948593,0.06,0.01,0.920330419551385,-3.9704093334210477,1.0
1647,SNIa-BL/sn1999cc.p0002.dat,Sc,0.8156112433684489,0.04,0.01,1.0187962283878322,-4.4520301513237746,0.9501279974494269
1648,SNIIb/sn1996cb.p0091.dat,Sc,0.8161657563927244,0.11,0.01,0.8493247449734875,-4.381027827213006,1.0
1649,SNIa-BL/sn2007af.p0004.dat,Sc,0.81624392753738,0.04,0.01,0.9975752383475185,-4.472470855200713,0.9857446625705556
1650,SNIa-CN/sn2006D.p0005.dat,Sc,0.8163700274903697,0.04,0.01,0.9980501607078854,-4.450032558380521,0.9709611967463526
1651,SNIa-CL/sn1998bp.m0003.dat,Sc,0.8165170304620716,0.15,0.01,0.8041974911050944,-4.256699308727175,1.0
1652,SNIa-BL/sn2003U.m0006.dat,Sc,0.8170514036623101,0.05,0.011186063602492484,0.9426322008884194,-4.5,1.0
1653,SNIa-CL/sn2007bc.p0006.dat,Sc,0.8172396927072464,0.12,0.01,0.8717980190512715,-4.240106664686475,1.0
1654,SNIa-BL/sn2002he.m0003.dat,Sc,0.817638946907292,0.05,0.01,0.9467616767725147,-4.481197488871175,1.0
1655,SNIa-CL/sn2006gt.p0001.dat,Sc,0.8181486643485314,0.15,0.01,0.8323893555914295,-4.20082123128391,1.0
1656,SNIa-BL/sn2006X.p0011.dat,Sc,0.8182449397778184,0.11,0.01,0.7865718119779687,-3.9235746626983996,1.0
1657,SNIa-BL/sn1999ej.p0003.dat,Sc,0.8189889525529924,0.15,0.01,0.7961341851730049,-4.302993801860305,1.0
1658,SNIa-BL/sn2002cd.p0003.dat,Sc,0.8196661646832011,0.04,0.01,0.9562172824954414,-4.171166692237682,1.0
1659,SNIa-SS/sn1998ab.p0046.dat,Sc,0.8197650780567324,0.06,0.01,0.9509929880927063,-4.117856964837383,1.0
1660,SNIa-BL/sn2002dp.m0005.dat,Sc,0.8204611525970273,0.05,0.011348388262704361,0.9434912040715739,-4.441191198099535,1.0
1661,SNIa-SS/sn1998es.p0014.dat,Sc,0.8205550654680218,0.11,0.01,0.945948714744635,-3.8224061510851524,1.0
1662,SNIa-CL/sn2002eu.p0005.dat,Sc,0.8214923137433022,0.13,0.010223323244620096,0.8041137830137811,-4.381028024952934,1.0
1663,SNIa-CN/sn2006al.p0004.dat,Sc,0.8215421162933128,0.14,0.01,0.8268454978273332,-4.31245162901622,1.0
1664,SNIa-BL/sn2007le.m0008.dat,Sc,0.8223938071611123,0.06,0.011147825490689243,0.8723950688695846,-4.5,1.0
1665,SNIa-BL/sn2000cf.p0017.dat,Sc,0.8233289915544042,0.1,0.010729703120577591,0.9311974258874847,-3.911732889567927,1.0
1666,SNIa-CN/sn2000dn.m0001.dat,Sc,0.8235169898752799,0.05,0.011097682848296061,0.9537362286435954,-4.5,0.9751980438225623
1667,SNIc/sn2005az.p0056.dat,Sc,0.8237729487998178,0.11,0.010547293553233071,0.7316405568147908,-4.5,1.0
1668,SNIa-BL/sn1995al.p0013.dat,Sc,0.8238192316293956,0.11,0.01182340985405268,0.9343528325685168,-3.5762966791232897,1.0
1669,SNIa-SS/sn1998ab.p0007.dat,Sc,0.8246573967082492,0.15,0.01,0.8141053032128277,-4.313010078989014,0.9564005028290855
1670,SNIa-BL/sn1998ef.m0004.dat,Sc,0.8247489853818578,0.05,0.010557451302139689,0.94990067622429,-4.5,0.9988654943200933
1671,SNIa-BL/sn2004dt.p0019.dat,Sc,0.8256961294245528,0.1,0.01,0.8318136158406173,-4.083050315775415,1.0
1672,SNIa-CN/sn1998co.max.dat,Sc,0.8263688365255349,0.15,0.01,0.8000168175273153,-4.256544455388437,1.0
1673,SNIa-BL/sn1993ac.p0011.dat,Sc,0.8271547289805048,0.13,0.010455519007548998,0.8702366958031686,-4.031444255289361,0.9937770969842338
1674,SNIa-BL/sn1998dh.m0004.dat,Sc,0.8275545316773696,0.05,0.010038648471614816,0.9639381073782318,-4.5,1.0
1675,SNIa-CN/sn2002aw.m0002.dat,Sc,0.828160273314577,0.04,0.011090363866833155,0.9630497889512754,-4.5,0.968862309623163
1676,SNIc-bl/sn2003jd.p0051.dat,Sc,0.8288767019117332,0.11,0.032907969251605114,0.7704907939825704,-3.0587643389539925,1.0
1677,SNIIb/sn2006el.p0009.dat,Sc,0.8291893643334391,0.09,0.01,0.8026630743877422,-4.413126537711786,1.0
1678,SNIc-bl/sn1998bw.p0063.dat,Sc,0.8291942131458685,0.11,0.013576734533935545,0.832880146402332,-3.845581960040447,1.0
1679,SNIa-CL/sn2008R.p0005.dat,Sc,0.8292847325070244,0.13,0.01,0.8300121500874338,-4.322871674272574,1.0
1680,SNIa-CN/sn2001fh.m0004.dat,Sc,0.8298068854041823,0.15,0.011776871794002124,0.6220773568298567,-4.5,1.0
1681,SNIa-CL/sn2006gj.p0003.dat,Sc,0.8311236706782776,0.15,0.01,0.7262695269619076,-4.43577030665033,1.0
1682,SNIc/sn2005az.p0064.dat,Sc,0.8312818051405386,0.11,0.01,0.7633066544766036,-4.5,1.0
1683,SNIa-CL/sn2007ci.m0001.dat,Sc,0.8314925675159577,0.14,0.010113025050115678,0.8694440276686963,-4.164331280755772,1.0
1684,SNIa-CN/sn1994D.p0015.dat,Sc,0.831861049427695,0.11,0.01,0.9009816718118596,-3.9298403995356788,1.0
1685,SNIc-bl/sn2003jd.p0049.dat,Sc,0.8321245196418126,0.11,0.01,0.8229872567714094,-4.174203167884928,1.0
1686,SNIa-BL/sn2003cq.max.dat,Sc,0.8321644826037654,0.05,0.01,0.9820668783573594,-4.4721443569785,0.9805743000381678
1687,SNIa-CN/sn2006al.p0003.dat,Sc,0.832697224126453,0.15,0.01012886064622449,0.7947345125502463,-4.346064541864434,1.0
1688,SNIa-CL/sn2007au.m0006.dat,Sc,0.8327288803884813,0.15,0.01,0.812638080532041,-4.290454586220899,1.0
1689,SNIa-CSM/sn1999E.p0004.dat,Sc,0.8329814836942534,0.1,0.01,0.7995201387145447,-4.420557856286429,1.0
1690,SNIa-BL/sn2007af.max.dat,Sc,0.8332330372638362,0.04,0.010207762748407167,0.9910473532772522,-4.5,0.9873496939000532
1691,SNIa-CN/sn2002er.m0004.dat,Sc,0.8345357765422675,0.05,0.010806377284702101,0.9242293297139103,-4.5,1.0
1692,SNIa-BL/sn2007af.p0005.dat,Sc,0.8345625441241291,0.04,0.01,0.9968703379514877,-4.457158460321876,0.9849609348979577
1693,SNII/sn1999gi.p0034.dat,Sc,0.834632759784212,0.1,0.01060202070402894,0.7456607821692187,-4.5,1.0
1694,SNIa-CN/sn1994D.p0011.dat,Sc,0.8348250189395585,0.12,0.010708893560504511,0.9224044373332828,-3.9004131932157926,1.0
1695,SNIa-BL/sn2002he.m0008.dat,Sc,0.8349229899252312,0.06,0.011449955044361295,0.9153993658165989,-4.5,1.0
1696,SNIa-BL/sn2006X.p0008.dat,Sc,0.8352725323584346,0.11,0.01,0.7542201332657549,-4.100580295589722,1.0
1697,SNIb/sn2004gq.m0001.dat,Sc,0.8355379038055853,0.12,0.014616089891744165,0.7995749429146347,-3.964847051120355,1.0
1698,SNIc/sn2005az.p0023.dat,Sc,0.835932666104274,0.11,0.012670846224547186,0.6248097588449003,-4.5,1.0
1699,SNIa-CN/sn1995D.p0015.dat,Sc,0.8369637773902989,0.11,0.01,0.9591130956468482,-3.8431791703865543,1.0
1700,SNIa-CL/sn2000dk.p0001.dat,Sc,0.8372808462465472,0.15,0.01,0.8309413741332495,-4.159073288490785,1.0
1701,SNIb/sn2005hg.m0001.dat,Sc,0.8373902995506789,0.1,0.010986783285759706,0.8736320691556355,-4.164548978450073,1.0
1702,SNIa-CN/sn2007ca.p0004.dat,Sc,0.8381025275965005,0.05,0.010013232912188528,0.9443336341776936,-4.5,0.987668573612995
1703,SNIa-CN/sn1998dx.p0006.dat,Sc,0.8384094637825232,0.15,0.01,0.8271309536954813,-4.240954922588859,1.0
1704,SNIa-BL/sn2007le.p0015.dat,Sc,0.8384303685002013,0.11,0.01,0.9240967237506239,-3.640400601771596,1.0
1705,SNIa-CL/sn2002eu.p0008.dat,Sc,0.8384794823203985,0.12,0.01,0.8433667950652645,-4.298003326130248,1.0
1706,SNIa-CN/sn1998eg.m0001.dat,Sc,0.8392061795742259,0.05,0.010858664875287723,0.9535924183182614,-4.5,0.9709490671360346
1707,SNIa-BL/sn2001ep.p0007.dat,Sc,0.8392705996460128,0.09,0.01,0.8785334287984831,-4.396937403165324,1.0
1708,SNIa-BL/sn2002bo.m0002.dat,Sc,0.8396543074387347,0.05,0.01,0.9704332381137049,-4.374321455016064,1.0
1709,SLSN-II/sn2020hgr.m0010.dat,Sc,0.8399543867984363,0.08,0.013686650230933725,0.8254732164273421,-4.5,1.0
1710,SNIa-CL/sn2007al.p0010.dat,Sc,0.8403976450390858,0.04,0.01,0.9381053331963543,-4.21076129348664,0.9592804336259941
1711,SNIa-CL/sn2007ci.m0007.dat,Sc,0.8405023564044724,0.16,0.01,0.8401885850481071,-4.126725855944239,1.0
1712,SNIa-BL/sn2003kc.p0044.dat,Sc,0.840721980017963,0.09,0.01,0.8070678741489038,-4.303511206508404,1.0
1713,SNIa-SS/sn2001V.p0020.dat,Sc,0.8411796532915752,0.1,0.01,0.9146583429935197,-3.353425531099739,1.0
1714,SNIa-BL/sn2005am.p0002.dat,Sc,0.8413188938613057,0.05,0.010245307065791858,0.9755461757005074,-4.5,1.0
1715,SNIa-BL/sn1998dh.m0007.dat,Sc,0.841330400992545,0.05,0.010636015505788144,0.9426118870360528,-4.5,1.0
1716,SNIa-SS/sn1999aa.p0014.dat,Sc,0.8414596248572638,0.12,0.01,0.9253977696256886,-3.9724214509850206,1.0
1717,SNII/sn2009N.p0039.dat,Sc,0.8428084248046861,0.09,0.01,0.7701744017537702,-4.429129088923033,1.0
1718,SNIa-CN/sn2005el.p0004.dat,Sc,0.8430516984353006,0.05,0.01090189848889332,0.9613409730149293,-4.5,0.9837122560349785
1719,SNIa-CL/sn2007ax.p0010.dat,Sc,0.8432267849429338,0.06,0.01,0.873088508127629,-4.255645170849777,1.0
1720,SNIa-CN/sn2005kc.p0016.dat,Sc,0.8434872856812496,0.1,0.01,0.9106838631225624,-4.0124893339982295,1.0
1721,SNIa-CN/sn2008ar.m0002.dat,Sc,0.8435809684717545,0.15,0.013844207128723956,0.7804806350170985,-3.988309169662136,1.0
1722,SNIa-SS/sn1999aa.p0015.dat,Sc,0.8442572409187042,0.11,0.010726486935480107,0.9588483062971191,-3.7769828038371065,1.0
1723,SNIa-CN/sn2006le.p0017.dat,Sc,0.8447640378185696,0.11,0.01215850050679032,0.9117554379163666,-3.571020716121161,1.0
1724,SNIa-BL/sn2000cf.p0004.dat,Sc,0.8454295145594205,0.14,0.01,0.8589611394249468,-4.16113055760994,1.0
1725,SNIa-SS/sn2001V.p0024.dat,Sc,0.8457205685319125,0.09,0.01,0.9153806084275525,-3.7980746250622053,1.0
1726,SNII/sn2012aw.p0046.dat,Sc,0.845951329812423,0.09,0.01,0.8106611609356977,-4.225398188570954,1.0
1727,SNIa-SS/sn2003fa.p0016.dat,Sc,0.8460426399062954,0.11,0.01,0.9368126160204014,-3.9550080741962397,1.0
1728,SNIa-CN/sn2001ck.p0016.dat,Sc,0.8464047040990972,0.11,0.01,0.9273781569476893,-3.916746174078502,1.0
1729,SNIa-BL/sn2003W.m0011.dat,Sc,0.8469649725957245,0.12,0.010045124030620885,0.7628605619261216,-4.3823346643201475,1.0
1730,SNII/sn2004dj.p0065.dat,Sc,0.8474360113607913,0.1,0.01,0.8342233502019359,-4.319673190026107,1.0
1731,SNIa-CL/sn1999by.p0008.dat,Sc,0.847453623544691,0.06,0.01,0.9546129464604224,-3.848413059840518,1.0
1732,SNIa-CL/sn2007hj.p0003.dat,Sc,0.8476507160929978,0.13,0.01,0.8227154448946942,-4.274516507459973,1.0
1733,SNIa-CN/sn2002er.p0004.dat,Sc,0.8479052068344447,0.04,0.01,0.9794542926836994,-4.427559835589744,1.0
1734,SNIa-CN/sn2005na.p0003.dat,Sc,0.8479290172665048,0.15,0.01,0.7997242713992135,-4.330825732162575,1.0
1735,SNIa-SS/sn2001V.p0019.dat,Sc,0.8485181962493618,0.11,0.01,0.9234511874988908,-3.794780414039179,1.0
1736,SNIa-BL/sn1999ej.p0001.dat,Sc,0.8485599093121128,0.03,0.010321924643017209,1.0132942009422417,-4.5,0.9802559364788567
1737,SNIa-BL/sn2002cd.m0009.dat,Sc,0.8487153226372304,0.05,0.010810133588266066,0.8654991156503207,-4.5,1.0
1738,SNIa-CN/sn2006cf.p0005.dat,Sc,0.8488749402528145,0.15,0.01,0.7935336520754054,-4.337430671005241,1.0
1739,SNIa-CL/sn2004gs.m0003.dat,Sc,0.8491811767549277,0.15,0.01,0.8094183780914047,-4.312153935557508,1.0
1740,SNIa-CL/sn2006H.p0015.dat,Sc,0.8499592312576459,0.06,0.01,0.8560914231299818,-4.359363412254834,1.0
1741,SNIa-CL/sn2007au.m0004.dat,Sc,0.8507788087240442,0.15,0.01,0.8102872569489136,-4.293441774796171,1.0
1742,SNIa-CN/sn2007A.p0004.dat,Sc,0.8508498210278542,0.05,0.010291106523922929,0.9605815091018893,-4.5,0.9765150098108607
1743,SNIa-BL/sn2007bm.p0007.dat,Sc,0.8523813769761939,0.12,0.01,0.7608285825022634,-4.23979136671008,1.0
1744,SLSN-I/sn2011kf.p0051.dat,Sc,0.8527785807094536,0.1,0.0102672361595792,0.7922037128734138,-4.5,0.9688088628495765
1745,SNIa-BL/sn2002cu.m0006.dat,Sc,0.8538645511859331,0.06,0.010693140329146382,0.9245224172049286,-4.5,1.0
1746,SNIa-BL/sn2002bo.p0015.dat,Sc,0.853978191075936,0.1,0.010113270205014839,0.9320116049320235,-3.564960466879061,1.0
1747,SNII/sn2009N.p0040.dat,Sc,0.8540135656161377,0.09,0.01,0.7720618269876999,-4.422922766152669,1.0
1748,SNIc-bl/sn2002ap.p0027.dat,Sc,0.8540730424767786,0.1,0.01,0.7394994470684547,-4.482144069369295,1.0
1749,SNIa-BL/sn1998dh.m0001.dat,Sc,0.8546303669101897,0.04,0.01,1.0030025943653351,-4.439998872280555,1.0
1750,SNIa-BL/sn1997bq.m0007.dat,Sc,0.8552284275456203,0.11,0.01,0.8447331653035623,-4.492356374415612,1.0
1751,SNIa-CN/sn1999gd.p0001.dat,Sc,0.8555367920988957,0.04,0.01,0.9561256719352718,-4.493459214801202,1.0
1752,SNIa-BL/sn1999cc.m0001.dat,Sc,0.8556215810395368,0.05,0.01,0.9822432692051966,-4.493250012384804,0.9878636796853354
1753,SNIa-CL/sn2004gs.p0003.dat,Sc,0.8562799348497643,0.13,0.01,0.8610654806612551,-4.217942889111685,1.0
1754,SNIa-BL/sn2002bo.m0003.dat,Sc,0.8565680310786332,0.05,0.01,0.9629358317676932,-4.4034024118930635,1.0
1755,SNIa-BL/sn2003U.m0001.dat,Sc,0.8573151463344079,0.05,0.010538320307798787,0.9692232487136759,-4.5,1.0
1756,SNIa-SS/sn2005eq.p0014.dat,Sc,0.8573340446199054,0.11,0.01,0.9219850705983355,-3.9074376091331575,1.0
1757,SNIa-CN/sn2001G.p0039.dat,Sc,0.8585205934360711,0.06,0.01,0.8888902943271848,-4.24207293156525,1.0
1758,SNIa-BL/sn1998ef.m0005.dat,Sc,0.8586545887446619,0.04,0.010773666760137537,0.9742219909629876,-4.5,0.9610250328971873
1759,SNIa-SS/sn2001eh.p0025.dat,Sc,0.8593903468466401,0.09,0.01,0.9170533826317999,-3.879448772184746,1.0
1760,SNIa-BL/sn2002bo.p0016.dat,Sc,0.8603409018923013,0.1,0.01031711672522901,0.9095376100484517,-3.557872640612414,1.0
1761,SNIa-SS/sn2000cx.p0037.dat,Sc,0.8603807314420543,0.09,0.01,0.8600021185280342,-4.104186554985646,1.0
1762,SNIa-BL/sn2005am.p0003.dat,Sc,0.8607605717199216,0.05,0.010286366926113611,0.9853043832673954,-4.5,0.9516118875218395
1763,SNIa-CL/sn1998bp.p0001.dat,Sc,0.8608875256164835,0.14,0.01,0.7812290370385386,-4.388064562846464,1.0
1764,SNIa-CSM/sn2011km.p0040.dat,Sc,0.8609139888878673,0.06,0.01,0.9538480481705185,-3.8391115426907225,1.0
1765,SNIa-BL/sn1997bq.p0019.dat,Sc,0.8610476261890394,0.09,0.01,0.9008028788665223,-3.6768769082822965,1.0
1766,SNIa-SS/sn1999aa.p0016.dat,Sc,0.8617137717181668,0.11,0.01,0.9601007670423108,-3.8267724566733055,1.0
1767,SNIa-BL/sn1998dh.m0008.dat,Sc,0.8631581604398638,0.05,0.0107578297720691,0.9399786808447543,-4.5,1.0
1768,SNIa-BL/sn2001en.p0004.dat,Sc,0.8632422337983909,0.04,0.01,1.0041324287838664,-4.412775299336534,1.0
1769,SNIa-BL/sn2000cw.p0004.dat,Sc,0.8640327757835148,0.04,0.01,1.0085748201770355,-4.443751057079462,0.9550772913818583
1770,SNIa-BL/sn2005am.m0003.dat,Sc,0.8640671446141549,0.05,0.01057206241781884,0.9577670022209037,-4.5,1.0
1771,SNIc/sn2004gt.p0016.dat,Sc,0.8646008331585202,0.09,0.0114990215559729,0.7636927635855928,-4.5,1.0
1772,SNIa-SS/sn1998es.p0016.dat,Sc,0.8646389828494969,0.11,0.01,0.9431893367372954,-3.764029637163575,1.0
1773,SNIa-CN/sn1995D.p0006.dat,Sc,0.8649926621509302,0.14,0.01,0.8863875203957733,-4.113309858371056,1.0
1774,SNIa-BL/sn2002bo.m0005.dat,Sc,0.8651017473110405,0.05,0.01,0.9608952367149584,-4.4272741162741545,1.0
1775,SNIa-CN/sn2003du.p0016.dat,Sc,0.8651395978312684,0.11,0.01,0.9601945255619124,-3.748779300429408,1.0
1776,SNIc/sn2004aw.p0030.dat,Sc,0.8656575838497528,0.09,0.013620282159364209,0.5732382610776857,-4.5,1.0
1777,SNIa-BL/sn2003U.m0009.dat,Sc,0.8656977305185145,0.16,0.0100335027062585,0.829486000833016,-3.979332308628727,1.0
1778,SNIa-SS/sn2005M.p0005.dat,Sc,0.8657812123345009,0.14,0.013468038069707783,0.8568442778868808,-3.855319454490562,1.0
1779,SNIb/sn2004gq.p0089.dat,Sc,0.8659794881563851,0.14,0.011386187864840388,0.7023156873979295,-4.419263521940071,1.0
1780,SNIa-SS/sn2006gr.p0018.dat,Sc,0.8671220267853994,0.11,0.010148014609331742,0.9016205728779554,-3.8687041452480333,1.0
1781,SNIb/sn1998dt.p0004.dat,Sc,0.867239329688467,0.11,0.01098403330546748,0.8251960898119666,-4.2422514359287185,1.0
1782,SNIa-CL/sn2007ax.p0021.dat,Sc,0.8673797280618857,0.06,0.01,0.8570925555885596,-4.445170974606981,1.0
1783,SNII/sn1999br.p0019.dat,Sc,0.8675041081516152,0.07,0.01,0.8406580176095861,-4.143776021720818,1.0
1784,SNIa-BL/sn2002ha.p0002.dat,Sc,0.8680154810295753,0.03,0.01,0.9986265850840093,-4.316995824829297,1.0
1785,SNIa-CL/sn2006bw.p0005.dat,Sc,0.868809223872012,0.13,0.01,0.8480409845311112,-4.239565783404037,1.0
1786,SNIa-BL/sn2007bd.m0004.dat,Sc,0.8698733540604081,0.06,0.011831727806798996,0.9115365921743208,-4.5,0.9629592670122376
1787,SNIa-CN/sn2000fa.p0016.dat,Sc,0.8701557007648876,0.11,0.012349280348786205,0.9479059637093405,-3.427470206122255,1.0
1788,SNIa-SS/sn1999aa.p0017.dat,Sc,0.8702373349297553,0.11,0.01,0.9555505986829803,-3.7889447646797643,1.0
1789,SNIa-CN/sn2008bf.p0016.dat,Sc,0.8704649002556873,0.11,0.01,0.9593027569844652,-3.802499895292163,1.0
1790,SNIa-BL/sn2002bo.m0004.dat,Sc,0.8708810269860771,0.05,0.01,0.9490156670805282,-4.431949144294896,1.0
1791,SNII/sn2012aw.p0056.dat,Sc,0.8711921694437478,0.09,0.01,0.8276680037873436,-3.9984355701602308,1.0
1792,SNIa-BL/sn2006ac.p0018.dat,Sc,0.8715476852631922,0.1,0.01,0.9177917908735422,-3.7246290698572775,1.0
1793,SNIa-CN/sn1999ek.p0012.dat,Sc,0.8721242070214287,0.11,0.01,0.8543250814814276,-3.934858222526568,1.0
1794,SNIa-BL/sn2001en.p0005.dat,Sc,0.8728398406700283,0.04,0.01,1.0046930561766922,-4.4135225918563386,1.0
1795,SNIa-CL/sn2006H.p0017.dat,Sc,0.8730769045489335,0.06,0.01,0.8626651523604967,-4.298419964694598,1.0
1796,SNIa-BL/sn2004ef.m0006.dat,Sc,0.874125537975149,0.05,0.011440392102566456,0.9384734520909689,-4.5,0.9536171443764506
1797,SNIa-BL/sn1997bp.p0003.dat,Sc,0.8743697665789985,0.14,0.01,0.8351125488732032,-4.0864034981114425,1.0
1798,SNIa-BL/sn2001en.p0038.dat,Sc,0.8745769248632819,0.06,0.01,0.9230985010332053,-4.0320373908701495,1.0
1799,SNIa-BL/sn2004ef.m0005.dat,Sc,0.8750871884548422,0.05,0.011086686402177304,0.9461680808870886,-4.5,0.9527500062771588
1800,SNIa-BL/sn2002cs.m0009.dat,Sc,0.8751981769542253,0.05,0.011253947569857673,0.9434300872567841,-4.5,1.0
1801,SNIa-BL/sn2007co.p0004.dat,Sc,0.8755876096741078,0.14,0.01,0.8419372227950646,-4.200074724783588,1.0
1802,SNIa-CN/sn2004bg.p0013.dat,Sc,0.8757134996004,0.12,0.01,0.9364333768129278,-3.9365026878362914,1.0
1803,SNIa-BL/sn2002bo.m0012.dat,Sc,0.8757373126962587,0.16,0.01,0.7643648787843126,-4.218971336918623,1.0
1804,SNIa-BL/sn2007af.m0001.dat,Sc,0.8763761548291321,0.04,0.010663186496407498,0.9709754654106285,-4.5,0.9862814623463073
1805,SNIa-BL/sn2002cs.m0007.dat,Sc,0.8768350634881427,0.06,0.01114776753119691,0.9181765259899216,-4.5,1.0
1806,SNIa-CN/sn2008C.p0091.dat,Sc,0.8769938554458879,0.09,0.01,0.8591138895397699,-4.331125164099815,1.0
1807,SNIa-CN/sn2008ar.p0005.dat,Sc,0.8772779388714657,0.14,0.011105944933865181,0.8488871095001951,-4.081738706955026,1.0
1808,SNIa-CL/sn2005ke.p0008.dat,Sc,0.8773236771920033,0.06,0.01,0.9304617181339245,-3.909827915610444,1.0
1809,SNIa-BL/sn2006sr.p0018.dat,Sc,0.8774830822422748,0.1,0.01,0.9184321759566633,-3.83377949010173,1.0
1810,SNIa-CN/sn2001br.p0003.dat,Sc,0.8783462535124384,0.04,0.01,0.9634067358711828,-3.981513482698195,1.0
1811,SNIa-BL/sn1997bq.m0012.dat,Sc,0.8783980209476895,0.11,0.01,0.8532282972329598,-4.233535798443436,1.0
1812,SNII/sn2013am.p0012.dat,Sc,0.8790175860743805,0.11,0.010196418212848479,0.7280358119730567,-4.5,1.0
1813,SNIa-BL/sn2002he.p0004.dat,Sc,0.8794014222051988,0.05,0.01,0.9838447704383823,-4.5,1.0
1814,SNIa-BL/sn2005am.p0004.dat,Sc,0.879586057769843,0.04,0.01,1.0056073996215664,-4.486158536331921,0.9708967807732621
1815,SNIa-BL/sn2007kk.p0005.dat,Sc,0.8804986963460026,0.14,0.01,0.8253684704881146,-4.244507281727764,1.0
1816,SNIa-CN/sn1996bl.p0013.dat,Sc,0.8805763094355209,0.11,0.01,0.894119406111634,-3.952581868235619,1.0
1817,SNIa-CL/sn2007hj.p0004.dat,Sc,0.8814706865047187,0.13,0.01,0.8152544869770748,-4.272019067692224,1.0
1818,SNIa-CL/sn2007hj.p0012.dat,Sc,0.881875019163056,0.08,0.01,0.90423624990234,-3.8965783235075726,1.0
1819,SNIa-BL/sn2003kc.m0006.dat,Sc,0.8829825413319881,0.05,0.01,0.9822822777563139,-4.470346082090549,0.980194927119728
1820,SNIa-SS/sn2001eh.p0026.dat,Sc,0.8831432979016043,0.09,0.01560656906762405,0.901746893999612,-3.465184975438771,1.0
1821,SNIa-CN/sn2007fs.p0004.dat,Sc,0.8835881387344163,0.05,0.01,0.9619309000251572,-4.366143913578067,0.976742633561925
1822,SNIa-BL/sn2004fu.p0015.dat,Sc,0.8838028108360396,0.11,0.01,0.9336712459063207,-3.858240437492359,1.0
1823,SNIa-BL/sn2001ep.p0003.dat,Sc,0.8840312342509088,0.14,0.01,0.8319430711113894,-4.2203817261299665,1.0
1824,SNIIn/sn2010jl.p0044.dat,Sc,0.8840740466448465,0.1,0.011736117295652042,0.7569516236757308,-4.5,1.0
1825,SNIa-BL/sn1998dh.m0009.dat,Sc,0.8843081760110062,0.05,0.010811537412471059,0.9384236803100593,-4.5,1.0
1826,SNIa-CN/sn2005bo.m0000.dat,Sc,0.8846012327641025,0.04,0.01047923193038834,0.9664166655936787,-4.5,0.9502729333888801
1827,SNIa-BL/sn2001en.p0002.dat,Sc,0.8847909411200914,0.04,0.01,0.9980893197582812,-4.4502053766205725,1.0
1828,SNIIb/sn2006T.p0007.dat,Sc,0.884831736677493,0.09,0.01,0.7793133756205178,-4.266389397631336,1.0
1829,SNIa-CL/sn2003iv.p0003.dat,Sc,0.8855713458367719,0.15,0.01010868462890602,0.8172895852479135,-4.254495136966258,1.0
1830,SNIa-SS/sn2006S.max.dat,Sc,0.8868461115854759,0.15,0.01025101578157853,0.8266882879365194,-4.230229940948933,1.0
1831,SNIa-CN/sn2006cf.p0004.dat,Sc,0.8882258225244766,0.14,0.013588192834778526,0.8220398949272945,-3.971414810038883,1.0
1832,SNIa-BL/sn1997bp.p0060.dat,Sc,0.8883470223534258,0.09,0.01,0.8787768810808824,-3.9110417031603717,1.0
1833,SNIa-CN/sn2001G.p0037.dat,Sc,0.888512327377121,0.06,0.010016458250361656,0.946933471763339,-3.9629641848754398,1.0
1834,SNIa-CN/sn1994D.p0017.dat,Sc,0.8893009850010107,0.1,0.01,0.89327710870037,-3.8862674781966327,1.0
1835,SNIa-CN/sn2000fa.p0021.dat,Sc,0.890288493957314,0.1,0.01,0.9278329520623309,-3.6761050445765124,1.0
1836,SNIa-BL/sn2007af.m0002.dat,Sc,0.8903753456674841,0.04,0.011124689655413642,0.957349271175264,-4.5,0.9862814623463073
1837,SNIIn/sn1999el.m0008.dat,Sc,0.8905610300578752,0.09,0.013238234086327608,0.7155918502870332,-4.5,1.0
1838,SNIa-CL/sn2007ci.m0008.dat,Sc,0.8913250480955016,0.16,0.01,0.821702295222933,-4.198202595692858,1.0
1839,SNIa-CN/sn2003cg.m0002.dat,Sc,0.8913472671762398,0.03,0.010671591525727752,0.8656069209739977,-4.5,1.0
1840,SNIa-CSM/sn1999E.p0066.dat,Sc,0.8921039921803989,0.1,0.010390702331975176,0.7623719710208319,-4.5,1.0
1841,SNIc/sn1994I.p0009.dat,Sc,0.8921971078557235,0.09,0.01,0.7567732311328966,-4.214368448869731,1.0
1842,SNIa-BL/sn2001ep.m0001.dat,Sc,0.8923441662298083,0.15,0.01,0.8219762082228518,-4.1844243325216635,1.0
1843,SNIa-CN/sn2007F.p0018.dat,Sc,0.8933360153252119,0.11,0.010068621311855673,0.9401216794626974,-3.7583505732484177,1.0
1844,SNIa-BL/sn2002dp.p0017.dat,Sc,0.8939702220602815,0.1,0.01,0.9062794358689367,-3.8653090353158657,1.0
1845,SNIa-CL/sn2002eu.p0001.dat,Sc,0.8941557739229823,0.15,0.014887512467111928,0.7767968164543543,-3.935960160249029,1.0
1846,SNIa-SS/sn2007ae.p0002.dat,Sc,0.8942743050539494,0.15,0.01,0.8125875891063623,-4.312756244998373,1.0
1847,SNIa-CN/sn1995E.p0009.dat,Sc,0.8950073090099326,0.12,0.01,0.7530449393697147,-3.9337618472107145,1.0
1848,SNIa-CN/sn2005na.p0016.dat,Sc,0.8950301327442927,0.11,0.01,0.9013556547618223,-3.9991191648090085,1.0
1849,SNIa-BL/sn2002bo.m0006.dat,Sc,0.8951937640755314,0.05,0.01,0.9517849852636523,-4.452603788328552,1.0
1850,SNIa-CL/sn2003iv.m0002.dat,Sc,0.895909984872921,0.05,0.011481780860902992,0.9470653400758824,-4.5,0.9767534727881655
1851,SNIa-CN/sn2005cf.p0017.dat,Sc,0.8962613236559294,0.11,0.01,0.9094370552642619,-3.8354325263377125,1.0
1852,SNIa-BL/sn1995al.p0015.dat,Sc,0.8962927238964253,0.11,0.01,0.9385266391409918,-3.727729039684895,1.0
1853,SNIa-BL/sn2007kk.p0021.dat,Sc,0.8967908123842013,0.1,0.018070439803597644,0.8900593364292793,-3.231173191175568,1.0
1854,SNIa-BL/sn2001ep.m0000.dat,Sc,0.8969023955616308,0.04,0.010200131298809261,0.9856038129714424,-4.5,1.0
1855,SNIc/sn2004aw.p0047.dat,Sc,0.8973114242178696,0.09,0.010882383991971317,0.7224642478035347,-4.5,1.0
1856,SNIa-BL/sn1999cc.m0000.dat,Sc,0.8974287691266417,0.04,0.01,1.0015692920036454,-4.491036776708431,0.9501279974494269
1857,SNIa-CN/sn1998dx.m0002.dat,Sc,0.8975668899856992,0.16,0.010022618114901556,0.8259797471435759,-4.1968425769707105,1.0
1858,SNIa-CL/sn2007ci.m0006.dat,Sc,0.8980633429260061,0.16,0.01,0.8142149053798343,-4.232045557992887,1.0
1859,SNIa-SS/sn2003fa.p0015.dat,Sc,0.8981268958845412,0.11,0.01,0.9434180311006318,-3.9391731220597332,1.0
1860,SNIb/sn2007C.m0001.dat,Sc,0.8981337028080654,0.11,0.01,0.7727208288374567,-4.342124703020672,1.0
1861,SNIa-BL/sn2001ep.p0001.dat,Sc,0.8983473690691633,0.04,0.010060310098321557,0.9882838287599289,-4.5,1.0
1862,SNIa-BL/sn1999gh.p0066.dat,Sc,0.8986152180275636,0.09,0.013361636618598549,0.9389313898675963,-3.530822842747976,1.0
1863,SNIa-CL/sn1999by.p0010.dat,Sc,0.898860099863572,0.06,0.01,0.9648400309506269,-3.9551086931248385,0.9608959610469853
1864,SNIa-CL/sn2007au.m0005.dat,Sc,0.8988981812302763,0.15,0.015037418610690596,0.7759649704986247,-3.971340086959439,1.0
1865,SNIa-BL/sn2001ep.p0002.dat,Sc,0.8995351529092698,0.14,0.01,0.8401802589480222,-4.194329956029263,1.0
1866,SNIa-BL/sn2001ep.p0006.dat,Sc,0.8998456719046295,0.12,0.013763888397289611,0.8450856784990629,-3.8933046555787447,1.0
1867,SNIa-CN/sn1998co.p0023.dat,Sc,0.9013479015003454,0.06,0.01,0.9018674938204342,-4.1526628927196825,1.0
1868,SNIa-BL/sn2008L.p0006.dat,Sc,0.9024916521792608,0.14,0.01,0.8328539636023645,-4.240111683221859,1.0
1869,SNIa-BL/sn2006cp.m0006.dat,Sc,0.9026762912866607,0.05,0.01,0.9837434677434332,-4.490863960597633,0.9512758715083642
1870,SNIIn/sn2005db.p0053.dat,Sc,0.9028888716652361,0.1,0.01480218001708068,0.5504093793057536,-4.5,1.0
1871,SNIa-CN/sn1997Y.p0002.dat,Sc,0.9037106393147384,0.04,0.010593551971080438,0.9439200566700539,-4.5,1.0
1872,SNIa-CN/sn1998aq.p0018.dat,Sc,0.9044779844229505,0.11,0.01,0.9338008017901737,-3.8512981745822117,1.0
1873,SNIa-SS/sn2006gr.p0023.dat,Sc,0.9046744988919176,0.09,0.01,0.9390422667672674,-3.860047281943621,1.0
1874,SNIa-CL/sn1997cn.p0012.dat,Sc,0.9051268471836009,0.06,0.01,0.9381812126366129,-4.067864450347593,1.0
1875,SNIa-BL/sn2002bo.p0018.dat,Sc,0.9057488084283313,0.09,0.01,0.917629476280242,-3.546040281146416,1.0
1876,SNIa-SS/sn2000cx.p0036.dat,Sc,0.9060309630820903,0.09,0.01,0.8592405277248227,-4.086155657320256,1.0
1877,SNIa-SS/sn1998es.p0025.dat,Sc,0.9075289932597173,0.1,0.01,0.8414219516306392,-4.051684872739287,1.0
1878,SNIIn/sn2005db.m0018.dat,Sc,0.9080282016531841,0.09,0.014376851808192398,0.622733726584501,-4.5,1.0
1879,SNIa-CN/sn1998dm.p0017.dat,Sc,0.9083392786044643,0.11,0.010546822088863787,0.9037947755790744,-3.7947873370342258,1.0
1880,SNIc/sn2005az.p0027.dat,Sc,0.908533182477151,0.11,0.012819579733263255,0.6211576259990039,-4.5,1.0
1881,SNIa-BL/sn2007jg.m0002.dat,Sc,0.9088027115681171,0.16,0.01,0.8239639626906985,-4.1507364956707855,1.0
1882,SNIa-CN/sn2000dn.m0004.dat,Sc,0.9088321631264182,0.05,0.012105049492913396,0.9355906179410748,-4.5,0.9746723413498668
1883,SNIa-CN/sn1996ai.m0001.dat,Sc,0.9089028550697935,0.03,0.011033272758317272,0.8192551253451802,-4.5,1.0
1884,SNIIb/sn1996cb.p0127.dat,Sc,0.9096074651183376,0.11,0.01,0.891380079340132,-4.354449258365463,1.0
1885,SNIa-BL/sn2001ep.p0005.dat,Sc,0.9107273750954606,0.04,0.01,0.9874947842596495,-4.481889585094429,1.0
1886,SNIa-SS/sn2005eq.p0001.dat,Sc,0.9108529190462858,0.15,0.01,0.8197052257790596,-4.269272053806958,1.0
1887,SNIa-BL/sn1999gh.p0071.dat,Sc,0.9110490982264535,0.09,0.01,0.9650442170009377,-3.78000430273427,1.0
1888,SNIa-SS/sn1998es.p0017.dat,Sc,0.9116190856465005,0.11,0.01,0.9323932269456838,-3.7949984156400713,1.0
1889,SNIa-BL/sn2001ep.m0007.dat,Sc,0.9122136265487107,0.05,0.01211624297073113,0.8989794861164861,-4.5,1.0
1890,SNIa-BL/sn2001ep.m0003.dat,Sc,0.9125619807312826,0.05,0.011390071587413935,0.9291856617940033,-4.5,1.0
1891,SNIa-CN/sn2004at.p0018.dat,Sc,0.913384791621097,0.11,0.01001726926631423,0.9359023950652448,-3.8364661102917266,1.0
1892,SNIIb/sn2006el.p0011.dat,Sc,0.913486777307604,0.09,0.01,0.7927830162835351,-4.475539407444177,1.0
1893,SNIa-BL/sn2003cq.p0002.dat,Sc,0.9140043905187429,0.05,0.01,0.9774614133790611,-4.465705403706911,0.9805743000381678
1894,SNIa-CN/sn2000ce.p0007.dat,Sc,0.9140315235608855,0.05,0.01,0.9113442171452326,-4.430190248295901,1.0
1895,SNIa-BL/sn1999cc.p0018.dat,Sc,0.9149228794124965,0.09,0.01,0.927167440685536,-3.953406790466011,1.0
1896,SNIa-CN/sn1997Y.p0003.dat,Sc,0.9150281598629987,0.04,0.01,0.9741356588201213,-4.495464976525993,1.0
1897,SNIa-SS/sn1999dq.p0026.dat,Sc,0.915190993480303,0.07,0.01,0.8830948842336371,-4.115718449329866,1.0
1898,SNIa-BL/sn1999gh.p0012.dat,Sc,0.9154305477537955,0.08,0.01,0.9508836426879814,-3.7106300559459617,1.0
1899,SNIa-CN/sn2002jy.p0016.dat,Sc,0.9159647516019884,0.11,0.01,0.9605349695015992,-3.753135626612201,1.0
1900,SNIa-CL/sn2007fb.p0006.dat,Sc,0.9160002550915524,0.15,0.01,0.8108189279256943,-4.246234695237357,1.0
1901,SNIa-SS/sn2001eh.p0027.dat,Sc,0.9167514585391485,0.08,0.010406510055580048,0.9258506306879974,-3.8926310768749763,1.0
1902,SNIIb/sn1993J.p0003.dat,Sc,0.9170517001437425,0.07,0.01,0.8398939379271787,-4.376018336332316,1.0
1903,SNIa-BL/sn1996bo.p0003.dat,Sc,0.9170738877656229,0.13,0.01,0.8245840798700398,-4.2091913398232705,1.0
1904,SNIa-BL/sn2001ep.p0004.dat,Sc,0.9170887946003677,0.04,0.01,0.9879059061635671,-4.5,1.0
1905,SNIa-SS/sn2001az.p0025.dat,Sc,0.9198755349969213,0.09,0.01,0.9376869185899954,-3.832818905792844,1.0
1906,SNIa-BL/sn2004ef.m0002.dat,Sc,0.9199422924191174,0.15,0.01,0.8127260597701081,-4.2609436203238396,1.0
1907,SNII/sn2006bp.p0025.dat,Sc,0.9200726412408669,0.12,0.015275747326827275,0.642238483059415,-4.099832100010155,1.0
1908,SNIa-CN/sn1995D.p0004.dat,Sc,0.9205165057383878,0.15,0.01,0.8601191117181827,-4.239597144064387,1.0
1909,SNIa-BL/sn2001gc.p0022.dat,Sc,0.9210067684127704,0.08,0.01,0.9327684836496063,-3.582913982363097,1.0
1910,SNIa-SS/sn2005eq.p0017.dat,Sc,0.9215894658701846,0.11,0.01,0.9449274791907386,-3.8382709407132993,1.0
1911,SNIa-BL/sn2007co.p0005.dat,Sc,0.9216303428522036,0.13,0.01,0.8583047188428435,-4.185592860686303,1.0
1912,SNIa-CL/sn2000dk.m0004.dat,Sc,0.9226404556526874,0.16,0.010217610611816,0.8237261317183001,-4.0788334410456475,1.0
1913,SNIa-BL/sn2002bo.m0007.dat,Sc,0.9227913435819701,0.05,0.01,0.9456258671194087,-4.4838721580143535,1.0
1914,SNIa-CN/sn1998eg.p0005.dat,Sc,0.922799413257901,0.14,0.01,0.811772481931789,-4.272895448740414,1.0
1915,SNIa-CL/sn2006gj.m0001.dat,Sc,0.9229411180405862,0.15,0.01,0.7683958116238039,-4.392397105836039,1.0
1916,SNIa-SS/sn2006S.p0021.dat,Sc,0.9236479128694449,0.11,0.01150808528639049,0.9088384303101792,-3.7727619907121173,1.0
1917,SNIa-CL/sn2007hj.p0002.dat,Sc,0.9238574270989384,0.14,0.012519782795842748,0.8121164167689731,-4.030000979802549,1.0
1918,SNIa-BL/sn2003W.m0010.dat,Sc,0.9239387042437481,0.12,0.01,0.8234753189453005,-4.471454772509166,1.0
1919,SNIa-SS/sn2006gr.p0024.dat,Sc,0.9252940580016149,0.09,0.01,0.9277194265520129,-3.8331912695096433,1.0
1920,SNIa-BL/sn2007le.m0010.dat,Sc,0.9256340304459523,0.16,0.01,0.8110075628350285,-4.123125266085798,1.0
1921,SNIa-BL/sn2007kk.p0025.dat,Sc,0.9258214743882818,0.09,0.013509476819551912,0.8812838798064446,-3.517496585874484,1.0
1922,SNIa-CN/sn2001fh.p0004.dat,Sc,0.9264668464069674,0.13,0.012318093592701744,0.6157682300183739,-4.5,1.0
1923,SNIa-SS/sn1999dq.p0029.dat,Sc,0.926926271524234,0.06,0.010509221681904117,0.9276038710237003,-4.009190974849795,1.0
1924,SNIa-BL/sn2007le.p0016.dat,Sc,0.9275008448437663,0.11,0.01,0.9201530262882208,-3.6252394319852166,1.0
1925,SNIa-CN/sn2006cf.p0017.dat,Sc,0.9275420378102863,0.11,0.01,0.9023090817593178,-4.01273580453349,1.0
1926,SNIa-BL/sn1997bp.p0001.dat,Sc,0.9280449900479495,0.05,0.01,1.0026905373335033,-4.248387281254602,1.0
1927,SNIa-CN/sn2006lf.p0006.dat,Sc,0.9283123503069235,0.12,0.01,0.7488542514119024,-4.354493089099249,1.0
1928,SNIa-CN/sn2005iq.m0006.dat,Sc,0.9284920844908464,0.09,0.013277068048621284,0.8280975615248586,-4.5,1.0
1929,SNIa-BL/sn1997bp.p0019.dat,Sc,0.9297666078200556,0.1,0.01,0.9371717082313512,-3.4930473792874577,1.0
1930,SNIa-BL/sn2006ac.p0017.dat,Sc,0.9302402267481581,0.1,0.01,0.9385136271279512,-3.913206870367862,1.0
1931,SNIc/sn2005az.p0030.dat,Sc,0.9303619862473983,0.1,0.011048441800717481,0.7006995687277224,-4.5,1.0
1932,SNIa-CN/sn1998eg.p0004.dat,Sc,0.9306736521970861,0.15,0.01,0.7990597444711404,-4.282332974097012,1.0
1933,SNIIn/sn1997cy.p0635.dat,Sc,0.9310394089828371,0.07,0.01,0.9128652385383417,-4.435179124488239,0.9504644694788015
1934,SNIa-CN/sn2003cg.p0009.dat,Sc,0.9317196074627492,0.11,0.01001840707517641,0.724355914716683,-4.263633486988344,1.0
1935,SNIIb/sn2006T.m0013.dat,Sc,0.9319236471737039,0.09,0.01,0.7990059027825027,-4.453033599302772,1.0
1936,SNIa-SS/sn1998es.p0073.dat,Sc,0.9322375090233364,0.09,0.013289796229875502,0.8799900806158881,-3.791388370176321,1.0
1937,SNIa-CN/sn2002ck.p0016.dat,Sc,0.9324014539286257,0.11,0.01,0.919227178091745,-3.8931606197876305,1.0
1938,SNIa-CL/sn2002hw.m0006.dat,Sc,0.9325072723320798,0.04,0.013365993025158066,0.8488127647624725,-4.5,1.0
1939,SNIa-BL/sn1997bq.m0006.dat,Sc,0.9326681604142821,0.15,0.01,0.8528522896585898,-4.08313236109111,1.0
1940,SNIa-CL/sn2001ex.m0004.dat,Sc,0.9328168577903574,0.15,0.01,0.8183291339763467,-4.241495028083333,1.0
1941,SNIb/sn2004gq.p0343.dat,Sc,0.9329419570462523,0.14,0.01,0.7620716582467335,-4.2716271687642005,1.0
1942,SNIa-CL/sn2007bc.p0004.dat,Sc,0.9334944106619206,0.13,0.01,0.8443519357238242,-4.293338585022523,1.0
1943,SNIb/sn2006ep.p0044.dat,Sc,0.9340883168460897,0.09,0.01,0.8139768497051351,-4.456383176437855,1.0
1944,SNIa-BL/sn1999gh.p0073.dat,Sc,0.9342044204131633,0.09,0.010144979358051275,0.9748311132467867,-3.7575692316221487,1.0
1945,SNIb-n/sn2006jc.p0004.dat,Sc,0.9349426760598394,0.17,0.010302581919742792,0.8795510576057433,-3.8158607853157296,1.0
1946,SNIa-CSM/sn1999E.p0028.dat,Sc,0.9351185902975951,0.1,0.014185669754821934,0.6585694854797048,-4.322556164314425,1.0
1947,SNIa-BL/sn2004ef.p0002.dat,Sc,0.9364473254536084,0.14,0.01,0.84113166817247,-4.206385569789734,1.0
1948,SNIa-CL/sn2007hj.m0002.dat,Sc,0.9370328912294014,0.15,0.01,0.8207904576135293,-4.228679595011397,1.0
1949,SNIa-CN/sn2001G.p0033.dat,Sc,0.938355943543243,0.06,0.01,0.9551971291998581,-3.883171615012599,1.0
1950,SNIa-CN/sn2003du.p0021.dat,Sc,0.9388231865764629,0.1,0.01,0.934313192425902,-3.828476580225569,1.0
1951,SNIc-bl/sn2002ap.p0030.dat,Sc,0.9395725582749389,0.1,0.01,0.7888938304945352,-4.343457219558922,1.0
1952,SNIa-BL/sn1995al.p0016.dat,Sc,0.9396305176287072,0.11,0.01,0.9308361905025839,-3.70878909407688,1.0
1953,SNIa-BL/sn2007le.p0020.dat,Sc,0.9398086520540163,0.1,0.01,0.9028213729361926,-3.5772619425401837,1.0
1954,SNIa-BL/sn2001ep.m0002.dat,Sc,0.9413082492763933,0.04,0.010801380105813874,0.9684532688891407,-4.5,1.0
1955,SNIa-BL/sn2001bg.p0019.dat,Sc,0.9417514569544538,0.1,0.01599425215339111,0.898026366425882,-3.1919242377018935,1.0
1956,SNIa-BL/sn1997bp.m0003.dat,Sc,0.9422388905611268,0.05,0.01,1.0078985671145622,-4.047981743024035,1.0
1957,SNIa-BL/sn1997bq.m0011.dat,Sc,0.9438311688428531,0.17,0.01,0.8193302930161556,-4.062237836035156,1.0
1958,SNIa-BL/sn1995al.p0025.dat,Sc,0.9442720419206976,0.09,0.01,0.8909037679623055,-3.1661461838436624,1.0
1959,SNIa-BL/sn2000cf.p0003.dat,Sc,0.9447662369191498,0.14,0.017253479728759447,0.8538785823355237,-3.6182922441609326,1.0
1960,SNIa-BL/sn2007kk.p0004.dat,Sc,0.944811777125544,0.14,0.01,0.8440831862808784,-4.190475995299418,1.0
1961,SNIa-CN/sn2001fe.p0021.dat,Sc,0.945338275382425,0.1,0.01,0.9373472203679399,-3.833473051930707,1.0
1962,SNIa-CN/sn2005bc.m0005.dat,Sc,0.9453404974035182,0.15,0.01,0.7735191729810555,-4.401345753881109,1.0
1963,SNIa-BL/sn1998ec.p0020.dat,Sc,0.9458568389888591,0.1,0.01,0.900676676487462,-3.7345386377620864,1.0
1964,SNIa-CL/sn2007al.p0011.dat,Sc,0.9461359974471973,0.04,0.01,0.9637370243025716,-4.075836339993808,0.9582229380677639
1965,SNIa-CN/sn1996ai.max.dat,Sc,0.9468003839862347,0.03,0.010583406105602716,0.8233075506718547,-4.5,1.0
1966,SNIc/sn1990B.p0072.dat,Sc,0.9475219638251475,0.1,0.011337669751183709,0.720082365908143,-4.5,1.0
1967,SNIIb/sn2000H.p0004.dat,Sc,0.9481174627335288,0.09,0.011709036182040666,0.8512470239462407,-3.922194825682867,1.0
1968,SNIa-CN/sn2008ar.p0004.dat,Sc,0.9482677828353494,0.14,0.014413800835582734,0.8040795166719292,-3.9038641691022535,1.0
1969,SNIa-BL/sn1997E.m0004.dat,Sc,0.9489111855643936,0.16,0.01,0.7948862067422918,-4.14687398157203,1.0
1970,SNIIb/sn2006el.p0010.dat,Sc,0.9490509961089302,0.09,0.010570478681164676,0.7804242255600496,-4.5,1.0
1971,SNIa-BL/sn1997bp.m0000.dat,Sc,0.9491854340213286,0.05,0.013622404165091744,0.9928024173307372,-3.951866810750854,1.0
1972,SNIa-BL/sn1997bq.m0010.dat,Sc,0.9502925990441021,0.11,0.01044821099275404,0.826384059694291,-4.5,1.0
1973,SNIa-BL/sn2004ef.m0008.dat,Sc,0.9516253217028522,0.16,0.01,0.8279521472960144,-4.114331404348423,1.0
1974,SNIa-BL/sn2006ac.p0022.dat,Sc,0.9532819984066357,0.09,0.01,0.9129441563021888,-3.8972222740155367,1.0
1975,SNIa-SS/sn1998es.p0056.dat,Sc,0.9540237038455762,0.09,0.010442034080297131,0.8535093833001982,-4.093863405468795,1.0
1976,SNIa-CN/sn1998aq.p0020.dat,Sc,0.9546569726010237,0.1,0.01,0.9384840002927148,-3.839843779266186,1.0
1977,SNIa-SS/sn2008ae.p0015.dat,Sc,0.9554802200664084,0.06,0.01,0.92269890499767,-4.164575757270011,0.9653392514026142
1978,SNIa-CN/sn2000fa.p0018.dat,Sc,0.9558488581464774,0.11,0.01,0.9523772189322072,-3.6148330045255284,1.0
1979,SNIa-CN/sn2001cp.p0017.dat,Sc,0.9561273988070735,0.11,0.01,0.9431297863193671,-3.7910967044828374,1.0
1980,SNIb/sn2008D.p0003.dat,Sc,0.9561884937153751,0.1,0.010257457358034308,0.7124372825641693,-4.5,1.0
1981,SNIa-CN/sn2005na.p0001.dat,Sc,0.9571097097371469,0.15,0.01694412877142003,0.8013513183279379,-3.7544336519461123,1.0
1982,SNIIn/sn2005db.p0007.dat,Sc,0.9571884253513957,0.09,0.013058197265700934,0.7135338208151543,-4.5,1.0
1983,SNIa-SS/sn2002de.p0027.dat,Sc,0.9573622704881302,0.07,0.01,0.8929642801370838,-4.106996333611282,1.0
1984,SNIa-CN/sn1998dm.p0014.dat,Sc,0.9578484687276235,0.12,0.01,0.8851577677152642,-3.956863997938282,1.0
1985,SNIa-CL/sn2000dk.m0005.dat,Sc,0.9578882584077179,0.16,0.01,0.8193941181702108,-4.122782970498008,1.0
1986,SNIa-BL/sn2006X.p0010.dat,Sc,0.9580391745605945,0.1,0.01,0.8184580095575565,-3.93231710922139,1.0
1987,SNIa-BL/sn2001gc.p0018.dat,Sc,0.9584651809651964,0.1,0.01,0.9237283082377964,-3.5350713238146287,1.0
1988,SNIa-BL/sn2003W.p0044.dat,Sc,0.9589151398804946,0.05,0.011407014324406928,0.9318756686280579,-3.8960860022165456,1.0
1989,SNIa-BL/sn2004ef.m0004.dat,Sc,0.9590690918574276,0.15,0.01,0.8380936252574964,-4.1868254196657,1.0
1990,SNIa-CL/sn2007hj.m0001.dat,Sc,0.9594947610974933,0.15,0.01,0.8280639793931428,-4.184442267903735,1.0
1991,SNIa-CL/sn2006H.p0013.dat,Sc,0.9598405413275851,0.05,0.01,0.8931322212149896,-4.31684579805324,0.9800811152441964
1992,SNIa-CN/sn2003kf.p0014.dat,Sc,0.9598784677646031,0.11,0.018127205418372087,0.9117325504351186,-3.2517184351255697,1.0
1993,SNIa-BL/sn2004ef.p0003.dat,Sc,0.9600461511758288,0.14,0.01,0.8448196620020378,-4.18990925353523,1.0
1994,SNIc/sn2004gt.p0022.dat,Sc,0.960144314540241,0.1,0.013442339185850366,0.7006676640282387,-4.5,1.0
1995,SNIa-BL/sn1997bp.m0001.dat,Sc,0.9605945610438646,0.05,0.01,0.9960336888883367,-4.2735942313075395,1.0
1996,SNII/sn2004dj.p0056.dat,Sc,0.961714767359707,0.09,0.01,0.8143569041256704,-4.5,1.0
1997,SNIa-CL/sn2004gs.m0001.dat,Sc,0.9617784982143639,0.15,0.01,0.8148321566391811,-4.300146630870498,1.0
1998,SNIa-CN/sn2008ar.p0003.dat,Sc,0.9625431831961583,0.14,0.01,0.8372598644566792,-4.1984793291891345,1.0
1999,SNIa-SS/sn1998es.p0018.dat,Sc,0.9627510135101313,0.11,0.01,0.9254246495997775,-3.8252161859004907,1.0
2000,SNIa-BL/sn2007le.p0019.dat,Sc,0.9637418378856791,0.1,0.01,0.9220695138843843,-3.536812147457527,1.0
2001,SNIa-SS/sn1999aa.p0056.dat,Sc,0.9647098980777034,0.09,0.01,0.8978394195034543,-3.995730116937646,1.0
2002,SNIb-n/sn2006jc.p0012.dat,Sc,0.964908112264566,0.17,0.010731079404035187,0.9122234431746634,-3.332357829545418,1.0
2003,SNIc-bl/sn1997ef.p0046.dat,Sc,0.9671594141301914,0.09,0.01,0.7106197379680641,-4.5,1.0
2004,SNIa-CN/sn1994ae.p0005.dat,Sc,0.9674627436206619,0.14,0.01262758543121659,0.8649751131861053,-3.9430682125950476,1.0
2005,SNIa-BL/sn2006X.p0012.dat,Sc,0.9676284535269939,0.11,0.01,0.7924231076325744,-3.9074183058941943,1.0
2006,SNIa-BL/sn1997bp.p0049.dat,Sc,0.9680163275792382,0.08,0.01,0.9030893048088128,-3.832000719983306,1.0
2007,SNIa-CN/sn2003cg.p0010.dat,Sc,0.9681685240171539,0.09,0.01,0.7615219170148174,-4.26560987838366,1.0
2008,SNIa-BL/sn2004fu.p0004.dat,Sc,0.9696370509706236,0.04,0.01058541974402389,0.9921783924340464,-4.2925471858390125,0.9696460372957605
2009,SNIa-CN/sn2003kf.p0015.dat,Sc,0.9699414765552342,0.11,0.01,0.9388600999257062,-3.8007724066346036,1.0
2010,SNIa-CL/sn2004gs.p0002.dat,Sc,0.9700370090687039,0.13,0.01,0.8629991297051177,-4.218464943993536,1.0
2011,SNIa-SS/sn2000cx.p0039.dat,Sc,0.9701316685275878,0.08,0.01,0.893198136930323,-4.0880920756671,1.0
2012,SNIa-CL/sn2005ke.p0010.dat,Sc,0.9702067181917291,0.06,0.01,0.9442525846351518,-3.880018233511287,1.0
2013,SNII/sn2002gd.p0100.dat,Sc,0.9725913131447249,0.09,0.01,0.8637873616610979,-4.264307645680726,1.0
2014,SNIa-CL/sn2003iv.m0001.dat,Sc,0.9728579148467915,0.05,0.011257875753141439,0.9545875861004648,-4.5,0.9767534727881655
2015,SNIa-CN/sn2006lf.p0007.dat,Sc,0.9734432010442341,0.13,0.01,0.716464851812817,-4.391589961667696,1.0
2016,SNIa-CL/sn1997cn.p0013.dat,Sc,0.973706984972337,0.06,0.014260420311849025,0.908460628507174,-3.7389967412077922,1.0
2017,SNII/sn2004et.p0032.dat,Sc,0.9741834820607518,0.1,0.012073009585303484,0.5995593535766758,-4.5,1.0
2018,SNIa-CN/sn2006D.p0016.dat,Sc,0.9742964225978364,0.1,0.011370516986595903,0.8964080642983444,-3.608769183711345,1.0
2019,SNIa-BL/sn2004ef.m0003.dat,Sc,0.9746936539111599,0.15,0.01,0.8347685983522272,-4.203301749953383,1.0
2020,SNIa-SS/sn1998es.p0080.dat,Sc,0.9752635547178719,0.09,0.01,0.9143084556903432,-4.054306543132903,1.0
2021,Gap/sn2015dl.p0003.dat,Sc,0.9767823036686938,0.03,0.01427163524792247,0.7257883887996274,-4.5,1.0
2022,SNIa-BL/sn2001da.p0057.dat,Sc,0.9769779717681678,0.09,0.01,0.8529945017430306,-4.104364268320142,1.0
2023,SNIa-BL/sn2001gc.m0009.dat,Sc,0.9777212603797242,0.06,0.01,0.9531710038644463,-4.462546870811559,1.0
2024,SNIIb/sn1996cb.p0190.dat,Sc,0.9778963908134981,0.14,0.01,0.8259008760207979,-4.216161034994828,1.0
2025,SNIa-BL/sn2007cg.p0008.dat,Sc,0.9782132933613235,0.12,0.01,0.7702320953327477,-4.316531734004807,1.0
2026,SNIa-CSM/sn2012ca.p0495.dat,Sc,0.9783963809119047,0.16,0.01,0.7802279829407106,-4.047215260789742,1.0
2027,SNIa-CL/sn2007ci.p0013.dat,Sc,0.9787511310927596,0.07,0.01,0.9843456466424242,-3.6008599009773086,1.0
2028,SNIa-BL/sn1995al.p0019.dat,Sc,0.9789731166552662,0.1,0.01,0.9310842364397625,-3.6682400075224346,1.0
2029,SNII/sn2013am.p0013.dat,Sc,0.9802056634573989,0.1,0.010625087091877147,0.7504309819322932,-4.5,1.0
2030,SNIa-BL/sn2004fu.m0003.dat,Sc,0.9802452145787722,0.05,0.010546756075604546,0.9405473768583354,-4.5,1.0
2031,SNIa-BL/sn2001ay.p0031.dat,Sc,0.9825150826988993,0.07,0.011145217127998196,0.9159865499480828,-3.945029031848713,1.0
2032,SNIa-CL/sn1997cn.p0020.dat,Sc,0.9829453675744122,0.06,0.01,0.9191779926205221,-4.214197475625737,1.0
2033,SNIa-BL/sn1997bp.p0054.dat,Sc,0.9844664983666154,0.09,0.01,0.8684184955462455,-3.9054149373176332,1.0
2034,SNIa-BL/sn2003kc.p0024.dat,Sc,0.9848032486735766,0.06,0.01,0.9339644117411522,-4.112556430646129,1.0
2035,SNIa-SS/sn2008Z.p0021.dat,Sc,0.9848240905299062,0.11,0.01,0.8994477333927543,-3.897795598895609,1.0
2036,SNIa-BL/sn1997bq.m0008.dat,Sc,0.9851870971111819,0.11,0.010141476271970859,0.8354166865647926,-4.5,1.0
2037,SNII/sn2005cs.p0035.dat,Sc,0.9852119583869595,0.09,0.01,0.7904138235369269,-4.310795716994772,1.0
2038,SNIa-CL/sn2006kf.m0005.dat,Sc,0.9853139072500334,0.05,0.012023535010949165,0.9193549681926977,-4.5,0.9602670096753906
2039,SNIb-n/sn2006jc.p0013.dat,Sc,0.9854419794774445,0.17,0.01,0.9364408331937902,-3.953156901868209,1.0
2040,SNII/sn2004dj.p0051.dat,Sc,0.9864030065062657,0.1,0.01117542534053356,0.7266296765417929,-4.5,1.0
2041,SNIa-BL/sn2006cp.m0009.dat,Sc,0.9864461598376842,0.06,0.010294641795779538,0.9477797096944826,-4.5,0.988126918036906
2042,SNIa-CN/sn1995E.m0003.dat,Sc,0.986719484138517,0.15,0.01,0.7473201702767373,-4.4331835831718305,1.0
2043,SNIa-CL/sn2007fb.p0002.dat,Sc,0.9867739939997546,0.05,0.010992056809844976,0.9587073111049185,-4.5,0.9743363253363911
2044,SNIa-CN/sn2000ce.p0020.dat,Sc,0.9867862048529127,0.1,0.01,0.8503390622993026,-3.9054481673839843,1.0
2045,SNIa-CN/sn2002jy.p0018.dat,Sc,0.9868379774718659,0.11,0.01,0.9604877091361994,-3.706828751739584,1.0
2046,SNIa-CN/sn2003du.p0023.dat,Sc,0.9873392918977097,0.1,0.0113674785738084,0.8914033319578257,-3.7876895494082543,1.0
2047,SNIa-BL/sn1997bq.m0009.dat,Sc,0.9879630781028526,0.11,0.010331769293936852,0.8343200166932219,-4.5,1.0
2048,SNIa-BL/sn2007kk.p0003.dat,Sc,0.988509117719568,0.14,0.010620733154807424,0.8430349454547009,-4.152714836827183,1.0
2049,SNIa-BL/sn1997bp.p0002.dat,Sc,0.9896019086589692,0.05,0.017072556023436422,0.9911438879244043,-3.678137812012743,1.0
2050,SNIa-CN/sn2008ar.p0035.dat,Sc,0.9905709698922176,0.06,0.01,0.9295846863349849,-4.106088073307898,0.9822945884733632
2051,SNIa-BL/sn2007le.p0021.dat,Sc,0.9908889749267032,0.1,0.01,0.8827832266993064,-3.5946960941448602,1.0
2052,SNIIn/sn2000P.p0058.dat,Sc,0.9917688823681436,0.1,0.01,0.8247691726606419,-4.454611707036897,1.0
2053,SNIa-CN/sn2003du.p0018.dat,Sc,0.9919210000699559,0.11,0.01,0.9417291061991838,-3.816437890060531,1.0
2054,SNIa-CN/sn2002fk.p0033.dat,Sc,0.9930165713660093,0.06,0.011352609856177058,0.9187350245224001,-3.6796065786517227,1.0
2055,SNIa-BL/sn2001E.p0039.dat,Sc,0.9941223742490817,0.05,0.01,0.964051023265793,-3.9423131323800047,1.0
2056,SNIa-CN/sn2001cp.p0022.dat,Sc,0.9957054968364106,0.1,0.01,0.9058305303252961,-3.842627248972077,1.0
2057,SNIa-SS/sn2002hu.p0022.dat,Sc,0.9957416563756192,0.1,0.010097793974805513,0.9171622439800192,-3.9314697736802877,1.0
2058,SNIIn/sn1994ak.p0014.dat,Sc,0.9962679386335551,0.1,0.010248090207905132,0.9136290454231293,-4.464398661336287,1.0
2059,SNIa-BL/sn2004fu.p0002.dat,Sc,0.9971509592926923,0.04,0.01160238360048523,0.9797451400374136,-4.183787985525072,0.9674558942106934
2060,SNIa-CL/sn2007fb.p0060.dat,Sc,0.997608234967176,0.09,0.01,0.8458979264209463,-4.258765139907429,1.0
2061,SNIa-BL/sn2004fu.m0006.dat,Sc,0.9981756470748367,0.05,0.010780165624520562,0.9361892652683537,-4.5,1.0
2062,SNIa-BL/sn1993ac.p0007.dat,Sc,0.9983431541129364,0.03,0.01,1.0231832199841333,-4.3794676184104295,1.0
2063,SNIa-CL/sn1998bp.p0028.dat,Sc,0.9993664062224822,0.06,0.01,0.9553568056847935,-3.8390452730490985,1.0
2064,SNIa-CL/sn2003iv.p0001.dat,Sc,0.9997958159826241,0.15,0.01,0.812987840550526,-4.299673256976187,1.0
2065,Gap/sn2015dl.p0004.dat,Sc,1.0002183282566828,0.03,0.01479370566268131,0.6987679759613199,-4.5,1.0
2066,SNIc/sn2005az.p0025.dat,Sc,1.0005561925719046,0.09,0.01039306576928023,0.7325319230707803,-4.5,1.0
2067,SNIa-BL/sn2007le.p0018.dat,Sc,1.0008737309499434,0.1,0.01,0.9325556012859091,-3.555402729948419,1.0
2068,SNIa-BL/sn2006ev.p0006.dat,Sc,1.0018997208633276,0.14,0.01,0.8345369756820582,-4.214846215653631,1.0
2069,SNIc/sn2005az.p0032.dat,Sc,1.002273937863544,0.1,0.010830133236375602,0.7121512048091606,-4.5,1.0
2070,SNIa-CN/sn1994ae.max.dat,Sc,1.0028144845706064,0.15,0.011366770656149192,0.8486765142390094,-4.075799254489729,1.0
2071,SNIb-n/sn2006jc.p0008.dat,Sc,1.0036076772711897,0.17,0.01,0.9196556567667631,-4.019426563412552,1.0
2072,SNIa-BL/sn2001ay.p0029.dat,Sc,1.0036344881732708,0.07,0.01,0.9248101647783848,-4.0347746190336204,1.0
2073,SNIa-SS/sn2006S.p0001.dat,Sc,1.0040283135285017,0.15,0.01,0.8303295336482074,-4.257811256279497,1.0
2074,SNIa-BL/sn2001ay.p0055.dat,Sc,1.0046737087439872,0.09,0.01,0.8648396851571722,-4.0019356395183445,1.0
2075,SNIa-CN/sn2003cg.p0001.dat,Sc,1.0055306912491004,0.03,0.01,0.9306830632230052,-4.228139229328081,1.0
2076,SNIa-BL/sn2007co.m0005.dat,Sc,1.0057997128120404,0.06,0.011217484148514369,0.9168509124101735,-4.5,0.9746293973678067
2077,SNIb-n/sn2006jc.p0015.dat,Sc,1.0059887886245729,0.17,0.01,0.908242548673069,-3.2922261316312413,1.0
2078,SNIa-BL/sn2002bo.p0020.dat,Sc,1.0062219794218124,0.09,0.01,0.8938919831484167,-3.5873618156002025,1.0
2079,SNIa-SS/sn2005M.p0025.dat,Sc,1.0065133390142118,0.09,0.01,0.9064713098670429,-3.8902699491638777,1.0
2080,SNIa-BL/sn2006cj.p0008.dat,Sc,1.0076410553637165,0.14,0.01,0.8817347022625265,-4.1793815537763574,1.0
2081,SNIa-CN/sn2002cr.p0019.dat,Sc,1.0076581304051082,0.1,0.01,0.8935453697941108,-3.9037308818227756,1.0
2082,SNIa-BL/sn2007co.m0001.dat,Sc,1.008238106444119,0.15,0.01,0.8177607307913692,-4.251884261676005,1.0
2083,SNIa-BL/sn2006X.p0007.dat,Sc,1.0093256764347873,0.11,0.01,0.7380352147383434,-4.211113292278515,1.0
2084,SNIa-CN/sn1999ek.m0001.dat,Sc,1.009385551663388,0.03,0.01,0.9602311037575516,-4.419248357732029,0.965487026187035
2085,SNIa-BL/sn2007co.m0003.dat,Sc,1.009830380135024,0.15,0.01,0.8299695394942934,-4.207340376869056,1.0
2086,SNIa-CN/sn2008ar.p0056.dat,Sc,1.0108386402412985,0.09,0.01,0.8653001856194736,-4.16652015370947,1.0
2087,SNIa-SS/sn2008Z.p0017.dat,Sc,1.0108747064310708,0.11,0.01,0.9374909227936767,-3.8324812009572384,1.0
2088,SNIa-CN/sn1995E.p0006.dat,Sc,1.011826915200265,0.13,0.01,0.7852158955053703,-4.310496488264219,1.0
2089,SNIa-CL/sn2007hj.m0003.dat,Sc,1.0125847032423627,0.15,0.010254230323423846,0.8275943043046725,-4.208346651478941,1.0
2090,SNIa-CN/sn2003cg.m0005.dat,Sc,1.0126109531571652,0.04,0.010730963958177017,0.8424212064869355,-4.5,1.0
2091,SNIa-BL/sn2002cd.p0015.dat,Sc,1.0143827925708073,0.11,0.01,0.8791492163495723,-3.621492329919273,1.0
2092,SNIa-BL/sn2006ot.m0000.dat,Sc,1.0147579263516313,0.15,0.012402734251526677,0.8392945255529038,-3.957881900701431,1.0
2093,SNIa-BL/sn2006br.max.dat,Sc,1.014785480585115,0.15,0.011465832769058885,0.5885017856396635,-4.5,1.0
2094,SNIa-SS/sn2001V.p0040.dat,Sc,1.0148834807417804,0.06,0.01,0.9908221976032305,-3.5837457357385327,1.0
2095,SNIa-BL/sn2003ch.p0014.dat,Sc,1.0149365692023522,0.11,0.01,0.9503732062203611,-3.8195482234189915,1.0
2096,SNII/sn2004dj.p0068.dat,Sc,1.015033628211576,0.09,0.01,0.828801229121637,-4.396934675934516,1.0
2097,SNII/sn2004dj.p0084.dat,Sc,1.0155044462214973,0.09,0.01,0.8877039754165512,-4.183311939820178,1.0
2098,SNIa-BL/sn2006cp.m0008.dat,Sc,1.01559494314973,0.06,0.010612905138904293,0.938600312352257,-4.5,0.9886630984283012
2099,SNIa-CL/sn2005ke.p0011.dat,Sc,1.0161227386803575,0.06,0.01,0.9450938132270857,-3.8464421187408515,1.0
2100,SNIa-CN/sn2008ar.p0001.dat,Sc,1.0161462473432505,0.15,0.01,0.8320288125729757,-4.185644592549626,1.0
2101,SNII/sn1999em.p0040.dat,Sc,1.0163079479874633,0.1,0.010004822193553383,0.8115284919330397,-4.5,0.9806502718220298
2102,SNIa-BL/sn2001ay.p0030.dat,Sc,1.0166172721335647,0.06,0.01,0.9541490940233934,-3.877890363331557,1.0
2103,SNIa-SS/sn2001V.p0047.dat,Sc,1.0171853073937873,0.06,0.01,0.9838461225654453,-3.7357657542577254,1.0
2104,SNIb-n/sn2006jc.p0007.dat,Sc,1.0173161112877391,0.17,0.01,0.9179727279288198,-4.014136123311528,1.0
2105,SNIa-CL/sn2004gs.m0000.dat,Sc,1.017527114906821,0.14,0.016409022739410313,0.8150308445280615,-3.793543324493327,1.0
2106,SNIa-CN/sn1996bl.p0018.dat,Sc,1.017706043681941,0.1,0.018416012314241517,0.8901593602093316,-3.2901933433225468,1.0
2107,SNIb-n/sn2006jc.p0010.dat,Sc,1.0178684126016901,0.17,0.01,0.9176727219180867,-4.021309826601737,1.0
2108,SNIc/sn2004aw.p0039.dat,Sc,1.018700059716508,0.1,0.012782660569005695,0.7020359866829041,-4.5,1.0
2109,SNIa-BL/sn2007le.p0017.dat,Sc,1.0189559140404378,0.11,0.01,0.9140848217479731,-3.5749643805624522,1.0
2110,SNIc/sn1994I.p0021.dat,Sc,1.0195474440752472,0.11,0.01,0.7869745601544884,-4.406145516234069,1.0
2111,SNIa-CN/sn2001fh.m0003.dat,Sc,1.0196106050544242,0.15,0.011586697434808772,0.6297525792314631,-4.5,1.0
2112,SNIa-BL/sn2007kk.p0027.dat,Sc,1.0199642124156187,0.09,0.01,0.8469613870328955,-4.119409017439431,1.0
2113,SNIa-BL/sn2006cj.m0000.dat,Sc,1.0204147978929905,0.15,0.01,0.9133089226476705,-4.123804633128534,1.0
2114,SLSN-IIn/snPTF10fel.p0095.dat,Sc,1.0207219119184205,0.12,0.010650737467309048,0.7003160836351885,-4.5,1.0
2115,SNIa-BL/sn2007co.m0004.dat,Sc,1.0208596542909198,0.16,0.01,0.8037122131219574,-4.227509694068876,1.0
2116,SNIb-n/sn2006jc.p0011.dat,Sc,1.0209748501291658,0.17,0.01,0.9239528030298892,-4.009952417126451,1.0
2117,SNIIn/sn1999el.m0003.dat,Sc,1.022103322746749,0.09,0.012931277015810731,0.7732878834118467,-4.290877133989193,1.0
2118,SNIa-BL/sn2004ef.p0033.dat,Sc,1.0223336905234235,0.06,0.015387978823210805,0.9573312956186623,-3.4901128300322277,0.9586260540532078
2119,SNIa-CL/sn2002eu.p0026.dat,Sc,1.022750720749054,0.06,0.01,0.921293902448226,-4.1794029454742905,1.0
2120,SNIa-CN/sn1994ae.p0001.dat,Sc,1.0231001987365613,0.15,0.01,0.8491685179976508,-4.205805160641588,1.0
2121,SNIa-CL/sn2000dk.p0088.dat,Sc,1.0237703788284036,0.11,0.01,0.8374362117787645,-4.291580040736353,1.0
2122,Gap/sn2015dl.p0000.dat,Sc,1.0245815601981667,0.03,0.020149664238976017,0.6566704872134932,-4.4576099150923,1.0
2123,SNIa-SS/sn2001V.p0073.dat,Sc,1.024757845849669,0.09,0.01,0.9325354920973261,-3.904897654274619,1.0
2124,SNIa-SS/sn1998es.p0044.dat,Sc,1.0250655781726006,0.06,0.01,0.9587673222234203,-3.8502650049347324,1.0
2125,SNIa-CL/sn1998bp.p0026.dat,Sc,1.02647354630587,0.06,0.01,0.9641118620084819,-3.780296297992902,1.0
2126,SNIa-CL/sn1997cn.p0018.dat,Sc,1.0266102558714065,0.06,0.01,0.9394715429743189,-4.045269412364774,1.0
2127,SNIa-BL/sn2003ch.p0015.dat,Sc,1.0280488378304016,0.09,0.01,0.9439172629549728,-4.05822574294916,1.0
2128,SNIa-SS/sn2005eq.p0027.dat,Sc,1.0294893148455049,0.09,0.01,0.8988713381328203,-3.9080888250147328,1.0
2129,SNIa-CN/sn2003kf.p0016.dat,Sc,1.0318980737274188,0.11,0.01237865061380174,0.9377604177934454,-3.616950674404194,1.0
2130,SNIa-BL/sn2007co.m0000.dat,Sc,1.032243312333006,0.15,0.010609859912653648,0.824591467096534,-4.1532705780054915,1.0
2131,SNIIb/sn2006el.p0012.dat,Sc,1.032987120515329,0.09,0.01,0.7783834980947483,-4.489776791233558,1.0
2132,SNIa-CL/sn1998bp.p0025.dat,Sc,1.0330890083509137,0.06,0.01,0.972160852986141,-3.727610366221583,1.0
2133,SNIa-CN/sn1999ac.p0033.dat,Sc,1.0335733620536505,0.06,0.01,0.9701947635290893,-3.7620648170657756,1.0
2134,SNIa-CN/sn2003cg.m0003.dat,Sc,1.0337133901648974,0.04,0.010304358061924115,0.848850973341003,-4.5,1.0
2135,SNIa-SS/sn1999aa.p0042.dat,Sc,1.0354989051896775,0.06,0.01,0.9786970881903411,-3.8057361968143204,1.0
2136,SNIa-CN/sn1996ai.p0002.dat,Sc,1.0360336981191873,0.03,0.01,0.8388506112838224,-4.39413088785153,1.0
2137,SNIa-SS/sn2005hk.p0020.dat,Sc,1.0369579997262222,0.05,0.01,0.9448287038391687,-3.8788155847089594,0.9905897450849828
2138,SNIb-n/sn2006jc.p0009.dat,Sc,1.037319368904899,0.17,0.01163995199244711,0.9171127186709498,-3.875320981253934,1.0
2139,SNIa-CN/sn2001G.p0031.dat,Sc,1.0387328610831421,0.06,0.01,0.9650921363261185,-3.8373762902247837,1.0
2140,SNIa-BL/sn2002cu.m0008.dat,Sc,1.0392305925090999,0.06,0.010367263604726406,0.9378650975252184,-4.5,1.0
2141,SNIa-SS/sn2008Z.p0023.dat,Sc,1.0398562171471029,0.1,0.011843912734103216,0.8949962973361911,-3.7306359911069102,1.0
2142,SNIa-CN/sn1994ae.p0003.dat,Sc,1.0404330365232484,0.15,0.01,0.8499012146222138,-4.203303384465093,1.0
2143,SNIa-CN/sn1998dx.p0002.dat,Sc,1.0404654324264089,0.15,0.01,0.8467095806174667,-4.207974907060809,1.0
2144,SNIa-CN/sn2003du.p0019.dat,Sc,1.0421568891655006,0.11,0.01,0.931552708108975,-3.8434455401826857,1.0
2145,SNIa-CL/sn2002fb.p0023.dat,Sc,1.0427106545090379,0.06,0.01,0.9236415100172051,-4.128497960375529,1.0
2146,SNIa-SS/sn2001V.p0049.dat,Sc,1.043173995419933,0.06,0.01,0.982333422977714,-3.764914155619233,1.0
2147,SNIIb/sn2006el.p0015.dat,Sc,1.044355913622851,0.09,0.010308145422240974,0.7684558036279332,-4.5,1.0
2148,SNIIb/sn1993J.p2901.dat,Sc,1.04631726197818,0.11,0.011056892786547893,0.8262430668034484,-4.5,1.0
2149,SNIa-CN/sn2001G.p0063.dat,Sc,1.0472652413058765,0.09,0.01,0.866486311494557,-4.018002827028798,1.0
2150,SNIa-SS/sn2001eh.p0031.dat,Sc,1.0473753671819543,0.07,0.01,0.9598037578310104,-3.7415517788677106,1.0
2151,SNIa-BL/sn2007co.p0003.dat,Sc,1.0476781106123327,0.14,0.010934551466345411,0.8266207064883678,-4.134328354133566,1.0
2152,SNIa-CN/sn2003kf.p0017.dat,Sc,1.0481992074762823,0.11,0.014590082173263654,0.9181771296878969,-3.376350320386068,1.0
2153,SNIa-CL/sn2007fb.p0063.dat,Sc,1.048343794591304,0.1,0.011709932031587413,0.8018650972957508,-4.171762057472295,1.0
2154,SNIa-BL/sn1994T.m0000.dat,Sc,1.048637156361526,0.14,0.01,0.8536930404389371,-4.085261908952981,1.0
2155,SNIa-SS/sn2001eh.p0035.dat,Sc,1.0486807318301634,0.06,0.01,0.9698517720868837,-3.798048433872377,1.0
2156,SNIa-BL/sn2007kk.m0002.dat,Sc,1.0496499625313065,0.15,0.01017126886534922,0.8550770604279081,-4.135722077400624,1.0
2157,SNIa-CN/sn2001fe.p0028.dat,Sc,1.0503317041375857,0.08,0.01,0.9161485142669463,-3.915868188349873,1.0
2158,SNIa-CL/sn2002jg.p0005.dat,Sc,1.0508178205743663,0.14,0.01,0.708285640302806,-4.443302038156634,1.0
2159,SNIa-CL/sn2007ax.p0019.dat,Sc,1.0509082275826926,0.06,0.01,0.883760500976994,-4.290369066583078,1.0
2160,SNIa-CN/sn1994ae.p0002.dat,Sc,1.050920344497493,0.15,0.011010186666179271,0.8469240241209842,-4.109516390017862,1.0
2161,SNIc/sn2004gt.p0018.dat,Sc,1.05096260756801,0.09,0.011422720123989066,0.7516241239908584,-4.5,1.0
2162,SNIIb/sn2008ax.p0004.dat,Sc,1.051488602616583,0.09,0.01,0.8441982849174422,-4.167230085599406,1.0
2163,SNIa-BL/sn2007kk.m0001.dat,Sc,1.0516578324010413,0.15,0.01,0.842546781970582,-4.19885248794986,1.0
2164,SNIb/sn2009iz.p0005.dat,Sc,1.0516924771561365,0.1,0.01,0.8523176368113794,-4.317940678989574,1.0
2165,SNIa-BL/sn1997bp.p0027.dat,Sc,1.0521021946326876,0.07,0.01,0.9408809030608067,-3.5847003671191895,1.0
2166,SNIa-CN/sn1994ae.p0004.dat,Sc,1.053480990027226,0.15,0.01,0.8384851435611634,-4.250917981070483,1.0
2167,SNIa-SS/sn1999aa.p0054.dat,Sc,1.055451165457881,0.09,0.01,0.8975934305180725,-3.9598625495000697,1.0
2168,SNIa-CN/sn2005mc.p0006.dat,Sc,1.0556864749189463,0.09,0.01,0.8666220443535865,-4.358479405338836,1.0
2169,SNIa-CL/sn1998bp.p0015.dat,Sc,1.0574052915820176,0.06,0.01,0.9710506661341842,-3.6989935444423603,1.0
2170,SNIa-CL/sn1998bp.p0013.dat,Sc,1.0574066942014708,0.06,0.01,0.9858242553342563,-3.595377607281074,1.0
2171,SNIa-CL/sn1997cn.p0014.dat,Sc,1.058249976446179,0.06,0.014778662442961958,0.9137312568011866,-3.60949735539623,1.0
2172,SNIa-CN/sn2003cg.m0000.dat,Sc,1.0593125171914262,0.04,0.01,0.8870766551323839,-4.308275685594094,1.0
2173,SNIa-CN/sn1998dx.p0001.dat,Sc,1.0593959164254096,0.15,0.01,0.8502589147851491,-4.223043300691863,1.0
2174,SNIIn/snLSQ12heq.p0020.dat,Sc,1.059936581448105,0.17,0.030561062907993406,0.8316198558299224,-3.401120827072173,0.9598504527027629
2175,SNIa-BL/sn2006cp.m0011.dat,Sc,1.0604071621075242,0.11,0.011136775894802955,0.8080729897730737,-4.5,1.0
2176,SNIa-CL/sn2007fb.p0066.dat,Sc,1.0614318505187437,0.1,0.013187601208447223,0.7831642752573643,-4.045587252018454,1.0
2177,SNIa-SS/sn2001V.p0050.dat,Sc,1.0619608367554807,0.06,0.01,0.9896335509247975,-3.7133493763522667,1.0
2178,SNIa-CN/sn2003kf.p0021.dat,Sc,1.0627389235201277,0.1,0.01,0.8979244079983736,-3.7430780648889943,1.0
2179,SNIa-BL/sn2003gn.m0003.dat,Sc,1.0641663071713512,0.05,0.010162903346966198,0.9775208496343074,-4.5,0.9756045148066048
2180,SNIIb/sn2008ax.m0015.dat,Sc,1.0641677259785527,0.12,0.01,0.7725053781252306,-4.317730667838179,1.0
2181,SNIa-CN/sn2006le.p0048.dat,Sc,1.0643853078359837,0.08,0.01,0.9109785893364385,-3.9105542479857807,1.0
2182,SNII/sn2004dj.p0066.dat,Sc,1.06439718502689,0.09,0.01,0.8154249244001169,-4.452653604358428,1.0
2183,SNIa-SS/sn2008Z.p0048.dat,Sc,1.0651471476563,0.09,0.01,0.818483010266691,-4.231268617005621,1.0
2184,SNIIn/sn2010jl.p0029.dat,Sc,1.0656291507257571,0.11,0.010848268398156368,0.7640716417179825,-4.5,1.0
2185,SNIa-BL/sn1997bp.p0032.dat,Sc,1.0670607258440459,0.06,0.01,0.9643148772278588,-3.6888305380119206,1.0
2186,SNIa-CL/sn2007hj.p0014.dat,Sc,1.06722501447601,0.07,0.01,0.9362174415858497,-3.7945991662404754,1.0
2187,SNIa-BL/sn2007bd.p0002.dat,Sc,1.0675686023970523,0.15,0.01,0.8216789886681545,-4.258834552483927,1.0
2188,SNIa-SS/sn2008A.p0019.dat,Sc,1.0687418269575792,0.06,0.01,0.9191257752284885,-3.806914628966812,1.0
2189,SNIa-BL/sn2004ef.p0001.dat,Sc,1.0692458276342924,0.15,0.01,0.8176041255531585,-4.238322406119726,1.0
2190,SNIIb/sn1996cb.p0003.dat,Sc,1.069462427929217,0.1,0.01,0.7988365914491393,-4.3710163866763185,1.0
2191,SNIa-CN/sn2005bc.m0006.dat,Sc,1.0715675714954247,0.15,0.01,0.7833496350646068,-4.327594399654082,1.0
2192,SNIa-BL/sn2002he.p0035.dat,Sc,1.0718368255184567,0.06,0.01,0.9860777151667117,-3.781728896944148,1.0
2193,SNIa-SS/sn2001V.p0048.dat,Sc,1.0730556169817658,0.06,0.01,0.9830110402834437,-3.6813337734196825,1.0
2194,SNIa-CN/sn1998dm.p0019.dat,Sc,1.0736898842127836,0.11,0.013939268460502061,0.8790308922434213,-3.5343300709499657,1.0
2195,SNIa-BL/sn1998ef.p0001.dat,Sc,1.0748483790530479,0.15,0.01,0.8008992404556052,-4.273506734698636,1.0
2196,SNIa-CN/sn2007ca.p0038.dat,Sc,1.0749528606748973,0.06,0.013910419107944737,0.9121387803716882,-3.740234171708166,1.0
2197,SNIa-SS/sn2001eh.p0029.dat,Sc,1.0753850549212143,0.08,0.01,0.9236465615999142,-3.871192748186507,1.0
2198,SNIa-CN/sn2007fs.p0055.dat,Sc,1.0760740805915094,0.09,0.01,0.900211433911133,-3.9386349163417833,1.0
2199,SNIa-CSM/snASASSN-15og.p0059.dat,Sc,1.0764522945907136,0.17,0.01,0.670156343100092,-4.465036623519245,0.9795610014377955
2200,SNIa-BL/sn2006cp.m0010.dat,Sc,1.0775535543039931,0.17,0.01,0.8201934558814137,-4.09364568510138,1.0
2201,SNIa-BL/sn2006ac.p0034.dat,Sc,1.077556192007686,0.06,0.01,0.9798157181716294,-3.8081377787660613,0.9876509211588308
2202,SNIa-BL/sn2007co.p0002.dat,Sc,1.0777576603438057,0.14,0.01,0.8343247597120024,-4.217090286294508,1.0
2203,SNIa-CN/sn2007ca.p0046.dat,Sc,1.078689533566528,0.08,0.012049090041945962,0.831621187120739,-4.149175821705333,1.0
2204,SNIa-CN/sn1994D.p0057.dat,Sc,1.0788440760236595,0.1,0.01,0.8824741657855665,-4.004180323657799,1.0
2205,SNII/sn2006bp.p0042.dat,Sc,1.0788641953473306,0.11,0.010346151117818107,0.7137562605186891,-4.5,1.0
2206,SNIa-BL/sn1995al.p0018.dat,Sc,1.0791537851555228,0.1,0.01,0.946716319994121,-3.6479617192291887,1.0
2207,SNIIb/sn1996cb.p0004.dat,Sc,1.0792708426467268,0.09,0.01,0.8169437065881233,-4.444579806235189,1.0
2208,SNIa-BL/sn2004fu.m0005.dat,Sc,1.0799033424654787,0.05,0.011090577997177132,0.9137335486395168,-4.5,1.0
2209,SNIa-CN/sn2001fh.m0002.dat,Sc,1.0804507847710199,0.15,0.01191041684870155,0.6380989347816752,-4.452462240983896,1.0
2210,SNIa-BL/sn2007bd.m0008.dat,Sc,1.0806062549462612,0.06,0.012012402533156073,0.9145748685894798,-4.5,0.9613671395235031
2211,SNIa-SS/sn2001V.p0078.dat,Sc,1.0809398893102542,0.09,0.010401837976782789,0.9459352860009885,-3.813608368250512,1.0
2212,SNIa-CL/sn1997cn.p0011.dat,Sc,1.0825327756798355,0.06,0.011633004766680357,0.9286137703193027,-3.8934280007669293,1.0
2213,SNIc/sn1990B.p0004.dat,Sc,1.0826441331285281,0.07,0.01342814220842432,0.6539460268437886,-4.5,1.0
2214,SNIa-CL/sn2000dk.p0059.dat,Sc,1.0831040243944752,0.09,0.01,0.9473615656765219,-3.890211526516128,1.0
2215,SNIb-pec/sn2007uy.p0054.dat,Sc,1.0839510399471144,0.09,0.01,0.7852532823181094,-4.484632347862201,1.0
2216,SNIc-bl/sn1997ef.p0048.dat,Sc,1.0845044843407847,0.09,0.010453007591810845,0.7273997761129813,-4.5,1.0
2217,SNIa-SS/sn2005hk.p0023.dat,Sc,1.0850369215438325,0.05,0.01,0.9525896231113623,-3.890713819829002,0.9887037197190236
2218,SNIa-BL/sn2002bo.m0008.dat,Sc,1.085630686489804,0.06,0.010192242444145344,0.9137171714005282,-4.5,1.0
2219,SNIa-SS/sn1999aa.p0028.dat,Sc,1.086215239144734,0.07,0.01,0.9622278255333295,-3.7701102725008226,1.0
2220,SNIa-BL/sn2002hd.p0016.dat,Sc,1.0863945222063724,0.09,0.01,0.9112497594796033,-3.985618211139693,1.0
2221,SNIa-SS/sn1999aa.p0046.dat,Sc,1.0865936937245522,0.06,0.01,0.9897900738458492,-3.803955382411521,1.0
2222,SNIa-BL/sn1995al.p0068.dat,Sc,1.0867708077618425,0.09,0.01,0.9087192956184401,-3.8888944976419824,1.0
2223,SNIa-CN/sn1999ek.p0003.dat,Sc,1.0874402808977213,0.04,0.01,0.938540485615069,-4.345951234056071,1.0
2224,SNIa-CN/sn2003cg.p0002.dat,Sc,1.0882382539284305,0.04,0.01,0.8984415800609968,-4.2389451304298325,1.0
2225,SNIa-CN/sn2003cg.m0004.dat,Sc,1.0882545384215934,0.04,0.010452688050044233,0.8455619674769677,-4.5,1.0
2226,SNIa-CN/sn1999ac.p0035.dat,Sc,1.0885310251301008,0.06,0.01,0.9821617410930074,-3.730211662492776,1.0
2227,SNIa-BL/sn2007co.p0001.dat,Sc,1.089181677428674,0.15,0.01,0.8263756719642799,-4.217996512885927,1.0
2228,SNIa-CN/sn2003kf.p0018.dat,Sc,1.089754512647474,0.11,0.01,0.9111569641998888,-3.741234704846183,1.0
2229,SNIa-CN/sn2001fe.p0034.dat,Sc,1.0907492365005247,0.06,0.01,0.980551075434485,-3.6773820295185384,1.0
2230,SNIa-BL/sn2004ef.m0000.dat,Sc,1.0907835286267293,0.15,0.016348422909909167,0.793769347588337,-3.7795729116215213,1.0
2231,SNIa-SS/sn2005eq.m0002.dat,Sc,1.0915345355973092,0.06,0.010980876189637955,0.9418338180030598,-4.5,0.96626936024483
2232,SNIa-CN/sn2005cf.p0021.dat,Sc,1.09182070169364,0.1,0.01,0.8821228266115225,-3.802519374662458,1.0
2233,SNIa-CN/sn2008ar.p0023.dat,Sc,1.0926132291838406,0.09,0.01,0.8976565329830012,-3.8984552209023446,1.0
2234,SNIa-CN/sn1999ac.p0031.dat,Sc,1.0927741539766718,0.06,0.01,0.9736934383914111,-3.747455578430288,1.0
2235,SNIa-CN/sn1994D.p0020.dat,Sc,1.0929356560122465,0.07,0.01,0.9463490461226922,-3.845189403188365,1.0
2236,SNIa-BL/sn2000cf.p0025.dat,Sc,1.0943103889549022,0.06,0.01,0.9804567661447497,-4.014641460221163,1.0
2237,SNIa-CN/sn2006lf.p0013.dat,Sc,1.0954187655400207,0.1,0.01,0.8523006895909498,-3.954863857631903,1.0
2238,SNIa-CN/sn1996ai.p0004.dat,Sc,1.0971612292615953,0.03,0.01,0.8489578156314379,-4.5,1.0
2239,SNIb-n/sn2006jc.max.dat,Sc,1.097370440031599,0.13,0.01,0.9020010588032938,-3.9303559952938945,1.0
2240,Gap/sn2015dl.p0005.dat,Sc,1.0980152059577852,0.03,0.019714866424935827,0.6624164180119049,-4.5,1.0
2241,SNIIn/sn1994ak.p0003.dat,Sc,1.0983480063302933,0.1,0.012801159110846578,0.8469993421486306,-4.5,0.9570029071738232
2242,SNIa-CL/sn2000dk.p0033.dat,Sc,1.0987147143848448,0.06,0.01,0.9841941775443366,-3.7848803539101805,1.0
2243,SNIIn/sn1996L.p0060.dat,Sc,1.0987843443441891,0.1,0.01077324333955644,0.7209959703748486,-4.5,1.0
2244,SNII/sn2005cs.p0033.dat,Sc,1.0991301407680252,0.1,0.01,0.7950126328286261,-4.043539721435212,1.0
2245,SNIa-BL/sn1994T.p0002.dat,Sc,1.100150244274162,0.04,0.01,1.0012607045293669,-4.275497820675679,1.0
2246,SNIIn/sn1994ak.p0013.dat,Sc,1.1004532476638376,0.1,0.010258199111325635,0.8890558389831116,-4.5,1.0
2247,SNIa-BL/sn2007kk.p0090.dat,Sc,1.1009797984203873,0.09,0.01,0.9418865935710998,-3.714966195835866,1.0
2248,SNIa-BL/sn1997bq.p0041.dat,Sc,1.103343996793098,0.05,0.01,1.000783317073168,-3.8801619374601213,1.0
2249,SNIa-SS/sn2003fa.p0019.dat,Sc,1.1037727630528842,0.11,0.01,0.9067776982111015,-3.997562893058536,1.0
2250,SNIc/sn1994I.p0055.dat,Sc,1.104980882323013,0.13,0.01,0.7834117432894826,-4.215678413833498,1.0
2251,SNIa-SS/sn2001eh.p0033.dat,Sc,1.108488291924643,0.07,0.01,0.9401815726577029,-3.863899737990585,1.0
2252,SNIa-CL/sn2005ke.p0013.dat,Sc,1.1087655859074985,0.06,0.01,0.9490446202398952,-3.8300924296769905,1.0
2253,SLSN-I/sn2007bi.p0472.dat,Sc,1.1092624499449362,0.14,0.01,0.7755567483961872,-4.283252589313206,1.0
2254,SNIa-BL/sn1999cc.p0025.dat,Sc,1.1104000813904076,0.06,0.012753761155445105,0.9911586326266077,-3.491596139472425,1.0
2255,SNIa-BL/sn2005am.p0032.dat,Sc,1.11078445634952,0.06,0.01,0.9725619548149599,-3.7096551726655447,1.0
2256,SNIa-CN/sn1999ac.p0025.dat,Sc,1.1112114593179978,0.06,0.01,0.9818995844496736,-3.715713243970043,1.0
2257,SNIa-BL/sn2007kk.p0002.dat,Sc,1.1112477369861045,0.14,0.01,0.8619960442897696,-4.163695446995723,1.0
2258,SNIa-CN/sn1999gd.p0030.dat,Sc,1.1121459000930751,0.06,0.01,0.9206467760475435,-4.046374746882418,1.0
2259,SNIa-BL/sn2006sr.p0003.dat,Sc,1.1123313910449344,0.15,0.010177443340512316,0.8174039318146124,-4.2301388619236775,1.0
2260,SNIa-CN/sn2001fe.p0038.dat,Sc,1.1132249200947375,0.06,0.01,0.9846684775182643,-3.7231012979708455,1.0
2261,SNIa-SS/sn2006S.p0003.dat,Sc,1.1135758716003712,0.15,0.01,0.838412900539307,-4.244748908823843,1.0
2262,SNIb/sn2007C.p0070.dat,Sc,1.1155133345656794,0.16,0.01147559182363857,0.6175318595465227,-4.5,1.0
2263,SNIa-SS/sn2005hk.p0027.dat,Sc,1.1160120724969507,0.05,0.01030685879485808,0.9581177277421778,-3.86135580775603,0.9772195595165352
2264,SNIa-CN/sn1998V.p0041.dat,Sc,1.117973383343686,0.06,0.01,1.0088354481285113,-3.7958420064714824,1.0
2265,SNIa-BL/sn2006bq.p0005.dat,Sc,1.1180207948128789,0.14,0.01,0.8449701080648129,-4.1445328836026745,1.0
2266,SNIa-CN/sn2006lf.p0005.dat,Sc,1.1185250130302162,0.13,0.01,0.7346364990727958,-4.36629769198549,1.0
2267,SNIa-BL/sn2006sr.m0001.dat,Sc,1.119245451218907,0.15,0.01,0.832771116370872,-4.2448923391808275,1.0
2268,SNIIn/sn1997cy.p0084.dat,Sc,1.1193087022257695,0.1,0.01573471045847415,0.8708562554134713,-3.648957190347346,1.0
2269,SNIa-CN/sn2007fs.p0061.dat,Sc,1.1207119705923825,0.09,0.01,0.921546238107511,-3.902477478224686,1.0
2270,SNIIb/sn1996cb.p0147.dat,Sc,1.1212682537990195,0.14,0.01,0.8443547671542613,-4.309945779256102,1.0
2271,SNIa-CN/sn2003ic.m0002.dat,Sc,1.121594724202325,0.16,0.01,0.8176890490472486,-4.265273489619475,1.0
2272,SNIa-CN/sn1998aq.p0033.dat,Sc,1.1217073590401654,0.06,0.01,1.0005171370211352,-3.599289702359798,1.0
2273,SNIa-SS/sn1999aa.p0052.dat,Sc,1.1220183863028776,0.09,0.013114467819708719,0.8734341327492351,-3.7394780380911836,1.0
2274,SNIa-CN/sn2003it.p0032.dat,Sc,1.122520305059803,0.06,0.015321696147956797,0.9464206578684783,-3.5471512062197146,1.0
2275,SNIa-CN/sn2006lf.p0016.dat,Sc,1.1240488260487593,0.1,0.01,0.7976965423510016,-4.148441546266751,1.0
2276,SNIa-SS/sn2001V.p0079.dat,Sc,1.1257695345239465,0.09,0.01,0.9321755415885915,-3.6555322421271756,1.0
2277,SNIa-BL/sn2008af.p0024.dat,Sc,1.1261399668863892,0.06,0.01,0.999991058147411,-3.5170710402883794,0.9529031490593376
2278,SNIa-CN/sn2001cp.p0026.dat,Sc,1.1271560450964444,0.09,0.01,0.8796384309964151,-3.9060704508058146,1.0
2279,SNIa-BL/sn2002dj.m0011.dat,Sc,1.1282441505640912,0.16,0.01,0.711664143641908,-4.369598088339645,1.0
2280,SNIa-CN/sn1995E.p0004.dat,Sc,1.1290191083379586,0.14,0.01,0.7547090304043179,-4.376436445153185,1.0
2281,SNIa-BL/sn2006sr.p0001.dat,Sc,1.1295645221955926,0.15,0.01,0.8368011513306478,-4.229712733592802,1.0
2282,SNIa-CL/sn1997cn.p0016.dat,Sc,1.130126688093279,0.06,0.012193170916023587,0.8924923622677285,-3.95602115161286,1.0
2283,SNIa-BL/sn2001ep.p0033.dat,Sc,1.1318635112182591,0.06,0.010664365380891758,0.9735722057217058,-3.7085618487786274,1.0
2284,SNIa-CL/sn2006hb.p0030.dat,Sc,1.1338951409744584,0.06,0.01,0.9967353525382623,-3.515232454331136,1.0
2285,SNIa-SS/sn1998es.p0089.dat,Sc,1.1344995185175488,0.1,0.01,0.8921193259253534,-4.109978230802524,1.0
2286,SNIa-SS/sn2007S.p0025.dat,Sc,1.1346164837669586,0.07,0.01,0.9219531018840219,-3.7976463093983575,1.0
2287,SNIa-CN/sn1998dx.m0001.dat,Sc,1.1347817733097794,0.16,0.014042202949296046,0.8157242069289605,-3.8887375275370264,1.0
2288,SNIa-CN/sn2003kf.p0020.dat,Sc,1.1354883105985158,0.1,0.01,0.9100107026266441,-3.6345119374961037,1.0
2289,SNIIb/sn1993J.m0011.dat,Sc,1.136155560020496,0.15,0.01,0.7473858449809639,-4.295902546747815,1.0
2290,SNIa-BL/sn2004ef.m0007.dat,Sc,1.1361812078465954,0.16,0.01,0.8270974798888345,-4.151620055119814,1.0
2291,SNIa-CN/sn1996X.p0058.dat,Sc,1.1386323419412367,0.09,0.01,0.927203233403434,-3.7544726461385727,1.0
2292,SNIa-BL/sn2006sr.p0004.dat,Sc,1.139010220965228,0.15,0.01,0.8278734929886845,-4.216313793743687,1.0
2293,SNIa-SS/sn2007if.p0119.dat,Sc,1.1394656986865688,0.11,0.012693541396232345,0.9248928222995705,-3.5502302488848647,1.0
2294,SNIa-CL/sn1997cn.p0015.dat,Sc,1.1403480424909016,0.06,0.011496902804342376,0.9152125457564201,-3.956349104684783,1.0
2295,SNIa-CN/sn2003cg.p0003.dat,Sc,1.1409557324544612,0.04,0.01,0.8988400680929057,-4.224374650426505,1.0
2296,SNIa-SS/sn2005eq.p0051.dat,Sc,1.1416667353496033,0.06,0.01,0.9683259802677132,-3.9996857190754307,0.953920797557292
2297,SNIa-BL/sn2004dt.p0023.dat,Sc,1.141957883245886,0.06,0.015901459201939902,0.931822820205997,-3.398589395698399,0.9994031199416545
2298,SNIa-CN/sn2007F.p0026.dat,Sc,1.1426359669442991,0.09,0.01,0.9002433121546337,-3.9004128627229133,1.0
2299,SNIa-BL/sn2001bf.p0058.dat,Sc,1.1426870972111816,0.09,0.01127418583405942,0.8654528528301789,-3.995571498029871,1.0
2300,SNIa-SS/sn1999aa.p0044.dat,Sc,1.1427013873979515,0.06,0.01,0.9767536608200929,-3.805518332907928,1.0
2301,SNIIb/sn2008bo.p0031.dat,Sc,1.1434895882462235,0.09,0.011330707055662751,0.7974982941752535,-4.5,1.0
2302,SNIa-CN/sn1998aq.p0031.dat,Sc,1.1451071482455855,0.06,0.01,1.0062958951986818,-3.5585699979491503,1.0
2303,SNIa-CL/sn2007fb.p0100.dat,Sc,1.1451146232131832,0.11,0.010137833277030647,0.8044503461152385,-4.409336036764074,1.0
2304,SNIa-CN/sn2008ar.p0061.dat,Sc,1.1452322684141982,0.09,0.015509455856050198,0.8118769023704656,-3.9406166570959176,1.0
2305,SNIa-BL/sn2004ef.p0020.dat,Sc,1.146701025161878,0.07,0.010110978256734458,0.950839937270381,-3.7618779766259074,0.9954095876868763
2306,SNIa-CN/sn1994D.p0056.dat,Sc,1.1471888328054791,0.1,0.01,0.8861415035635721,-4.023895899790963,1.0
2307,SNIa-BL/sn2006sr.p0002.dat,Sc,1.1497096098987956,0.15,0.01008356381140403,0.8421414241613124,-4.211593400227481,1.0
2308,SNIa-SS/sn1999aa.p0027.dat,Sc,1.1500707560384913,0.07,0.01,0.9581047355883292,-3.811931130567264,1.0
2309,SNIa-CN/sn1996X.p0020.dat,Sc,1.1510330033086331,0.08,0.01,0.9416000123583798,-3.6319390283638846,1.0
2310,SNIb-n/sn2006jc.p0017.dat,Sc,1.1516976243509915,0.17,0.011167026781724355,0.9221281947479231,-3.9140610489296774,1.0
2311,SNIc/sn1994I.p0022.dat,Sc,1.1523338911875278,0.11,0.01,0.7940601409469947,-4.403802616384674,1.0
2312,SNIa-BL/sn1994M.p0040.dat,Sc,1.1534533666037377,0.07,0.010146137684040362,1.0258933760683155,-3.161839181691712,1.0
2313,SNIa-CL/sn2007ba.p0006.dat,Sc,1.1545929317126462,0.09,0.010086786538025192,0.9592156531215472,-4.133208540221866,1.0
2314,SNIa-BL/sn2006X.p0006.dat,Sc,1.155966425621169,0.12,0.01,0.688277837411865,-4.304494083827854,1.0
2315,SNIIb/sn1998fa.p0050.dat,Sc,1.156759320913256,0.08,0.010249503939150377,0.8029104296226348,-4.5,1.0
2316,SNIa-BL/sn2003cq.p0029.dat,Sc,1.157141814951865,0.06,0.01,0.9923741119014312,-3.832199621776983,1.0
2317,SNIIn/sn1996L.p0035.dat,Sc,1.1579747825527633,0.16,0.01074089958399117,0.7701669456866566,-4.2266947080667165,1.0
2318,SNIa-SS/sn2001V.p0052.dat,Sc,1.159313902171641,0.06,0.01,0.983013698351599,-3.6385504128064747,1.0
2319,SNIa-CN/sn1994ae.p0035.dat,Sc,1.161359811424128,0.06,0.01,0.9848796551775889,-3.7179900969000035,1.0
2320,SNII/sn2004et.p0030.dat,Sc,1.1613822019509574,0.11,0.012976353809901817,0.5548929995091949,-4.5,1.0
2321,SNIa-CN/sn1994D.p0059.dat,Sc,1.1616633110659103,0.1,0.010662948294585674,0.9076718617821102,-3.8135872331539424,1.0
2322,SNIa-CN/sn1999ac.p0037.dat,Sc,1.1634841944464516,0.06,0.01,0.9891179467504922,-3.7056358367063607,1.0
2323,SNIa-SS/sn1998es.p0029.dat,Sc,1.1635055973378565,0.07,0.01,0.9330219715445822,-3.802583061086768,1.0
2324,SNIa-SS/sn1999aa.p0050.dat,Sc,1.1637440014515081,0.09,0.01,0.8867250792415914,-4.016792053187358,1.0
2325,SNIa-CN/sn1996X.p0022.dat,Sc,1.1638139299896209,0.07,0.01,0.9707307129913578,-3.5354587296508093,1.0
2326,SNIa-BL/sn2006ac.p0036.dat,Sc,1.164383852767873,0.06,0.013914677986039552,0.9804148670891298,-3.3711960096243243,0.9887178107131374
2327,SNIa-CN/sn1996X.p0033.dat,Sc,1.1646022062236332,0.06,0.01,0.9971018532573543,-3.512844868008111,1.0
2328,SNIa-SS/sn2001V.p0057.dat,Sc,1.164617808504431,0.09,0.01,0.8954656383700089,-3.890594430624081,1.0
2329,SNIa-BL/sn2006X.p0013.dat,Sc,1.1669310805439634,0.1,0.011788333217129852,0.8109832186310928,-3.7783841095867254,1.0
2330,SNIa-BL/sn2005am.p0024.dat,Sc,1.1675831385884252,0.06,0.01,0.9813753078206875,-3.6331615829494086,1.0
2331,SNIa-CN/sn2002jy.p0033.dat,Sc,1.167892497018747,0.06,0.01,0.977186389329171,-3.594911636573497,1.0
2332,SNIa-BL/sn2005am.p0063.dat,Sc,1.168194229103359,0.09,0.014100645061958688,0.9244212016726283,-3.4628219292461098,1.0
2333,SLSN-IIn/sn2006gy.p0076.dat,Sc,1.16827949588455,0.08,0.014924292315507506,0.6168340999571463,-4.5,1.0
2334,SNIa-CN/sn2000ce.p0022.dat,Sc,1.1689835094704593,0.1,0.01,0.8177792684758134,-3.988559231710538,1.0
2335,SNIa-CN/sn2006le.p0038.dat,Sc,1.1693001544501205,0.06,0.01,0.9361022845491622,-3.849204426770607,1.0
2336,SNIc/sn1994I.p0056.dat,Sc,1.1722151133611645,0.12,0.01,0.829641472837041,-4.371927794403099,1.0
2337,SNIa-CN/sn2006lf.m0006.dat,Sc,1.1723888695687856,0.15,0.011155122459215632,0.6593359913594932,-4.5,1.0
2338,SNIa-BL/sn2007le.p0067.dat,Sc,1.1725056351462313,0.09,0.01,0.8876237580613923,-3.882485687728232,1.0
2339,SNIa-SS/sn1999aa.p0029.dat,Sc,1.1729199137747457,0.07,0.014488022301384407,0.9501144205683894,-3.3533277388841305,1.0
2340,SNIa-BL/sn1999gh.p0028.dat,Sc,1.1729875440788249,0.06,0.01,0.9857379918147842,-3.53969592633233,1.0
2341,SNIa-CL/sn1998bp.p0030.dat,Sc,1.1734226228572964,0.06,0.015933766502644078,0.9620589980680018,-3.310149557415847,1.0
2342,SNIa-BL/sn2006cp.p0040.dat,Sc,1.1734774522734284,0.06,0.01,0.9736503710689833,-3.70976051396323,0.9927829334764696
2343,SNIa-BL/sn2006X.p0014.dat,Sc,1.1743410590725822,0.1,0.01,0.8246315224012382,-3.9379201199329747,1.0
2344,SNIa-CL/sn2002es.p0027.dat,Sc,1.1743948327168447,0.03,0.01,0.931554237644977,-4.474716871102865,0.9635518629954498
2345,SNIIb/sn1996cb.p0005.dat,Sc,1.1756260153160405,0.09,0.01,0.8042431335723932,-4.495549611311484,1.0
2346,SNIb/sn2007kj.p0092.dat,Sc,1.1764313333159278,0.13,0.010494729411389219,0.8718453898467426,-3.841385332035332,1.0
2347,SNIa-SS/sn2006gr.p0048.dat,Sc,1.1765251187949917,0.08,0.010365351561810851,0.8761715011243393,-4.040270925498112,1.0
2348,SNIa-CN/sn1999ac.p0039.dat,Sc,1.1770497770253163,0.06,0.01,0.9901505968694364,-3.717051589366017,1.0
2349,SNIa-CN/sn2001fe.p0052.dat,Sc,1.1792798779071816,0.09,0.01,0.8880313858303865,-4.013178778603583,1.0
2350,SNIa-SS/sn2001V.p0053.dat,Sc,1.179587508999416,0.06,0.01,0.993860775664016,-3.6837235740303775,1.0
2351,SNIa-CN/sn2002ck.p0037.dat,Sc,1.1799434807481632,0.06,0.012177627188206851,0.9646623265245297,-3.5897534407127702,1.0
2352,SNIb/sn2009jf.p0023.dat,Sc,1.1799826829299402,0.09,0.01,0.7494125021863699,-4.477600247991684,1.0
2353,SNIc/sn1994I.p0040.dat,Sc,1.1804576056029978,0.11,0.01,0.8961993353005656,-4.217387911195908,1.0
2354,SNIa-BL/sn1999cc.p0023.dat,Sc,1.1808693154108023,0.06,0.01,0.9984647580297228,-3.659914832041558,1.0
2355,SNIa-CN/sn2007ca.p0035.dat,Sc,1.1814966747835032,0.06,0.01,0.9391745905440176,-3.945048413294871,1.0
2356,SNIa-CN/sn2007fs.p0051.dat,Sc,1.1840805950660347,0.09,0.01,0.8934053064682551,-3.8968016757406305,1.0
2357,SNIc/sn1990B.p0065.dat,Sc,1.1846480867610547,0.09,0.01243891791818403,0.7200450704103447,-4.5,1.0
2358,SNIa-CN/sn1999gd.p0026.dat,Sc,1.1868768245455625,0.06,0.011726466791717485,0.9479439579900094,-3.7654985897917994,1.0
2359,SNIa-BL/sn2004as.p0031.dat,Sc,1.1871537373943972,0.06,0.01,0.9638312774546629,-3.9282781063242838,1.0
2360,SNIa-BL/sn2007bm.p0018.dat,Sc,1.1890425916214906,0.09,0.01,0.8895200565859072,-3.7702898033651784,1.0
2361,SNII/sn2004dj.p0098.dat,Sc,1.1890481380802187,0.1,0.010694148488336542,0.8907144881702443,-3.973407962009912,1.0
2362,SNIa-SS/sn1999aa.p0048.dat,Sc,1.1901576437767196,0.06,0.01,0.9892967830818628,-3.820068147428817,1.0
2363,SNIIb/sn1996cb.m0019.dat,Sc,1.1903133871757143,0.12,0.01,0.7627790811657535,-4.492570656612813,1.0
2364,SNIa-CN/sn1995D.p0038.dat,Sc,1.190734587890326,0.06,0.01,0.9978156405197549,-3.5151582874927136,1.0
2365,SNIb-n/sn2006jc.p0019.dat,Sc,1.1912099514409942,0.17,0.01,0.9356062964562162,-3.987783146414733,1.0
2366,SNIIn/sn1997cy.p0132.dat,Sc,1.1915454972348094,0.1,0.01,0.9219883283582965,-4.048349585629637,1.0
2367,SNIIb/sn2008ax.m0016.dat,Sc,1.1921548211234405,0.11,0.01,0.7798873026711438,-4.367319060984903,1.0
2368,SNIa-CN/sn2002ck.p0029.dat,Sc,1.19281116705632,0.06,0.01,0.9773891273552614,-3.847200632442575,1.0
2369,SNIa-BL/sn2005am.p0039.dat,Sc,1.193584863541093,0.06,0.01,0.9978076071044004,-3.5747743919313213,1.0
2370,SNIIb/sn1996cb.p0066.dat,Sc,1.1963226141599999,0.11,0.010008302171458774,0.8171894241150391,-4.5,1.0
2371,SNII/sn2004dj.p0095.dat,Sc,1.1964089335158203,0.1,0.01,0.8740336075522093,-4.079408510641942,1.0
2372,SNIb-n/sn2006jc.p0029.dat,Sc,1.1969747529803738,0.16,0.01,0.9239396929961745,-3.9787318831032086,1.0
2373,SNIa-CN/sn1997Y.p0023.dat,Sc,1.197729973133121,0.07,0.01,0.9627273508037976,-3.7492391706017,1.0
2374,SNIa-SS/sn2006gr.p0039.dat,Sc,1.1993408740307072,0.07,0.01,0.9118515502418296,-4.055192294138481,0.983137828659561
2375,SNIa-CN/sn2003cg.p0007.dat,Sc,1.19956264240287,0.03,0.01,0.9275006118099068,-4.259614876267906,1.0
2376,SNIa-CL/sn2002fb.p0027.dat,Sc,1.2005795875176588,0.06,0.01,0.9626120926329084,-3.9265464910622825,1.0
2377,SNII/sn2002gd.p0110.dat,Sc,1.2009895995641335,0.08,0.01,0.8437810543529721,-4.395041508183269,1.0
2378,SNIa-CN/sn2006lf.m0005.dat,Sc,1.2015729496338188,0.15,0.010629768136985645,0.6731688401704586,-4.5,1.0
2379,SNIIb/sn2008bo.p0025.dat,Sc,1.2024892517634207,0.09,0.011587948465763876,0.7930637319564546,-4.5,1.0
2380,SNIa-CN/sn2005na.p0024.dat,Sc,1.2027307938481655,0.07,0.01,0.9458950268589893,-3.835966109096151,1.0
2381,SNIa-CN/sn1999ac.p0027.dat,Sc,1.2032584309142658,0.06,0.0116312500540193,0.9579532793969036,-3.6154626488163037,1.0
2382,SNIa-SS/sn2001V.p0028.dat,Sc,1.2033409746089523,0.06,0.01,1.0000372328874179,-3.6064424985698555,1.0
2383,SNIa-BL/sn2007kk.p0001.dat,Sc,1.2033892381838658,0.15,0.01,0.8346207073384723,-4.231483005544284,1.0
2384,SNII/sn2004dj.p0100.dat,Sc,1.2040874918379454,0.1,0.01,0.899483234540695,-4.029174206394714,1.0
2385,SNII/sn2004dj.p0096.dat,Sc,1.2043466033848926,0.09,0.01,0.9178529807359894,-4.040330522828351,1.0
2386,SNIa-CN/sn1998aq.p0035.dat,Sc,1.2061754071246897,0.06,0.01,0.9993365300788347,-3.6010643230950397,1.0
2387,SNIc/sn2007gr.p0019.dat,Sc,1.2063377501721566,0.1,0.010059166358295664,0.7403955459654766,-4.5,1.0
2388,SNIa-CN/sn1998aq.p0030.dat,Sc,1.2082964944477887,0.06,0.01,1.007292488171149,-3.5558057656588558,1.0
2389,SNIa-SS/sn1999aa.p0081.dat,Sc,1.208523547438882,0.1,0.01,0.9226568404194946,-4.009725298923128,1.0
2390,SNIc/sn2005az.p0048.dat,Sc,1.2087222624473908,0.1,0.01,0.7719063619271402,-4.396393630046046,1.0
2391,SNIa-CN/sn2004at.p0030.dat,Sc,1.2090191746517,0.06,0.01,0.987193187974359,-3.7125967935648845,1.0
2392,SNIa-SS/sn2001V.p0027.dat,Sc,1.2093062679501272,0.07,0.017889765849756756,0.9370759902514236,-3.1195973351629256,1.0
2393,SNIa-BL/sn2007bd.m0001.dat,Sc,1.2108139148276098,0.16,0.01,0.7957628366762612,-4.303084751539361,1.0
2394,SNIa-BL/sn2004as.p0028.dat,Sc,1.2115430995741414,0.06,0.01,0.9585258282321725,-3.9047958503646205,1.0
2395,SNIc/sn1994I.p0037.dat,Sc,1.2138940780352525,0.11,0.01,0.8607128441093925,-4.224571770844361,1.0
2396,SNIb-n/sn2006jc.p0020.dat,Sc,1.2167015915367796,0.17,0.01,0.9388154653902573,-3.9766694486478875,1.0
2397,SNIa-CN/sn1994ae.p0039.dat,Sc,1.2169898251408604,0.06,0.01,0.9875490210935232,-3.75721912785955,1.0
2398,SNIa-CL/sn2002jg.m0004.dat,Sc,1.2170032455066777,0.15,0.01,0.7277672234708717,-4.431862296798866,1.0
2399,SNIa-CN/sn2005cf.p0082.dat,Sc,1.217400031507459,0.1,0.01,0.9281531044960681,-3.857562719651148,1.0
2400,SNIc-bl/sn2002ap.p0031.dat,Sc,1.2174509483803553,0.1,0.01,0.7661759289563809,-4.2931887924357275,1.0
2401,SNIIb/sn2008bo.p0045.dat,Sc,1.2177243162034348,0.09,0.011120979765681036,0.8122834053863659,-4.5,1.0
2402,SNIa-BL/sn2004ef.p0026.dat,Sc,1.2178443043441498,0.06,0.01,0.9854282186608581,-3.6974768377995435,0.9586260540532078
2403,SNIa-SS/sn2001az.p0020.dat,Sc,1.2182331967618885,0.11,0.018743357514342356,0.8915883151794799,-2.9355599094931852,1.0
2404,SNIa-SS/sn2005eq.p0054.dat,Sc,1.2209478739876511,0.09,0.01,0.8557670917452306,-4.180784599377613,1.0
2405,SNIa-SS/sn2005M.p0040.dat,Sc,1.221467278690597,0.05,0.01,1.0205407534742195,-3.5576409333853176,0.9558283465296432
2406,SNIc/sn1994I.p0023.dat,Sc,1.2219108459039845,0.11,0.01,0.8308770184054329,-4.265747318627929,1.0
2407,SNIa-BL/sn2005am.p0057.dat,Sc,1.2223074916499368,0.09,0.01,0.9415632638896799,-3.6765536994663583,1.0
2408,SNIc/sn2005az.p0021.dat,Sc,1.2228537941332835,0.09,0.01,0.685181175041909,-4.444012572746765,1.0
2409,SNIa-BL/sn2002bo.p0072.dat,Sc,1.2235112677880382,0.09,0.01,0.9168916508608261,-3.8624176985683634,1.0
2410,SNIa-BL/sn1999gh.p0034.dat,Sc,1.2244213796383265,0.06,0.01,0.9915273021304355,-3.5827213514107354,1.0
2411,SNIb/sn2004gv.p0013.dat,Sc,1.224667222451031,0.09,0.01,0.7729729824662009,-4.4494386385478455,1.0
2412,SNIIn/sn1995G.p0726.dat,Sc,1.224682133888299,0.1,0.01,0.7775174434419305,-4.476918933231289,1.0
2413,SNIa-CL/sn1997cn.p0024.dat,Sc,1.2252197275355465,0.06,0.01,0.9744038192225262,-3.931239162591323,1.0
2414,SNIa-CN/sn1996X.p0028.dat,Sc,1.2256292282564636,0.06,0.01,0.9936331593694832,-3.550369485652087,1.0
2415,SNIa-BL/sn2007co.p0087.dat,Sc,1.227050288914715,0.1,0.01,0.9304905891203374,-3.7381331398997486,1.0
2416,SNIa-CL/sn2007hj.p0037.dat,Sc,1.2273979432653717,0.06,0.012013991434537323,0.9486537184912699,-3.639430332259959,1.0
2417,SNIa-BL/sn2002bo.p0021.dat,Sc,1.2276425839033485,0.09,0.01,0.8845033111102008,-3.6569072556544335,1.0
2418,SNIa-SS/sn2008Z.p0042.dat,Sc,1.2277539034531548,0.06,0.01,0.9461398755103181,-3.8011972659929443,1.0
2419,SNIc/sn1994I.p0030.dat,Sc,1.2287220711470836,0.11,0.01,0.8155429780286316,-4.365660831637624,1.0
2420,SNIc/sn2004dn.p0052.dat,Sc,1.2306321499135764,0.09,0.01,0.8688272441346232,-4.330605507753634,1.0
2421,SNIa-CL/sn2007hj.p0033.dat,Sc,1.2320462880442886,0.06,0.01,0.9834852746592208,-3.624525614622423,1.0
2422,SNIa-SS/sn2008A.p0021.dat,Sc,1.2344696100974384,0.06,0.01,0.9140357546065989,-3.777076484887974,1.0
2423,SNIa-CSM/snASASSN-15og.p0055.dat,Sc,1.2350700621938728,0.17,0.01,0.6885064642269195,-4.442785647128727,0.9795610014377955
2424,SNIIn/sn2004ay.p0420.dat,Sc,1.2352318513825684,0.12,0.01,0.7804480352616022,-4.252662602714692,1.0
2425,SNIa-CL/sn2006H.p0016.dat,Sc,1.2370156455996204,0.06,0.01,0.9012318917595775,-4.164484109342927,1.0
2426,SNIa-SS/sn1998es.p0051.dat,Sc,1.2370536096667275,0.06,0.01,0.97390752861038,-3.891563197012629,1.0
2427,SNIa-BL/sn2004as.p0025.dat,Sc,1.239604913106164,0.06,0.01,0.9881062644885045,-3.647916210243933,1.0
2428,SNIa-CN/sn2006le.p0047.dat,Sc,1.239893817375394,0.08,0.01,0.8757866348033556,-3.9410206447180745,1.0
2429,SNIa-BL/sn1999gh.p0040.dat,Sc,1.240342738226444,0.06,0.01,0.9961039168971294,-3.6422409385995635,1.0
2430,SNII/sn2013am.p0016.dat,Sc,1.2424094719134482,0.09,0.011402131871613243,0.7451061866425751,-4.5,1.0
2431,SNIa-CN/sn1999ac.p0086.dat,Sc,1.2425288693564323,0.09,0.01,0.9823283268934212,-3.798759472471669,1.0
2432,SNIa-CN/sn2003cg.m0006.dat,Sc,1.244034476084832,0.04,0.012395568725237307,0.7878808212627358,-4.5,1.0
2433,SNIa-BL/sn1997E.p0041.dat,Sc,1.244290229816045,0.06,0.012910363878482599,1.0055639443248787,-3.4474513124282535,1.0
2434,SNIc/sn2004dn.p0034.dat,Sc,1.2456977554700879,0.09,0.01,0.7952976576905609,-4.491784400540063,1.0
2435,SNIa-SS/sn2000cx.p0055.dat,Sc,1.24586828956794,0.09,0.01,0.9172670244208349,-4.060750419393809,1.0
2436,SNIa-CN/sn2003cg.p0008.dat,Sc,1.246381407702151,0.11,0.01,0.7217825966042646,-4.309932592817456,1.0
2437,SNIa-CN/sn1995D.p0042.dat,Sc,1.2480286695068203,0.06,0.01,0.9961899727863075,-3.732798417984639,1.0
2438,SNIa-CN/sn1994D.p0050.dat,Sc,1.2496000718767306,0.09,0.01,0.9085676584330161,-3.9077980375942682,1.0
2439,SNIIb/sn2008ax.p0006.dat,Sc,1.2500109380450994,0.09,0.01,0.7905890261998564,-4.2765581184518275,1.0
2440,SNIa-CN/sn2003kf.p0025.dat,Sc,1.2511362373178272,0.09,0.01070799177070117,0.8758119148367504,-3.783080585225003,1.0
2441,SNIb/sn2004gv.p0015.dat,Sc,1.251200835125553,0.09,0.01,0.8153498508869128,-4.273187743500315,1.0
2442,SNIa-BL/sn1999gh.p0036.dat,Sc,1.2512062159688864,0.06,0.01,0.9854496222335183,-3.584957744519765,1.0
2443,SNIa-BL/sn2002dp.p0037.dat,Sc,1.2513633646905744,0.06,0.01,0.9862211486664407,-3.667994787121476,1.0
2444,SNIa-CN/sn2003du.p0025.dat,Sc,1.251793611345915,0.09,0.01289439385526999,0.9232987410910013,-3.5855262352520603,1.0
2445,SNIa-CN/sn1998eg.p0023.dat,Sc,1.2544868574304961,0.09,0.01,0.897172516629086,-3.8903873417925765,1.0
2446,SNIa-CSM/snASASSN-15og.p0020.dat,Sc,1.2549326190033905,0.17,0.01,0.7293937068152524,-4.434958718511824,0.9795610014377955
2447,SNIIn/sn2000eo.p0028.dat,Sc,1.2552403527825708,0.09,0.011403632289902025,0.7431167972426532,-4.5,1.0
2448,SNIa-CN/sn1995D.p0064.dat,Sc,1.2559180991941346,0.09,0.01,0.932643139909663,-3.931525794018981,1.0
2449,SNIa-BL/sn2007le.p0040.dat,Sc,1.2563397049957583,0.05,0.01,0.9878386513454971,-3.5948747290520466,1.0
2450,SNIa-CN/sn2003du.p0051.dat,Sc,1.2567651119882906,0.09,0.01,0.910133539652228,-3.9389916352428376,1.0
2451,SNIa-CN/sn2008bf.p0060.dat,Sc,1.2567718105528543,0.1,0.01,0.8668527522183433,-4.065075407532493,1.0
2452,SNIa-CL/sn2007ci.p0018.dat,Sc,1.2572299500705033,0.06,0.01,0.9985245492846091,-3.4544811858641147,1.0
2453,SNII/sn2013am.p0019.dat,Sc,1.2573313059114302,0.09,0.012576160986935966,0.7226042440102073,-4.5,1.0
2454,SNIa-BL/sn2005am.p0036.dat,Sc,1.2582861479006435,0.06,0.01,1.0047483519515794,-3.460244825269225,1.0
2455,SNIa-CL/sn1997cn.p0022.dat,Sc,1.2594693264819894,0.06,0.013377852151980524,0.9481492607049343,-3.7103459102962066,1.0
2456,SNIa-CL/sn2004gs.p0023.dat,Sc,1.259856870673552,0.06,0.01,0.9836931024987368,-3.6270024534141987,0.9754829090112522
2457,SNII/sn1999em.p0047.dat,Sc,1.260349750229103,0.09,0.011055094793447072,0.752364389485981,-4.5,1.0
2458,SNIa-CN/sn2003kf.p0040.dat,Sc,1.2613386159715654,0.06,0.01,0.9632335351083496,-3.814175271615283,1.0
2459,SNIIn/sn2015da.m0011.dat,Sc,1.2616193977619277,0.09,0.015749648216971963,0.5922279504218937,-4.5,1.0
2460,SNIa-BL/sn2001ep.p0028.dat,Sc,1.2624351296558487,0.06,0.01,0.9797526726388668,-3.683643456244929,1.0
2461,SNIa-CN/sn2003du.p0056.dat,Sc,1.262513881022647,0.09,0.01,0.9046871866913233,-3.9555460801880775,1.0
2462,SNIa-CN/sn1994D.p0055.dat,Sc,1.262647107814629,0.09,0.01,0.9159120234599135,-3.8865083970292336,1.0
2463,SNIa-CN/sn1995D.p0069.dat,Sc,1.2637392771043066,0.09,0.010534244157929033,0.938537444523481,-3.8855062471894235,1.0
2464,SNIa-CL/sn2007ci.p0017.dat,Sc,1.2638417312429104,0.07,0.01,0.9685707510307942,-3.521258155453031,1.0
2465,SNIa-BL/sn2001ep.p0032.dat,Sc,1.2664540671472326,0.06,0.01,0.9771614127301324,-3.727466058137217,1.0
2466,SNIa-BL/sn2007bm.p0016.dat,Sc,1.2664612174435177,0.08,0.01,0.9244578148405199,-3.767139748255384,1.0
2467,SNIa-CL/sn2007ci.p0021.dat,Sc,1.2665132822050553,0.06,0.016278479954602285,0.9968120682982784,-3.053345939075105,1.0
2468,SNIa-BL/sn2002bo.p0079.dat,Sc,1.2666770244224743,0.09,0.011517852866204752,0.924549305134627,-3.740457387824778,1.0
2469,SNIa-CN/sn1995E.m0001.dat,Sc,1.2666812940383163,0.14,0.01,0.7603986194778525,-4.360903176181262,1.0
2470,SNIc/sn1994I.p0026.dat,Sc,1.2698197933312485,0.11,0.01,0.8307849871393241,-4.275233874818069,1.0
2471,SNIa-CN/sn2008bf.p0068.dat,Sc,1.2705523499206066,0.1,0.01,0.8769339605679679,-4.1005888434900335,1.0
2472,SNIc/sn1994I.p0024.dat,Sc,1.2718781353072957,0.11,0.01,0.845291117318169,-4.271924295300261,1.0
2473,SNIc/sn1994I.p0068.dat,Sc,1.2750119906202204,0.13,0.01,0.8258788038543796,-4.067018727525303,1.0
2474,SNIa-BL/sn1997bq.p0047.dat,Sc,1.276543689177234,0.06,0.01,0.9784381225721126,-3.7574144285039353,1.0
2475,SNIa-SS/sn2001V.p0105.dat,Sc,1.2773305731536155,0.1,0.01,0.967090458803864,-3.344227808339177,1.0
2476,SNIIn/sn2010jl.p0041.dat,Sc,1.2797062107255377,0.09,0.01,0.7985999780046773,-4.5,1.0
2477,SNIa-CN/sn2007F.p0032.dat,Sc,1.2797903204505832,0.06,0.016356555367945808,0.962629054255348,-3.124380125641235,0.9877439320430523
2478,SNIa-BL/sn1995al.p0044.dat,Sc,1.2823865918359396,0.05,0.01,1.0002101574044686,-3.7156626935733703,1.0
2479,SNIa-CN/sn2003du.p0033.dat,Sc,1.2825381718374205,0.06,0.01,0.9889269832416984,-3.6893510260147893,1.0
2480,SNIa-CL/sn2002fb.p0053.dat,Sc,1.2827285828183381,0.1,0.01,0.949760143290529,-3.575610852277451,1.0
2481,SNII/sn2013am.p0022.dat,Sc,1.2850189700698262,0.1,0.013815481667528908,0.6356513795316296,-4.5,1.0
2482,SNIc-bl/sn1997ef.p0080.dat,Sc,1.285350371568745,0.11,0.01,0.751889435456747,-4.496984857170921,1.0
2483,SNIb-n/sn2006jc.p0006.dat,Sc,1.2856963961971537,0.17,0.01,0.9245980442180765,-3.6999257863960318,1.0
2484,SNIa-CN/sn1994D.p0046.dat,Sc,1.2868470340283729,0.09,0.01,0.9049069400823629,-3.874019451845138,1.0
2485,SNIa-SS/sn2002hu.p0073.dat,Sc,1.2871023459802513,0.09,0.01,0.9503901514481597,-3.5830049171081333,1.0
2486,SNIa-BL/sn2007af.p0070.dat,Sc,1.2895307450124698,0.09,0.01,0.9484267018109566,-3.761904449142838,1.0
2487,SNIa-BL/sn2001bf.p0065.dat,Sc,1.292007576082359,0.09,0.01,0.9471747221869248,-3.911995002169013,1.0
2488,SNIa-BL/sn1998ec.p0026.dat,Sc,1.2922115804515022,0.07,0.01,0.9274568993907748,-3.7906610770362468,1.0
2489,SNIa-CN/sn2003du.p0060.dat,Sc,1.2932701580251333,0.09,0.01,0.9071254162645094,-3.9408143777740157,1.0
2490,SNIa-CN/sn2002jy.p0031.dat,Sc,1.2949111803478057,0.07,0.01,0.9394994082753672,-3.8803912629410315,1.0
2491,SNIa-CSM/snASASSN-15og.p0021.dat,Sc,1.2951706848020947,0.17,0.01,0.7149382786592602,-4.469525593332737,0.9795610014377955
2492,SNIa-BL/sn1998dh.p0036.dat,Sc,1.2970494970530504,0.06,0.01,0.9854911361524152,-3.628795747933223,1.0
2493,SNIa-CN/sn2008bf.p0042.dat,Sc,1.2973096729048548,0.06,0.01,1.004775611916848,-3.6979135798785077,0.987021729883214
2494,SNIa-BL/sn2002cd.p0018.dat,Sc,1.2978695949324885,0.11,0.010078317599433001,0.8326129138417215,-3.6448038915285306,1.0
2495,SNIa-CN/sn1999ac.p0041.dat,Sc,1.3011942457941224,0.06,0.011624782690650792,0.9844816091245197,-3.585351471319027,1.0
2496,SNIa-BL/sn2006cp.p0042.dat,Sc,1.301431329780215,0.05,0.01,1.02698066686257,-3.604042251596952,0.9556061423916996
2497,SNIa-BL/sn2001ep.p0035.dat,Sc,1.3033782026129996,0.06,0.01,1.0043753329747278,-3.5231995076270435,1.0
2498,SNIa-CN/sn1994D.p0021.dat,Sc,1.3034817504573053,0.07,0.01649938831271301,0.9474021660999262,-3.217966652229168,1.0
2499,SNIa-SS/sn2005M.p0028.dat,Sc,1.3038134527763643,0.06,0.01,0.9771634042924195,-3.8274797794642175,0.9932589303545448
2500,SNIIb/sn2000H.p0015.dat,Sc,1.3072201526595753,0.17,0.011206544355651087,0.575900066066554,-4.5,1.0
2501,Gap/sn2000ch.p3495.dat,Sc,1.3075072338574745,0.1,0.01,0.8380081645632079,-4.5,1.0
2502,SNIa-CN/sn2001fe.p0031.dat,Sc,1.3091528486460104,0.06,0.01,0.9922274235019847,-3.642075531555582,1.0
2503,SNIb/sn2009iz.p0012.dat,Sc,1.3093511737827552,0.09,0.01,0.865172204986824,-4.22333969497457,1.0
2504,SNIa-CN/sn1994S.p0027.dat,Sc,1.3106021024993095,0.09,0.01,0.92243808915116,-3.880086404731762,1.0
2505,SNIa-CN/sn2002fk.p0030.dat,Sc,1.3107770834286263,0.06,0.01,0.9976105835779294,-3.6718546200582383,1.0
2506,SNIa-CN/sn2005cf.p0043.dat,Sc,1.311354015100973,0.06,0.01,0.995000494545032,-3.5973037311138607,1.0
2507,SNIa-CN/sn2008bf.p0039.dat,Sc,1.3114293880088066,0.07,0.01,0.9494955108517317,-3.821103003395187,1.0
2508,SNIa-CL/sn2002fb.p0017.dat,Sc,1.3121147624400717,0.05,0.01,0.9452460642266614,-4.120396875421722,1.0
2509,SNIa-CN/sn2008ar.p0026.dat,Sc,1.3122381604507667,0.06,0.01,0.9733501552806079,-3.8138498680754642,0.9804453132458983
2510,SNIa-CN/sn2002fk.p0072.dat,Sc,1.312487321989924,0.1,0.01,0.9254198824576466,-3.9597942022264925,1.0
2511,SNIa-BL/sn2002ha.p0032.dat,Sc,1.3125120459119932,0.06,0.01,1.0171476787741902,-3.701151475674786,1.0
2512,SNIa-CL/sn1997cn.p0021.dat,Sc,1.313318334633428,0.06,0.01,0.9403893208023365,-4.128425366137388,1.0
2513,SNIa-BL/sn2007le.p0039.dat,Sc,1.3148269021248062,0.06,0.01,0.955318127939548,-3.6127908940671456,1.0
2514,SNIa-CN/sn1998dm.p0041.dat,Sc,1.315032641878573,0.06,0.01,0.9354066081572618,-4.036709135793631,1.0
2515,SNIa-BL/sn2001bf.p0042.dat,Sc,1.315790783213676,0.06,0.01,0.9865171613536716,-3.7439860659367397,1.0
2516,SNIa-CN/sn2008ar.p0028.dat,Sc,1.3168506914911422,0.06,0.014312157581245722,0.9669657929816247,-3.357930406206685,0.981227698919057
2517,SNIa-BL/sn2003ch.p0031.dat,Sc,1.3172718818702789,0.06,0.01,0.9904135388231132,-3.760694771245012,1.0
2518,SNIa-CN/sn2006lf.m0007.dat,Sc,1.317302989968459,0.04,0.01267542488808788,0.8319789120056253,-4.5,0.9534185800747853
2519,SNII/sn2012aw.p0062.dat,Sc,1.318550427435867,0.09,0.01,0.7985608525915201,-4.222628353260695,1.0
2520,SNIb/sn2009jf.p0028.dat,Sc,1.3190418949476224,0.09,0.01,0.7597317477067699,-4.452105605444533,1.0
2521,SNIa-CL/sn2007bc.p0036.dat,Sc,1.3207310700630086,0.06,0.01,1.0001902790676638,-3.5474900944098615,0.9986152630400125
2522,SNIa-CN/sn1998aq.p0062.dat,Sc,1.3224697934586087,0.09,0.01,0.943861125828881,-3.847585237073718,1.0
2523,SNIa-CN/sn2005el.p0059.dat,Sc,1.323786705611143,0.09,0.01,0.9285472727191052,-3.9195467048061667,1.0
2524,SNIa-CN/sn2006le.p0035.dat,Sc,1.324034177758952,0.06,0.01,0.9528916155104883,-3.7486389170165695,1.0
2525,SNIIb/sn2000H.p0056.dat,Sc,1.324314320117725,0.11,0.01,0.7519983075838261,-4.5,1.0
2526,SNIa-CL/sn2002jg.p0025.dat,Sc,1.324363145234188,0.06,0.01,0.9113273162395966,-4.132081793578454,1.0
2527,SNIa-CN/sn1998aq.p0065.dat,Sc,1.325280875625239,0.1,0.01,0.9075742084327724,-3.9185646062173136,1.0
2528,SNIc/sn2004aw.p0045.dat,Sc,1.3263005657750884,0.07,0.012115538288245221,0.8111636936163275,-4.5,1.0
2529,SNIa-SS/sn2008Z.p0080.dat,Sc,1.3265880024823005,0.09,0.010009710272957498,0.8102828482323258,-4.5,1.0
2530,SNIIb/sn2008ax.m0020.dat,Sc,1.3266400010730885,0.13,0.010670480836364252,0.7247642742916286,-4.5,1.0
2531,SNIa-CL/sn2006hb.p0024.dat,Sc,1.3269803791286443,0.06,0.01,0.9958849578243357,-3.5397156202875686,1.0
2532,SNIa-CN/sn2003du.p0059.dat,Sc,1.3271093886416445,0.09,0.016105346319651645,0.9092416323451428,-3.2823428747452406,1.0
2533,SNIa-CL/sn2002hw.m0005.dat,Sc,1.3274096446921038,0.05,0.011385437029569193,0.9098942252287915,-4.5,1.0
2534,SNIa-CN/sn1998dm.p0026.dat,Sc,1.329960213287352,0.09,0.01,0.8565315606592158,-3.9443734904051606,1.0
2535,SNIa-CL/sn2004gs.p0020.dat,Sc,1.3312400208803512,0.06,0.015256545939132707,1.0159776382823211,-3.2850276820919975,0.9754829090112522
2536,SNIa-CL/sn2007bc.p0031.dat,Sc,1.3330229917968637,0.06,0.01,0.9921577811075106,-3.5799873785946703,0.9999393003330493
2537,SNIa-CN/sn1995E.p0001.dat,Sc,1.334170068367521,0.14,0.011880296217895814,0.7637280410467596,-4.171744856926483,1.0
2538,SNII/sn1999em.p0063.dat,Sc,1.3363915194954576,0.09,0.01,0.8220429278474749,-4.080620812984396,1.0
2539,SNIa-CN/sn1998aq.p0057.dat,Sc,1.3366450157510332,0.09,0.01,0.9241557687403303,-3.856780414593797,1.0
2540,SNIa-BL/sn2004dt.p0053.dat,Sc,1.3373066348934923,0.08,0.01,0.9326528362185603,-3.8114376872560745,1.0
2541,SNIa-BL/sn2002bo.p0029.dat,Sc,1.3374202480651272,0.06,0.01,0.9732738101020849,-3.650837039271143,1.0
2542,SNIa-CN/sn2006lf.m0008.dat,Sc,1.3378279502513561,0.04,0.011259188392114653,0.9038053224910351,-4.5,0.9539500118527799
2543,SNII/sn1999em.p0030.dat,Sc,1.337914281663193,0.1,0.01313695988442992,0.6872419930122501,-4.5,1.0
2544,SNIa-CN/sn1994ae.p0063.dat,Sc,1.3381054624832893,0.09,0.01,0.9297207516667971,-3.926951695605151,1.0
2545,SNIa-CN/sn2003du.p0061.dat,Sc,1.3388385163121819,0.1,0.01,0.881676322380139,-3.977015758049868,1.0
2546,SNIa-CL/sn2002hw.m0003.dat,Sc,1.3398563417608202,0.15,0.01,0.7793428307710295,-4.327836984871646,1.0
2547,SNIa-CN/sn2005el.p0023.dat,Sc,1.3402052357589713,0.07,0.01,0.9311838685677535,-3.876814357012457,1.0
2548,SNIb/sn2004gq.p0072.dat,Sc,1.3409387407258946,0.11,0.01,0.7755904498864922,-4.3911072948170595,1.0
2549,SNIa-CN/sn1999ac.p0029.dat,Sc,1.3436862545594763,0.06,0.03769392608177458,0.9279580657927747,-2.3524241116625557,1.0
2550,SNIa-CN/sn2003kf.p0053.dat,Sc,1.346144291180191,0.09,0.01,0.8820643289579764,-3.9356043938457312,1.0
2551,SNIa-BL/sn2006X.p0005.dat,Sc,1.3476413194222705,0.12,0.011796015931127349,0.6731036630360525,-4.159903469384738,1.0
2552,SNIa-CN/sn2005cf.p0024.dat,Sc,1.3485631239219587,0.07,0.01,0.9699968721567379,-3.634772600986704,1.0
2553,SNIa-CN/sn2007F.p0044.dat,Sc,1.3496751371557452,0.06,0.01,1.0091349992808094,-3.749610008822249,0.9877439320430523
2554,SNIa-CL/sn2007bc.p0060.dat,Sc,1.3508977681853611,0.09,0.01,0.9348352926226474,-3.8668219286613583,1.0
2555,SNIa-CN/sn2000E.p0118.dat,Sc,1.3524748362825256,0.11,0.01,0.9725339163455333,-3.652629809518704,1.0
2556,SNIa-CN/sn2006le.p0043.dat,Sc,1.3527039637739582,0.06,0.01,0.9610723696443709,-3.7777587854181744,1.0
2557,SNIa-CN/sn1998bu.p0031.dat,Sc,1.353915975874317,0.06,0.01,0.9635178653222797,-3.8135643784193074,1.0
2558,SNIa-SS/sn2007S.p0034.dat,Sc,1.3548326830407968,0.05,0.01,0.9822353565068463,-3.753392319367195,0.9903025055895918
2559,SNIa-CN/sn2002fk.p0068.dat,Sc,1.357271277846368,0.09,0.01,0.9641877773124916,-3.8557202350994397,1.0
2560,Gap/snLSQ13zm.p0244.dat,Sc,1.3579002594203946,0.1,0.010092263877973219,0.7887343989516052,-4.5,1.0
2561,SNIa-BL/sn2007le.p0053.dat,Sc,1.3584530313472827,0.08,0.01,0.9041507224820122,-3.806960674968345,1.0
2562,SNIa-SS/sn2000cx.p0053.dat,Sc,1.358581055215291,0.1,0.016354261249568677,0.8291537786830521,-3.6799241459937218,1.0
2563,SNIa-BL/sn2005am.p0027.dat,Sc,1.3595081143192105,0.06,0.01,1.0049496114312508,-3.38187292884822,1.0
2564,SNIb/sn2007C.p0007.dat,Sc,1.3599048753352987,0.08,0.010217854187247494,0.8108428502132187,-4.318684127772047,1.0
2565,SNIa-CN/sn1998aq.p0054.dat,Sc,1.3625068412597017,0.09,0.010708876402285338,0.9334022102973051,-3.759652307700916,1.0
2566,SNIa-BL/sn2006cp.p0041.dat,Sc,1.3654602162918386,0.06,0.016096159919432033,0.950725761052988,-3.4687774196925374,0.9935707903781112
2567,SNIa-CN/sn2007fs.p0085.dat,Sc,1.3659844947268094,0.1,0.01,0.9484255417150345,-3.846279523604511,1.0
2568,SNIa-CN/sn2002fk.p0037.dat,Sc,1.3664796463534792,0.06,0.013093082192933201,0.9947775516744145,-3.4405594257730048,1.0
2569,SLSN-II/snCSS121015.p0406.dat,Sc,1.3702504197843013,0.17,0.010427884309669698,0.6290250370868682,-4.5,1.0
2570,SNII/sn1987A.p0785.dat,Sc,1.370651998258513,0.11,0.01,1.0263160904929232,-3.44868819236507,1.0
2571,SNIa-CN/sn2005bo.p0022.dat,Sc,1.3718662425919093,0.07,0.01,0.9401656262282715,-3.726765195348732,1.0
2572,SNIa-CN/sn1998aq.p0059.dat,Sc,1.3730445165061391,0.09,0.013259004131359015,0.9180514527880167,-3.5852637216810725,1.0
2573,SNIa-BL/sn2001ep.p0067.dat,Sc,1.3731789763056488,0.09,0.01,0.93053768912588,-3.9756191005175054,1.0
2574,SNIb/sn2007C.p0054.dat,Sc,1.3732868783505707,0.11,0.013529650789387494,0.6844050367015697,-4.5,1.0
2575,SNII/sn2005cs.p0333.dat,Sc,1.3733210245912186,0.1,0.013566160596985694,0.6984403894481794,-4.5,1.0
2576,SNIc/sn2004aw.p0058.dat,Sc,1.37671588671953,0.09,0.012691479629012346,0.7620058325597856,-4.5,1.0
2577,SNIa-BL/sn1998dh.p0040.dat,Sc,1.3769637251329123,0.06,0.01,0.9854302033567581,-3.633271639942093,1.0
2578,SNIa-CN/sn2005el.p0030.dat,Sc,1.3775387164436699,0.06,0.020859206646369744,0.9545272595061655,-2.960636255162463,1.0
2579,SNIa-BL/sn1999cl.m0008.dat,Sc,1.3794927045221077,0.04,0.012294860872461606,0.8655384831782303,-4.288406677564634,1.0
2580,SNIa-CN/sn2005cf.p0029.dat,Sc,1.380321792762684,0.06,0.01,0.9958052719918563,-3.5581480948555777,1.0
2581,SNIc/sn1994I.p0036.dat,Sc,1.3812896588927341,0.11,0.01,0.933684580156945,-4.180887487534736,1.0
2582,SNIa-BL/sn1998dh.p0043.dat,Sc,1.3821483580670408,0.06,0.01,0.9946934754969688,-3.6275039348932356,1.0
2583,SNIa-CN/sn2005cf.p0023.dat,Sc,1.3825749810765013,0.07,0.01,0.9677639520035309,-3.6555554969706123,1.0
2584,SNII/sn1999em.p0048.dat,Sc,1.3837717243008831,0.08,0.01,0.849524775987698,-4.30847556340591,1.0
2585,SNIa-CN/sn2003kf.p0042.dat,Sc,1.3841726174786806,0.06,0.01014622707028885,0.96038749806463,-3.831326959056846,1.0
2586,SNIa-BL/sn2002ha.p0035.dat,Sc,1.3850987566250514,0.06,0.01,1.0203233669249454,-3.6520184689503052,1.0
2587,SNIa-CN/sn1994D.p0040.dat,Sc,1.3863257399730102,0.07,0.01,0.969850337633182,-3.748188928975665,1.0
2588,SNIa-CN/sn1998bu.p0033.dat,Sc,1.3866215161109263,0.06,0.01,0.9675288768827625,-3.7949104621750696,1.0
2589,SNIa-BL/sn2002cd.p0024.dat,Sc,1.3867932627792827,0.08,0.01,0.8769154604581338,-3.998266124012671,1.0
2590,SNIa-CN/sn1998V.p0044.dat,Sc,1.3875483842001137,0.06,0.014697852873285563,0.9710302873885975,-3.306717568845289,1.0
2591,SNIa-CN/sn2003kf.p0041.dat,Sc,1.3877712160107543,0.06,0.01,0.9554781307708369,-3.663623301442875,1.0
2592,SNIa-BL/sn2007af.p0032.dat,Sc,1.3882912841772086,0.06,0.01,0.988854680293846,-3.619686817789537,1.0
2593,SNIb-n/sn2006jc.p0030.dat,Sc,1.3889092678633885,0.17,0.010190742802814064,0.9393244636445582,-3.961668857865343,1.0
2594,SNIa-CN/sn2005kc.p0033.dat,Sc,1.3890527458364321,0.06,0.01,0.9725021738197741,-3.7250109351081924,1.0
2595,SNIa-BL/sn2007bm.p0021.dat,Sc,1.3902015983313096,0.07,0.01,0.9474457446673124,-3.6635725387188556,1.0
2596,SNIa-BL/sn2001ep.p0021.dat,Sc,1.3902561885892184,0.07,0.01,0.9706384797285054,-3.645100455301952,1.0
2597,SNIa-BL/sn2007af.p0097.dat,Sc,1.390932472351902,0.1,0.01,0.9849632508122961,-3.664864990233572,1.0
2598,SNIa-BL/sn2002bo.p0043.dat,Sc,1.3919364028861634,0.06,0.01,0.9712510755249616,-3.716761871027179,1.0
2599,SNIa-SS/sn2001az.p0044.dat,Sc,1.3931759726162094,0.09,0.01,0.8826086829818167,-3.794156376955375,1.0
2600,SNIa-BL/sn2002bo.p0040.dat,Sc,1.3949660761773206,0.06,0.01,0.9702098022888872,-3.7235057768558906,1.0
2601,SNIa-SS/sn2008A.p0028.dat,Sc,1.3962336157165074,0.06,0.01,0.9302337817037661,-3.7146317933219803,1.0
2602,SNIa-CL/sn2000dk.p0121.dat,Sc,1.398004854711116,0.11,0.01,0.9876425432637838,-3.7227627226406454,1.0
2603,SNIa-SS/sn2008A.p0024.dat,Sc,1.3981035620658713,0.06,0.01,0.9237287615688897,-3.7434307311332042,1.0
2604,SNIa-BL/sn2002bo.p0027.dat,Sc,1.3990151168223823,0.06,0.012401016777838746,0.9555321044390427,-3.4347114284712092,1.0
2605,SNIa-CN/sn2007F.p0053.dat,Sc,1.3996119859440148,0.09,0.01,0.8996229736002563,-3.8793979895772757,1.0
2606,SNIa-CL/sn2002hw.p0020.dat,Sc,1.3996611086139008,0.06,0.01,0.9612617653582898,-3.8845786174448027,1.0
2607,SNIa-BL/sn2004fu.p0022.dat,Sc,1.4006708140809818,0.07,0.01,0.9419859939909861,-3.6934862941168016,1.0
2608,SNIIn/sn1997cy.p0572.dat,Sc,1.4012729447340884,0.11,0.01,0.9112220464044827,-4.278830700823407,1.0
2609,SNIa-CN/sn2000fa.p0032.dat,Sc,1.4023615120154602,0.06,0.013510689125245218,1.0179502822489674,-2.9364272607875836,1.0
2610,SNIb/sn2009iz.p0011.dat,Sc,1.4028519125101457,0.09,0.01,0.8664385891579748,-4.255953423124051,1.0
2611,SNIa-CSM/sn2011km.p0025.dat,Sc,1.407321321263655,0.03,0.01356018078501414,0.8404218139809825,-4.5,1.0
2612,SNIa-CN/sn2006le.p0033.dat,Sc,1.4099366689707784,0.05,0.01,0.9941325771418161,-3.635742064428398,0.9737510071193695
2613,SNIa-CL/sn2004gs.p0032.dat,Sc,1.4106704164728452,0.06,0.010412696673343234,1.035018181729746,-3.468669402546543,0.9754829090112522
2614,SNII/sn2005cs.p0043.dat,Sc,1.4112407691219058,0.08,0.01,0.8319522073053711,-4.092765037723359,1.0
2615,SNIa-BL/sn1999gh.p0042.dat,Sc,1.4116122987479152,0.05,0.01,1.0281312103095377,-3.6383055223906497,1.0
2616,SNIa-CN/sn1994ae.p0069.dat,Sc,1.4117740988422929,0.09,0.01,0.9463959671218207,-3.8242956950651417,1.0
2617,SNIa-BL/sn2007af.p0067.dat,Sc,1.4136074549179836,0.09,0.01,0.931762513793396,-3.800285369273542,1.0
2618,SNIa-CL/sn2004gs.p0031.dat,Sc,1.414094318352174,0.06,0.010833992668556032,0.9997099557200723,-3.4494657732394463,0.9746950521096102
2619,SNIIn/sn1997cy.p0194.dat,Sc,1.4145556934401187,0.1,0.01,0.9284069730116563,-4.2618920150790816,1.0
2620,SNIa-BL/sn2007le.p0078.dat,Sc,1.4169592214167825,0.1,0.011315325948198696,0.8917869104120439,-3.8061997454647907,1.0
2621,SNIa-CN/sn1998aq.p0050.dat,Sc,1.418600444117962,0.09,0.01,0.9183398483305322,-3.846373462753856,1.0
2622,SNIa-CN/sn1998aq.p0090.dat,Sc,1.420554448795334,0.11,0.01,0.9511319058610322,-3.868759096358132,1.0
2623,SNIa-CN/sn2008bf.p0032.dat,Sc,1.4212035314298679,0.06,0.01,0.9993327225941468,-3.6376608315614973,0.9864855494918188
2624,SNIa-BL/sn2007le.p0048.dat,Sc,1.4213986752885404,0.09,0.01,0.8086218931032378,-4.041403925835258,1.0
2625,SNIa-CN/sn2005cf.p0045.dat,Sc,1.4243999246937096,0.06,0.010343815709093648,0.9813830301136349,-3.6359522191216076,1.0
2626,SNIb/sn2009jf.p0032.dat,Sc,1.4283132330026773,0.09,0.01,0.7540124950975137,-4.481458313658652,1.0
2627,SNIa-CSM/snASASSN-15og.p0056.dat,Sc,1.4286154729664458,0.17,0.01,0.6959997516425748,-4.427691733004228,0.9795610014377955
2628,SNIa-CN/sn1995D.p0093.dat,Sc,1.4290379419594255,0.1,0.01126114326482148,0.9674299619225302,-3.7263821468834846,1.0
2629,SNIa-BL/sn2007af.p0092.dat,Sc,1.4294285293797007,0.1,0.01,0.963214168884088,-3.751902105426433,1.0
2630,SNIa-CN/sn2006le.p0037.dat,Sc,1.4299537880052349,0.05,0.01,1.0020435518947004,-3.5567561083349757,0.9737510071193695
2631,SNIa-BL/sn2004dt.p0044.dat,Sc,1.4302890735580773,0.06,0.013580874081001948,0.9715993795213455,-3.467237186311571,1.0
2632,SNIIn/sn1995G.p0666.dat,Sc,1.4306275662432966,0.14,0.01,0.7555228949611154,-4.362796651540323,1.0
2633,SNIa-BL/sn2001bf.p0059.dat,Sc,1.4308077940158919,0.09,0.01,0.9105753825665982,-3.8394565774104534,1.0
2634,SNII/sn1999em.p0034.dat,Sc,1.4319535476784477,0.09,0.01,0.8791395644355714,-4.346131722521134,1.0
2635,SLSN-I/sn2007bi.p0369.dat,Sc,1.4334276740811986,0.12,0.01,0.9455752051552964,-3.7796890398257244,1.0
2636,SLSN-IIn/sn2006gy.p0083.dat,Sc,1.43346417538806,0.07,0.014784246893876852,0.6430288384695559,-4.5,1.0
2637,SNIa-BL/sn2007af.p0034.dat,Sc,1.4341816101542582,0.06,0.01,0.985428590573775,-3.6472937518672515,1.0
2638,SNIa-CN/sn2007fs.p0048.dat,Sc,1.4352640778566474,0.06,0.01,0.9930283520342371,-3.7699286843815383,1.0
2639,SNIa-CN/sn2006le.p0041.dat,Sc,1.4357682370180584,0.05,0.01,1.0147084874108718,-3.571408243965189,0.9735017049158237
2640,SNIa-BL/sn1998dh.p0045.dat,Sc,1.4367531854587847,0.06,0.01,0.9989754302217321,-3.593972913975117,1.0
2641,SNIa-BL/sn2002dp.p0023.dat,Sc,1.437349455057751,0.07,0.01,0.9553390531466127,-3.707369312593956,1.0
2642,SNIa-CN/sn2003hv.p0075.dat,Sc,1.4375046104407316,0.1,0.01675172862631878,0.9387713609114923,-2.7947282417959602,1.0
2643,SNIa-CSM/snASASSN-15og.p0036.dat,Sc,1.4382045614800483,0.17,0.010295227512776768,0.6526438541949323,-4.5,0.9795610014377955
2644,SNIa-CL/sn2005ke.p0026.dat,Sc,1.4382456010705043,0.06,0.01,0.983784243110796,-3.7304534926750357,1.0
2645,SNIa-BL/sn2007af.p0124.dat,Sc,1.4383962182264078,0.11,0.01,1.0078721115715263,-3.484347822619958,1.0
2646,SNIa-CN/sn1998bu.p0035.dat,Sc,1.438584001917305,0.06,0.01,0.9682654830923356,-3.786314172165846,1.0
2647,SNIa-CL/sn2007bc.p0043.dat,Sc,1.4386655878388794,0.06,0.01,1.0242160285743125,-3.5672055864488392,1.0
2648,SNIb-pec/sn2007uy.p0013.dat,Sc,1.4386797300013026,0.1,0.01,0.5871006401462616,-4.48782150320188,1.0
2649,SNIa-CN/sn1998aq.p0078.dat,Sc,1.4392538965611217,0.1,0.01,0.941374623981104,-3.8807286162024655,1.0
2650,SNIa-CN/sn2005cf.p0027.dat,Sc,1.443253468051851,0.06,0.01,1.0020637318375138,-3.519795454632832,1.0
2651,SNIa-CN/sn1998bu.p0030.dat,Sc,1.4449058394060585,0.06,0.01,0.952104063096308,-3.88976574485219,1.0
2652,SNIb-n/sn2006jc.p0035.dat,Sc,1.4451702326371076,0.17,0.01,0.9402114021988444,-3.9661172138418994,1.0
2653,SNIa-CN/sn1998bu.p0036.dat,Sc,1.4460972444033022,0.06,0.01,0.9721634835381742,-3.7595170991303313,1.0
2654,SNIa-CN/sn1998bu.p0037.dat,Sc,1.4506706492533266,0.06,0.01,0.976609464078378,-3.7525326242552106,1.0
2655,SNIa-BL/sn2004dt.p0109.dat,Sc,1.4542355977240462,0.1,0.01,1.0408638755273614,-3.5381238458123336,1.0
2656,SNIa-CN/sn1998dm.p0049.dat,Sc,1.456322858516048,0.09,0.01,0.8301531136023244,-4.200140471839222,1.0
2657,SNIa-CN/sn2003du.p0028.dat,Sc,1.4586116561460438,0.07,0.013376216834936512,0.9618149818325941,-3.4286974845847307,1.0
2658,SNII/sn2002gd.p0089.dat,Sc,1.461103814550881,0.08,0.01,0.832451431770391,-4.067689409755638,1.0
2659,SNIa-CN/sn2003du.p0049.dat,Sc,1.461424285149757,0.07,0.01,0.970869125315762,-3.8388690654545266,1.0
2660,SNIa-CN/sn2008ar.p0105.dat,Sc,1.462863820735318,0.1,0.01,0.9682004483239818,-2.9337186678765765,1.0
2661,SNIa-BL/sn2002bo.p0028.dat,Sc,1.4653505951923023,0.06,0.01739460022168924,0.9328077466192559,-3.1327395928339086,1.0
2662,SNIa-BL/sn2004fu.p0027.dat,Sc,1.4667738744247991,0.06,0.01,0.9538111318791944,-3.729139762973232,1.0
2663,SNIb/sn2006ep.p0008.dat,Sc,1.4685044020552007,0.09,0.01,0.7920067717962628,-4.346992626791745,1.0
2664,SNIa-BL/sn2007af.p0028.dat,Sc,1.4690468369225258,0.06,0.01,0.9961161250843371,-3.573339140561803,1.0
2665,SNIa-CN/sn1994D.p0043.dat,Sc,1.47042711711122,0.07,0.01,0.976210628882178,-3.705157305015887,1.0
2666,SNIa-CN/sn2000fa.p0038.dat,Sc,1.4706898062690659,0.06,0.01,1.0456850713729091,-3.072065047515319,1.0
2667,SNIa-CN/sn2006lf.p0045.dat,Sc,1.4751748480954954,0.1,0.01,0.7941830209392351,-4.309552565756777,1.0
2668,SNIa-BL/sn2007af.p0102.dat,Sc,1.475741997608855,0.1,0.01,0.9893321114231216,-3.6520571093806318,1.0
2669,SNIa-CN/sn2005cf.p0026.dat,Sc,1.4766641604391555,0.06,0.01,1.0035263934370062,-3.525833551062104,1.0
2670,SNIIn/sn2010jl.p0046.dat,Sc,1.4806068286128942,0.11,0.010703174732759667,0.8058095812138654,-4.5,1.0
2671,SNIa-CN/sn2002fk.p0042.dat,Sc,1.4821743247278207,0.06,0.01,1.0096540635392812,-3.699339092626209,1.0
2672,SNIIn/snLSQ12heq.p0042.dat,Sc,1.4830278749689205,0.17,0.010213654455556683,0.8824670068840011,-4.22529341617527,0.951993772870122
2673,SNIa-BL/sn2007kk.p0030.dat,Sc,1.4836879184182015,0.07,0.01,0.9340919085054215,-3.8044929949281983,0.9624547784537572
2674,SNIa-CN/sn1998bu.p0027.dat,Sc,1.4888287980324488,0.06,0.01,0.9682735724741578,-3.813089158905283,1.0
2675,SNIa-BL/sn1995al.p0094.dat,Sc,1.4888547853072003,0.09,0.01,0.9809817288158149,-3.716081642980332,1.0
2676,SNIa-BL/sn2002bo.p0054.dat,Sc,1.4905768545684177,0.08,0.01,0.9082113328313088,-3.7346473307482886,1.0
2677,SNIa-BL/sn2007af.p0088.dat,Sc,1.4909980436768193,0.09,0.01,0.9897697290836546,-3.7158648563743366,1.0
2678,SNIIb/sn2008bo.p0054.dat,Sc,1.4953113722149851,0.11,0.010528544201682621,0.7746345440806075,-4.5,1.0
2679,SLSN-II/snCSS121015.p0407.dat,Sc,1.4954660985619108,0.16,0.010320624228017848,0.6490102912514614,-4.5,1.0
2680,SNIIb/sn1996cb.p0055.dat,Sc,1.4955814873774451,0.09,0.01,0.8552346521494479,-4.48754320012619,1.0
2681,SNIa-SS/sn2008Z.p0056.dat,Sc,1.4977208449973425,0.1,0.01,0.8153373693826311,-4.3325322410501155,1.0
2682,SNIa-BL/sn1996Z.p0023.dat,Sc,1.4990651569848437,0.07,0.01,0.9154178883416974,-3.8591117341692964,1.0
2683,SNIa-CN/sn1998bu.p0029.dat,Sc,1.5006047735510202,0.06,0.010341752155241395,0.9616024945350158,-3.8358318833187233,1.0
2684,SNIa-CN/sn2002fk.p0086.dat,Sc,1.500860294425098,0.1,0.01,0.9712707126741804,-3.828192292697622,1.0
2685,SNIa-CL/sn1999by.p0025.dat,Sc,1.5028894433221003,0.06,0.01,1.0018291447574064,-3.5710904560419436,1.0
2686,SNIa-CL/sn2005ke.p0028.dat,Sc,1.502970513532079,0.06,0.01,0.9992567720160456,-3.6537646088537654,1.0
2687,SNIc/sn1994I.p0096.dat,Sc,1.5044500111402073,0.14,0.01,0.8164689052622947,-4.02557945530458,1.0
2688,SNIa-CN/sn1996ai.p0015.dat,Sc,1.5054819132853123,0.09,0.010118729125218145,0.7511726078268129,-4.5,1.0
2689,SNIa-CSM/sn1999E.p0056.dat,Sc,1.5066955325925349,0.1,0.01,0.7384087485109337,-4.472310529520272,1.0
2690,SNIc-bl/sn1997ef.p0075.dat,Sc,1.5087611664385343,0.1,0.01,0.7835466959045282,-4.207286846324257,1.0
2691,SNIa-BL/sn2002bo.p0057.dat,Sc,1.5109400033681712,0.08,0.01,0.9180118158819225,-3.948340114093329,1.0
2692,SNIa-BL/sn2007bm.p0034.dat,Sc,1.5121661915649993,0.06,0.01,0.9758365065366413,-3.654038282655661,1.0
2693,SNIa-CN/sn1994D.p0073.dat,Sc,1.5136773526222858,0.1,0.01,0.965250973917258,-3.7010519870878023,1.0
2694,SNIa-BL/sn2002cd.p0053.dat,Sc,1.5143438953244013,0.09,0.01,0.7844350107057663,-4.3107661132217086,1.0
2695,SNIa-BL/sn1997E.p0020.dat,Sc,1.5171911801359466,0.07,0.01,0.9335904935867834,-3.8888738945955605,1.0
2696,SNIa-BL/sn2004dt.p0058.dat,Sc,1.5181516348197563,0.08,0.01,0.9846311520420971,-3.7479455362240808,1.0
2697,SNIa-CN/sn2002fk.p0088.dat,Sc,1.5196361171334907,0.1,0.01,0.9803543472679189,-3.7678399638356352,1.0
2698,SNIa-CN/sn1998bu.p0038.dat,Sc,1.523182188066514,0.06,0.01,0.9749126621466411,-3.757799026976523,1.0
2699,SNIa-BL/sn2007af.p0024.dat,Sc,1.5241098920423801,0.07,0.01,0.967298810433623,-3.6324811728997313,1.0
2700,SNIa-CN/sn1996X.p0049.dat,Sc,1.52468711782404,0.06,0.01,1.0011326056463608,-3.642289421245483,1.0
2701,SNIa-CN/sn1998aq.p0081.dat,Sc,1.5275482598851993,0.1,0.01,0.9458811041037429,-3.857039184723539,1.0
2702,SNIIn/sn1997cy.p0392.dat,Sc,1.5292228224781848,0.09,0.01,0.8855373290467201,-4.25849114934943,1.0
2703,Gap/sn2015dl.p0026.dat,Sc,1.5316341002876486,0.09,0.013591661946956424,0.6573523326022911,-4.5,1.0
2704,SNIa-BL/sn2007af.p0039.dat,Sc,1.5338947524311695,0.06,0.010083808137410112,0.9962001239511529,-3.5375987625454535,1.0
2705,SNIa-CN/sn2006az.p0002.dat,Sc,1.5348628699727078,0.14,0.01,1.0127337685848024,-3.7858732360623533,1.0
2706,SNIa-CN/sn1998bu.p0028.dat,Sc,1.5358343178382823,0.06,0.0115779570641573,0.9588153187993066,-3.704586451919872,1.0
2707,SNII/sn2004et.p0047.dat,Sc,1.5376991197480065,0.09,0.01,0.6539459620998342,-4.5,1.0
2708,SNIa-BL/sn2000cf.p0024.dat,Sc,1.5393210338861816,0.07,0.01,0.9442241407376417,-4.076194402333192,1.0
2709,SNIa-SS/sn2000cx.p0067.dat,Sc,1.5400366070442306,0.11,0.01,0.895553781355519,-4.064301918556631,1.0
2710,SNIa-CN/sn2003it.p0031.dat,Sc,1.5403241293309071,0.06,0.01,1.0384063027348738,-3.393881427724212,1.0
2711,SNIa-BL/sn2007af.p0061.dat,Sc,1.540571055620036,0.09,0.01,0.922591468660209,-3.825972756019023,1.0
2712,SNIb/sn1998dt.p0007.dat,Sc,1.5406728662561144,0.11,0.01,0.7939469027664678,-4.271578039612564,1.0
2713,SNIa-SS/sn2001eh.p0059.dat,Sc,1.5438206153472158,0.08,0.01161955075107385,0.9501359598801236,-3.812984486540442,1.0
2714,SNIa-BL/sn2001ep.p0061.dat,Sc,1.5476996953462403,0.09,0.010464832097688798,0.9268906246706489,-3.8665865244006463,1.0
2715,SNIa-BL/sn2004dt.p0049.dat,Sc,1.5495280325669571,0.06,0.01,1.0342501841446703,-3.5585169890760513,1.0
2716,SNIa-CN/sn1998aq.p0229.dat,Sc,1.5495907256143333,0.12,0.01,1.0253030180757519,-3.1663206853077415,1.0
2717,SNIIn/sn2005kj.p0155.dat,Sc,1.5503829382262506,0.1,0.011786643885224822,0.7338261855766333,-4.5,1.0
2718,SNIa-BL/sn2004dt.p0051.dat,Sc,1.5509024664703532,0.07,0.01,0.9925878378583269,-3.6965829302667736,1.0
2719,SNIa-BL/sn2006X.p0004.dat,Sc,1.5520323872166084,0.13,0.01,0.6584273871773592,-4.363900517957696,1.0
2720,SNIb/sn2009iz.p0013.dat,Sc,1.5532300892306636,0.09,0.01,0.8506148350499703,-4.313026085423785,1.0
2721,SNIIn/sn2005ip.p0043.dat,Sc,1.5560687195287939,0.1,0.01,0.7976923549710239,-4.5,1.0
2722,SNIIb/sn1996cb.m0020.dat,Sc,1.5564678147279247,0.12,0.01,0.7837335030540764,-4.418556622311394,1.0
2723,SNIa-CN/sn1998bu.p0040.dat,Sc,1.557310896562296,0.06,0.01,0.9785464245889641,-3.7865830234135918,1.0
2724,SNIa-SS/sn1999dq.p0048.dat,Sc,1.5585216284883765,0.06,0.01,1.0277533496630575,-3.3221029579100647,1.0
2725,SNIc/sn1994I.p0032.dat,Sc,1.5601623216134572,0.11,0.01,0.7554913308719464,-4.341479992073785,1.0
2726,SNIa-CN/sn2002fk.p0064.dat,Sc,1.560497580188242,0.09,0.018457744685830196,0.9491345338441477,-3.2009199412573652,1.0
2727,SNIa-CN/sn2005cf.p0028.dat,Sc,1.5681469578880467,0.06,0.01544531506244925,0.9688540518393803,-3.18108356551384,1.0
2728,SNIIb/sn1996cb.p0175.dat,Sc,1.5730840616877702,0.14,0.01,0.8664231972990843,-3.9942604473870453,1.0
2729,SNIa-BL/sn2002bo.p0045.dat,Sc,1.5734004375322659,0.06,0.01,0.9666161531281341,-3.759364115562718,1.0
2730,SNIa-CN/sn1998bu.p0034.dat,Sc,1.573525305111208,0.06,0.01,0.9461491043678608,-3.902715182442877,1.0
2731,SNIa-BL/sn2007af.p0031.dat,Sc,1.5740122920027864,0.06,0.01,0.9720188827886461,-3.7489209268153,1.0
2732,SNIa-CN/sn2000E.p0120.dat,Sc,1.5740270099741673,0.11,0.017320791691292164,0.9318398745346096,-3.1621021413528427,1.0
2733,SNIb-n/sn2006jc.p0033.dat,Sc,1.5751472885001516,0.17,0.01,0.9441964460933122,-3.95459733604918,1.0
2734,SNIIn/sn1998S.p0074.dat,Sc,1.5772429046081278,0.1,0.01010720283003825,0.7662711320903635,-4.5,1.0
2735,SNIa-CN/sn1994D.p0075.dat,Sc,1.5786478143178575,0.1,0.01,0.9691499261639095,-3.6793808866662534,1.0
2736,SNIc/sn1994I.p0011.dat,Sc,1.5811018925060536,0.1,0.011048105640975197,0.7471255332496347,-4.148215401904532,1.0
2737,SNIa-CN/sn2000fa.p0042.dat,Sc,1.581590919885669,0.09,0.013979817652452068,0.8611685165858781,-3.6234284586164778,0.9808937475201038
2738,SNIa-BL/sn2002bo.p0051.dat,Sc,1.5858954353132577,0.09,0.01,0.8657902531633093,-4.002298986030748,1.0
2739,SNIa-CN/sn2005cf.p0025.dat,Sc,1.5859053044349574,0.06,0.01,0.9990866883437621,-3.5727206036160415,1.0
2740,SNIa-CN/sn1998bu.p0032.dat,Sc,1.5862719201667261,0.06,0.01,0.9366684073469551,-3.98559891908493,1.0
2741,SNIa-CN/sn2003kf.p0068.dat,Sc,1.5865893791541583,0.09,0.011929016043587587,0.9165479775849101,-3.6906509670118415,1.0
2742,SNIc/sn2004dn.p0054.dat,Sc,1.5895580551010446,0.11,0.01,0.731500923638223,-4.5,1.0
2743,SNIa-CN/sn1994D.p0083.dat,Sc,1.5906429930865769,0.11,0.01,0.9572592122128754,-3.119583909404233,1.0
2744,SNIb/sn2009iz.p0041.dat,Sc,1.5921517534537464,0.09,0.01,0.9015282446754523,-4.357584408902357,1.0
2745,SNIa-CN/sn1994ae.p0152.dat,Sc,1.5924882618525114,0.12,0.015552510327339283,1.0267131904262679,-2.6927318427054554,1.0
2746,SNIa-CN/sn1995E.p0032.dat,Sc,1.5937775776099932,0.06,0.01,0.9263214620766264,-3.9970625219933686,1.0
2747,SNIa-CN/sn1998bu.p0039.dat,Sc,1.5951259199960284,0.06,0.01,0.9683931124416268,-3.842127421789062,1.0
2748,SNIa-SS/sn2000cx.p0061.dat,Sc,1.597790029206573,0.1,0.011545291757885552,0.8870318095887759,-3.8533141083022686,1.0
2749,SNIa-CN/sn1998aq.p0239.dat,Sc,1.6020291526333703,0.12,0.01,1.0463499469291402,-3.0062382628162343,1.0
2750,SNIa-BL/sn2002bo.p0024.dat,Sc,1.6041365614658964,0.06,0.01,0.9876968013640768,-3.575861164521388,1.0
2751,SNIa-CL/sn1999by.p0029.dat,Sc,1.6053208135733903,0.06,0.01,1.0196544025458716,-3.50439889926933,1.0
2752,SNIa-CN/sn2005kc.p0029.dat,Sc,1.6091220849561487,0.06,0.016670533817469226,0.930189952857426,-3.2682054589918685,1.0
2753,SNIa-CN/sn1998aq.p0210.dat,Sc,1.6111604034624392,0.12,0.01,1.0314916707377528,-3.3069321355047916,1.0
2754,SNIb/sn2005hg.p0012.dat,Sc,1.6117677350495414,0.09,0.01,0.834968187234553,-4.236761702140896,1.0
2755,SNIIb/sn2008ax.m0018.dat,Sc,1.6145285157951395,0.13,0.01,0.704081914657822,-4.401390510170614,1.0
2756,SNIa-BL/sn2006X.p0017.dat,Sc,1.6156972582426465,0.08,0.01,0.8767553530279126,-3.9379966292590014,1.0
2757,SNIa-CN/sn2002fk.p0097.dat,Sc,1.6173246254722078,0.11,0.01,0.9604537298717946,-3.821849701147051,1.0
2758,SNIIb/sn2000H.p0016.dat,Sc,1.6186590327849821,0.09,0.010969896463260617,0.7467741133581557,-4.5,1.0
2759,SNIIb/sn1998fa.p0007.dat,Sc,1.6197022990366778,0.11,0.011006701801827232,0.7521561851772892,-4.5,0.965083645626007
2760,SNIa-CN/sn2002fk.p0092.dat,Sc,1.620140552815878,0.1,0.01,0.9840271798914304,-3.769174372572448,1.0
2761,SNIa-CN/sn1994ae.p0366.dat,Sc,1.62265687900345,0.12,0.01,1.0636396667618888,-2.8271070272197276,1.0
2762,SNIIn/sn1998S.p0071.dat,Sc,1.6257418638037968,0.1,0.01,0.7093605467202984,-4.5,1.0
2763,SNIa-CL/sn2005ke.p0031.dat,Sc,1.6270379256412892,0.06,0.01,1.0081011416094436,-3.6356132876337592,1.0
2764,SNIa-BL/sn2001ep.p0047.dat,Sc,1.6279283968766274,0.06,0.01,1.0143788644965948,-3.679784691741557,1.0
2765,SNIa-BL/sn2006X.p0033.dat,Sc,1.628196068452103,0.05,0.01,0.899590855954881,-4.123964790229418,1.0
2766,SNIIb/sn2008ax.m0017.dat,Sc,1.629957881468988,0.14,0.01,0.6937089083775801,-4.242827503247855,1.0
2767,SNII/sn2002gd.p0083.dat,Sc,1.6332230074951102,0.08,0.01,0.7348296739747974,-4.464616475766007,1.0
2768,SNIb/sn2008D.p0062.dat,Sc,1.6333816115411064,0.1,0.01,0.7799959885449522,-4.221067761675293,1.0
2769,SNIa-BL/sn2007bm.p0038.dat,Sc,1.63651126913445,0.06,0.01,0.9770265296519394,-3.6197624227456404,1.0
2770,SNIa-BL/sn1999cl.m0003.dat,Sc,1.639832662022776,0.14,0.010673745459348958,0.6333848857702085,-4.5,1.0
2771,SNIa-BL/sn2007af.p0063.dat,Sc,1.6398467512957196,0.09,0.013359620155911911,0.9012904634734531,-3.57160932610207,1.0
2772,SNIb-n/sn2006jc.p0042.dat,Sc,1.641393054721777,0.17,0.01,0.9402704888994625,-3.967145132818764,1.0
2773,SNIa-CN/sn1998bu.p0041.dat,Sc,1.6439584920778507,0.06,0.01,0.9734023826012927,-3.8185649787829865,1.0
2774,SNIa-CN/sn2002fk.p0119.dat,Sc,1.6468357959425726,0.11,0.01,1.0059150211984,-3.121870903832874,1.0
2775,SNIIb/sn2000H.p0047.dat,Sc,1.6518585186393482,0.17,0.01,0.6401615682858693,-4.328654534652546,1.0
2776,SNIa-CN/sn2006lf.p0019.dat,Sc,1.6554023001675284,0.07,0.01,0.8951782901128198,-4.062186465931706,1.0
2777,SNIa-SS/sn2003fa.p0043.dat,Sc,1.6556385562206068,0.06,0.01,1.04082255206811,-3.5291360399089236,0.9909938417623247
2778,SNIa-BL/sn2002bo.p0049.dat,Sc,1.661165187657891,0.08,0.01,0.8980764214055647,-3.9443011834828754,1.0
2779,SNIa-CN/sn1998bu.p0043.dat,Sc,1.6658726338623138,0.06,0.01,0.9815025552555304,-3.762345632110213,1.0
2780,SNIb-n/sn2006jc.p0061.dat,Sc,1.669193114103858,0.17,0.01,0.9294986260565227,-4.005285296609085,1.0
2781,SNIa-CN/sn2002fk.p0103.dat,Sc,1.6694250689502872,0.11,0.01,0.9749763042271775,-3.718630301230726,1.0
2782,SNIc/sn2004dn.p0031.dat,Sc,1.6744715178026794,0.09,0.010282766076625092,0.729326211267915,-4.5,1.0
2783,SNIa-CN/sn2002fk.p0044.dat,Sc,1.6764439044577488,0.07,0.01,0.9745517297787831,-3.802174194041493,1.0
2784,SNIa-CN/sn2002fk.p0095.dat,Sc,1.6801644770121111,0.11,0.01,0.9696466266034165,-3.7867218122318858,1.0
2785,SNIa-CL/sn1999by.p0031.dat,Sc,1.6809207235326054,0.06,0.01,1.0272490286480216,-3.4926882980674345,1.0
2786,SNIa-BL/sn1999cl.m0004.dat,Sc,1.682747352306062,0.14,0.011100689117269356,0.6355174515178404,-4.5,1.0
2787,SNIa-BL/sn2002cd.p0047.dat,Sc,1.6839057559775503,0.05,0.01,0.9049567929609352,-4.157760864608045,1.0
2788,SNIb-pec/sn2007uy.p0045.dat,Sc,1.6841976870640236,0.07,0.01006558817123044,0.7827863562675027,-4.5,1.0
2789,SNIa-BL/sn2007af.p0058.dat,Sc,1.6843479402845087,0.09,0.01,0.9205526052637627,-3.8085818629404966,1.0
2790,SNIa-BL/sn2001ep.p0057.dat,Sc,1.6856506969009921,0.09,0.01,0.9218708979210367,-3.9162911209529288,1.0
2791,SNIc/sn1990B.p0039.dat,Sc,1.688127018246425,0.1,0.014854182539904243,0.6117419809288488,-4.5,1.0
2792,SNIb-n/sn2006jc.p0070.dat,Sc,1.6898715982909456,0.11,0.012627601095073195,0.7991322509451766,-4.5,1.0
2793,SNIIn/sn2008B.p0083.dat,Sc,1.6938083267600528,0.1,0.010008701561257414,0.7323575058064205,-4.5,1.0
2794,SNIa-BL/sn2007af.p0116.dat,Sc,1.6953026315602717,0.11,0.017881997162327974,0.9633331416874523,-3.028074939010299,1.0
2795,SNIb-n/sn2006jc.p0065.dat,Sc,1.6961989990202648,0.17,0.012024518929833044,0.9281248380952208,-3.791050563308005,1.0
2796,SNIa-CN/sn2007F.p0080.dat,Sc,1.6992699868050296,0.1,0.01,0.9220013766095476,-3.896881163302563,1.0
2797,SNIa-BL/sn2006br.p0003.dat,Sc,1.6994675640129036,0.14,0.011124760939196256,0.6627245282746307,-4.347150776146736,1.0
2798,SNIa-SS/sn2008A.p0032.dat,Sc,1.7021060964440853,0.06,0.013911563862289646,0.9248959669319888,-3.424729105414598,1.0
2799,SNIb/sn2009jf.p0057.dat,Sc,1.703653397739652,0.09,0.01,0.8401800370362557,-4.239233262581775,1.0
2800,SNIa-BL/sn2006X.p0001.dat,Sc,1.7051170070515183,0.04,0.01,0.9584163963922101,-4.08850143175002,0.9835223114989431
2801,SNIb/sn2009jf.p0053.dat,Sc,1.707288521676072,0.1,0.01,0.7901107084051111,-4.308928551088831,1.0
2802,SNIIb/sn2008ax.m0019.dat,Sc,1.7080336455095184,0.15,0.01,0.7323880696752241,-4.272294911958718,1.0
2803,SNIa-BL/sn1999cl.p0037.dat,Sc,1.7095879592813372,0.05,0.01,0.9586234560417304,-3.872503144688955,1.0
2804,SNIIn/sn2005cp.p0213.dat,Sc,1.7103475927269518,0.1,0.010261773640547383,0.7354853022187577,-4.5,1.0
2805,SNIIb/sn1996cb.p0006.dat,Sc,1.7135979632923135,0.1,0.01092532004675268,0.7496657373694858,-4.5,1.0
2806,SNIIn/sn1997cy.p0410.dat,Sc,1.7164593831174022,0.1,0.01,0.9991323626460032,-3.9623287607331648,0.9846053050489382
2807,SNIIn/sn2006jd.p0060.dat,Sc,1.71775888770726,0.1,0.01,0.9423561009002898,-4.081931915368911,1.0
2808,SNIa-BL/sn2007le.p0050.dat,Sc,1.7206317003158096,0.08,0.01,0.9535426180089857,-3.5637872874579513,1.0
2809,SNIb/sn2004dk.p0049.dat,Sc,1.724683788738326,0.09,0.01,0.7392797521651291,-4.491857804385303,1.0
2810,SLSN-II/snCSS121015.p0400.dat,Sc,1.7254366674350152,0.16,0.01,0.5992705356489362,-4.403407280939826,1.0
2811,SNIa-BL/sn2006X.p0002.dat,Sc,1.7272515124216836,0.04,0.01,0.9496456408184443,-4.130185604397558,0.9835223114989431
2812,SNII/sn1987A.p0003.dat,Sc,1.7290605174995295,0.12,0.01,0.7475515134623114,-2.941663777021106,1.0
2813,SNIb-n/sn2006jc.p0038.dat,Sc,1.7292666682948132,0.17,0.01,0.9535920326582125,-3.943391208607318,1.0
2814,SNIa-CN/sn2000dn.p0046.dat,Sc,1.7309257609342399,0.06,0.02153096570230613,1.0309198400892683,-2.8554575175347914,1.0
2815,SNIb/sn2009iz.p0021.dat,Sc,1.7317960470511142,0.09,0.01,0.8054539597158753,-4.41177942260551,1.0
2816,SNIa-CSM/sn2012ca.p0096.dat,Sc,1.740828524565732,0.1,0.01,0.9050767174561412,-4.050218670662153,1.0
2817,SNIIn/sn2006jd.p0040.dat,Sc,1.741414789019188,0.17,0.01,0.8514375653709507,-3.8989207205330487,1.0
2818,SNIc/sn2004gt.p0019.dat,Sc,1.7441172552858526,0.09,0.01,0.7675732211870816,-4.388354325924405,1.0
2819,SNIIn/sn2005ip.p0048.dat,Sc,1.7449926120112145,0.1,0.01,0.8392583226461996,-4.5,1.0
2820,SNIa-CL/sn2002hw.p0017.dat,Sc,1.7455565586626827,0.07,0.02105024072931764,0.9184892230561429,-3.0890973456264033,1.0
2821,SNIIb/sn1998fa.p0037.dat,Sc,1.7481898584729003,0.09,0.01,0.8284509470575532,-4.5,1.0
2822,SNIb-n/sn2006jc.p0064.dat,Sc,1.7485769686963133,0.14,0.01,0.9041880868550171,-4.307651925750937,1.0
2823,Gap/sn2000ch.p3278.dat,Sc,1.7512467890150132,0.17,0.01,0.8125859050454923,-4.260415942770127,1.0
2824,SNIb-n/sn2006jc.p0047.dat,Sc,1.7538017205849628,0.17,0.01,0.954880815810278,-3.9234115844579334,1.0
2825,SNIb/sn2005hg.p0087.dat,Sc,1.7607320678941234,0.12,0.01,0.8267389789524262,-4.205010120901928,1.0
2826,SNIb/sn2004gq.p0069.dat,Sc,1.7620696161716853,0.1,0.01,0.7976547334084412,-4.381634048557144,1.0
2827,SNIIn/sn1997eg.m0063.dat,Sc,1.7628493297275702,0.1,0.013091816948277052,0.822484201718718,-4.5,1.0
2828,SNIIb/sn2008bo.p0107.dat,Sc,1.7640732647011808,0.13,0.01,0.8032772911392817,-4.2436239646906095,1.0
2829,SNIa-CN/sn1995D.p0283.dat,Sc,1.7664933349550394,0.12,0.01,1.078002210264785,-2.6961952258661084,1.0
2830,SNIb/sn2004gv.p0048.dat,Sc,1.7700517980112584,0.09,0.01,0.9088398488174354,-4.113908726612604,1.0
2831,SNIa-CN/sn1998bu.p0056.dat,Sc,1.7773525016042255,0.09,0.01,0.8827430951835307,-3.909465866821547,1.0
2832,SNIIb/sn2008bo.p0016.dat,Sc,1.77964574958266,0.09,0.01,0.8108949697969016,-4.452109674825641,1.0
2833,SNIIn/sn2005ip.p0045.dat,Sc,1.7901890036567543,0.1,0.01,0.8622022708624295,-4.442266726767547,1.0
2834,SNIa-CSM/sn2012ca.p0105.dat,Sc,1.8024995140264737,0.1,0.01,0.922524138886943,-4.049890323695689,1.0
2835,SNIIb/sn2008bo.p0021.dat,Sc,1.803997792810053,0.09,0.01,0.8959955605890833,-4.301585594044106,1.0
2836,SNII/sn2013am.p0026.dat,Sc,1.804320960146318,0.06,0.013088066537438237,0.7897374833038512,-4.5,1.0
2837,SNIb/sn2007C.p0060.dat,Sc,1.807746181258135,0.1,0.01,0.7736555357126486,-4.5,1.0
2838,SNIb/sn2009jf.p0059.dat,Sc,1.8131106043044223,0.1,0.010401066721265454,0.8051994236517422,-4.2300608577926555,1.0
2839,SNIa-CN/sn1998bu.p0242.dat,Sc,1.8131320779671924,0.12,0.01,1.0208375598660402,-3.291970611384892,1.0
2840,SNIa-BL/sn2006X.p0043.dat,Sc,1.8137346661698843,0.05,0.01,0.894916471589554,-4.031051657643568,1.0
2841,SNIa-BL/sn2002cd.p0059.dat,Sc,1.8180222942653967,0.09,0.01,0.7781830342446217,-4.368164994239516,1.0
2842,SNIb/sn1998dt.p0011.dat,Sc,1.8243894699410115,0.1,0.01,0.7839519862483812,-4.4040269044588785,1.0
2843,SNIb/sn2004dk.p0017.dat,Sc,1.824503758346058,0.09,0.01,0.7296276285366137,-4.493217002516021,1.0
2844,SNIIb/sn1993J.p0047.dat,Sc,1.82642595437451,0.09,0.01,0.8223740771649576,-4.445126873154791,1.0
2845,SNIa-CN/sn2000fa.p0099.dat,Sc,1.8264975004190165,0.11,0.01,0.9738639351165899,-3.1519775673269605,1.0
2846,SNIc/sn1994I.p0028.dat,Sc,1.8298921204272987,0.11,0.013279708426742693,0.8855913933359175,-3.8513302675386547,1.0
2847,SNIa-BL/sn1999cl.m0001.dat,Sc,1.8310169847121798,0.13,0.01,0.6672358065556212,-4.5,1.0
2848,SNIc/sn1994I.p0025.dat,Sc,1.8360780359858935,0.1,0.01,0.8746198651638583,-3.9758489753672337,1.0
2849,SNIIn/sn2006jd.p0065.dat,Sc,1.8423771542129008,0.17,0.01,0.8753217857285198,-3.832748738936853,1.0
2850,SNIb/sn2009jf.p0079.dat,Sc,1.8449769165219745,0.1,0.01,0.8522184061509386,-4.19982200090662,1.0
2851,SNIa-BL/sn2006X.p0031.dat,Sc,1.846910569748654,0.05,0.01253366798022169,0.8816625636218901,-3.880235559154998,1.0
2852,SNIIn/sn2006jd.p0021.dat,Sc,1.848398984941873,0.14,0.010172332245463711,0.7931413601232712,-4.277622585823002,1.0
2853,SNIb/sn2004gv.p0019.dat,Sc,1.850958888735772,0.09,0.011631283383222122,0.8163163458815711,-4.159392835399083,1.0
2854,SNIb/sn2004gq.p0078.dat,Sc,1.853135309093947,0.11,0.01,0.7861816645957204,-4.372185622494347,1.0
2855,SNIa-BL/sn2006X.p0042.dat,Sc,1.8542912148825614,0.05,0.01,0.9030302345839384,-4.020708551751236,1.0
2856,SNIa-CN/sn1999ac.p0062.dat,Sc,1.855328962697011,0.06,0.01,1.0380156063974595,-3.6687883518876516,1.0
2857,SNIa-CL/sn1999by.p0033.dat,Sc,1.85691051862511,0.06,0.016446235211830248,1.0338149707539446,-2.9240596781939727,1.0
2858,SNIIn/sn2006jd.p0034.dat,Sc,1.8642894060700448,0.17,0.01,0.8549231001603196,-3.918208531592752,1.0
2859,SNIa-CL/sn1997cn.p0043.dat,Sc,1.8655983646858818,0.06,0.01,1.0603583688959914,-3.4076962060226212,1.0
2860,SNIa-BL/sn2007bm.p0045.dat,Sc,1.8666926906208379,0.06,0.0154707233654402,0.9650042770276098,-3.2319091413603602,1.0
2861,SNIa-CN/sn2003kf.p0101.dat,Sc,1.8711522525563644,0.11,0.01,0.9428674785385157,-3.762455713993786,1.0
2862,SNIb/sn2009iz.p0047.dat,Sc,1.876653521586316,0.09,0.01,0.8799067655567607,-4.050573205499397,1.0
2863,Gap/sn2000ch.p3296.dat,Sc,1.8876066547703496,0.17,0.01,0.8106205058547598,-4.261149531199752,1.0
2864,SNII/sn1999em.p0005.dat,Sc,1.889717914068504,0.17,0.010709915299300361,0.8043527053383509,-4.308258907025489,1.0
2865,SNIa-CL/sn2005bl.m0006.dat,Sc,1.8941978859663917,0.09,0.01,0.9269759972058773,-4.320525834802514,1.0
2866,SNII/sn2012aw.p0077.dat,Sc,1.8947753799838472,0.09,0.01,0.8287402386992628,-4.2819884549227,1.0
2867,SNIa-BL/sn2006X.p0150.dat,Sc,1.8962267995134685,0.11,0.01,0.9764983190083502,-3.642777311363354,1.0
2868,SNIa-CSM/sn2002ic.p0306.dat,Sc,1.906802034456901,0.1,0.01,0.9711937994314416,-3.9348273886603646,1.0
2869,SNIa-CSM/sn2012ca.p0112.dat,Sc,1.9073561672066075,0.1,0.01,0.9262371090952066,-4.021669119724377,1.0
2870,SNIa-CN/sn1998bu.p0189.dat,Sc,1.912967359269354,0.12,0.01,1.0370417241105323,-3.0389431421994013,1.0
2871,SNIa-BL/sn2006X.p0034.dat,Sc,1.9144446370234705,0.05,0.010942294141123103,0.9460191582380811,-3.9043919740716553,1.0
2872,SNIb/sn2007ag.p0009.dat,Sc,1.9158971075470588,0.08,0.01,0.6803137523493196,-4.5,1.0
2873,SNIa-SS/sn2008A.p0043.dat,Sc,1.916234485470216,0.05,0.01,1.0319567681142008,-3.5500953325369187,0.9813005281963243
2874,SNIa-SS/sn2000cx.p0093.dat,Sc,1.9345370633195953,0.11,0.01,0.9830866707629359,-3.7546437759465805,1.0
2875,SNIa-CSM/sn2012ca.p0134.dat,Sc,1.9547787009099533,0.1,0.01,0.9445117823844387,-4.0117284911849636,1.0
2876,SNIIn/sn2006qq.p0058.dat,Sc,1.9629732154003345,0.17,0.01,0.6624083967863655,-4.468875786796792,0.995400516747361
2877,SNIa-CN/sn2003kf.p0397.dat,Sc,1.9632157250763866,0.17,0.01,1.0110210498633418,-2.3108689961280278,1.0
2878,SNIIn/sn2006qq.p0031.dat,Sc,1.9808037068843278,0.04,0.010969468856521,0.8675494970327357,-4.5,0.9611684107599299
2879,SNIIb/sn1996cb.p0332.dat,Sc,1.9809973042838231,0.13,0.01,0.8497571196603323,-4.242777849457183,1.0
2880,SNIc-bl/sn1997ef.p0281.dat,Sc,1.9815102764460788,0.12,0.011678714418024117,0.7135317873371179,-4.5,1.0
2881,SNIa-CL/sn2007fb.p0058.dat,Sc,1.9832549007822653,0.07,0.01,0.9085605482069583,-4.3975351895132695,1.0
2882,SNIa-CN/sn2003kf.p0070.dat,Sc,1.9852266325099857,0.08,0.01,0.9638399365933733,-3.7989273543794626,1.0
2883,SNIIn/sn2005kj.p0115.dat,Sc,1.9854835211359743,0.05,0.01,0.9507486738613112,-4.39310494202814,0.9503846045911453
2884,SNIIn/sn2005ip.p0046.dat,Sc,1.9886767978962734,0.1,0.01040463831541273,0.9109489978790821,-4.24746125117786,1.0
2885,SNIb/sn2006ep.p0010.dat,Sc,1.9923539501378045,0.09,0.01,0.8333561646407207,-4.230619799412167,1.0
2886,SNIa-CN/sn1998bu.p0216.dat,Sc,1.992803153586974,0.12,0.02434343384415089,1.0267923864603354,-2.2500443708470126,1.0
2887,SNIb/sn1998dt.p0012.dat,Sc,1.9934665181792761,0.1,0.01,0.7745237462712884,-4.4412693321605055,1.0
2888,SNIa-CSM/sn2011km.p0283.dat,Sc,1.995023995191932,0.1,0.01,0.988148392882615,-3.9667450260432178,1.0
2889,SNIa-CN/sn1998bu.p0207.dat,Sc,1.995029418154166,0.12,0.018069288597427548,1.0449525014062004,-2.4039204618384606,1.0
2890,SNIa-CN/sn1999gd.p0034.dat,Sc,1.9964994870638861,0.06,0.01,1.0016016728036936,-3.602709498627364,1.0
2891,SNIa-CN/sn1998bu.p0178.dat,Sc,1.9974233587927173,0.12,0.01,1.0385280394085117,-3.0491819842161325,1.0
2892,SNIa-SS/sn2000cx.p0119.dat,Sc,1.9975007272941927,0.12,0.01,1.0018406755253728,-3.56679211036166,1.0
2893,SNII/sn2006bp.p0057.dat,Sc,1.9975799614855394,0.11,0.01,0.738003202825393,-4.5,1.0
2894,SNIa-CSM/sn2012ca.p0469.dat,Sc,1.9990763544619008,0.1,0.01,1.031220661132708,-3.570320834925644,1.0
2895,SNIa-CN/sn1998bu.p0042.dat,Sc,2.0020369717593605,0.06,0.03055296147922285,0.932719828236325,-2.6477699593049433,1.0
2896,SNIb-n/sn2006jc.p0063.dat,Sc,2.00383483829346,0.13,0.01,0.9655564042261088,-3.9114980052502095,1.0
2897,SNIIn/sn1997eg.p0293.dat,Sc,2.004018165787199,0.06,0.012923599949589297,0.7786780035650819,-4.5,1.0
2898,SNIb/sn2004dk.p0020.dat,Sc,2.013799531773293,0.09,0.01,0.749909743408306,-4.5,1.0
2899,SNIIb/sn1993J.p0096.dat,Sc,2.01873857175668,0.11,0.01,0.8639217518054135,-3.9829284389368436,1.0
2900,SNIIn/sn1997eg.m0061.dat,Sc,2.0244168126598345,0.1,0.012694820269720063,0.8438744987005707,-4.5,1.0
2901,SNIa-CN/sn1995D.p0275.dat,Sc,2.031731050125373,0.12,0.01,1.080517063469952,-2.4417227977914218,1.0
2902,SNIa-SS/sn2005M.p0063.dat,Sc,2.036789655424522,0.06,0.01,1.050857653572944,-3.288510288607503,0.9927884047049534
2903,SNII/sn1999br.p0101.dat,Sc,2.040599658265365,0.06,0.01,0.8672986500236157,-4.2588492913618206,1.0
2904,SNIa-SS/sn2000cx.p0124.dat,Sc,2.041623549946386,0.12,0.01,1.0166810135830693,-3.384668469884442,1.0
2905,SNIIn/sn2006jd.p0092.dat,Sc,2.041754728413674,0.17,0.01,0.8779496892073141,-3.751015514883912,1.0
2906,SNIc-bl/sn1998bw.p0124.dat,Sc,2.0438273692265017,0.14,0.01,0.8767186457252029,-3.672386278393214,1.0
2907,SNIa-CSM/sn2012ca.p0141.dat,Sc,2.044599891648215,0.1,0.011028964941874485,0.9373721661153751,-3.845629214690443,1.0
2908,SNIa-BL/sn2007af.p0301.dat,Sc,2.046274534010341,0.11,0.01,1.094592396240654,-2.6510232199474015,1.0
2909,SNIa-CN/sn1994D.p0611.dat,Sc,2.0640608774145637,0.11,0.01,1.1038329937504847,-2.3436496822288704,1.0
2910,SNIa-SS/sn2000cx.p0115.dat,Sc,2.0664801447102423,0.12,0.01,0.9972001781051404,-3.5079890377649017,1.0
2911,SNIa-SS/sn2000cx.p0154.dat,Sc,2.0681353577736985,0.12,0.01,1.0412617835189937,-3.108937150543538,1.0
2912,SNIIb/sn1993J.p0924.dat,Sc,2.0686153717941194,0.11,0.012073782025260589,0.8126318438054927,-4.5,1.0
2913,SNIIn/snPTF10gvf.m0015.dat,Sc,2.0745102115376213,0.07,0.010289635353427012,0.9341978843100919,-4.5,1.0
2914,SNIIb/sn2008ax.p0113.dat,Sc,2.077472096435013,0.11,0.01,0.7973976684928806,-4.114705536624138,1.0
2915,SNIa-SS/sn2000cx.p0141.dat,Sc,2.078763755340274,0.12,0.01,1.0279002340848227,-3.201472762226004,1.0
2916,SNIIb/sn2008ax.p0009.dat,Sc,2.0792069571641454,0.09,0.01,0.7719945313733737,-4.394935507035621,1.0
2917,SNIa-CL/sn1999by.p0042.dat,Sc,2.079442012378386,0.06,0.01,1.0558265274712844,-3.5407288059025044,1.0
2918,SNIa-BL/sn2006X.p0039.dat,Sc,2.0972206358195495,0.04,0.01,0.9393479508461583,-4.0628050037855985,0.9845905430526894
2919,SNIIb/sn1993J.p0035.dat,Sc,2.097259345798187,0.09,0.01,0.8805650736383911,-4.139690664277509,1.0
2920,SNIa-SS/sn2000cx.p0181.dat,Sc,2.1001533930598155,0.12,0.01,1.0570021048690732,-3.1726016102563452,1.0
2921,SNII/sn2009N.p0076.dat,Sc,2.1017206140306675,0.08,0.01,0.808032247143503,-4.4111528313551975,1.0
2922,SNIb/sn2005bf.p0025.dat,Sc,2.101870174558172,0.08,0.01,0.8135336206903038,-4.485487269897923,1.0
2923,SNIa-CN/sn2006lf.p0038.dat,Sc,2.1030598994678162,0.06,0.011979175840518382,0.9455535686277627,-3.7546078920789974,1.0
2924,SNIIb/sn2000H.p0030.dat,Sc,2.104731136131116,0.17,0.01,0.7461239531793612,-4.027102558369088,1.0
2925,SNIa-BL/sn1999cl.m0005.dat,Sc,2.105376758803529,0.13,0.01134335606132609,0.6526127544018185,-4.5,1.0
2926,SNIa-CN/sn2006lf.p0051.dat,Sc,2.1072723235502653,0.07,0.01,0.9479492880145659,-3.9192618206580665,1.0
2927,SNIa-CN/sn1997dt.p0024.dat,Sc,2.1180519661981165,0.06,0.01,1.0375144151515654,-3.5284520615964086,1.0
2928,SNIa-CSM/sn2002ic.p0275.dat,Sc,2.1252358574381667,0.1,0.01,0.9204258274257958,-3.793009231050812,1.0
2929,SNIc/sn2007gr.p0034.dat,Sc,2.13136904402238,0.1,0.01,0.8202630028587539,-4.143340979329971,1.0
2930,SNII/sn2013am.p0028.dat,Sc,2.1322905400787406,0.06,0.0129565083948341,0.7825595444928999,-4.5,1.0
2931,SNII/sn1999em.p0095.dat,Sc,2.1419930573978805,0.08,0.011923617861986688,0.8710289164515557,-3.893579160536297,1.0
2932,SNIb-n/sn2006jc.p0075.dat,Sc,2.1433748090948437,0.14,0.01,0.910865515279333,-4.35210411720457,1.0
2933,SNII/sn1999em.p0075.dat,Sc,2.146384647314441,0.09,0.01,0.8050387091033029,-4.148119045921308,1.0
2934,SNIa-CSM/sn1999E.p0121.dat,Sc,2.1633488390463116,0.09,0.01,0.8013418686835551,-4.469807239548488,1.0
2935,SNIb/sn2005hg.p0016.dat,Sc,2.1679273826828633,0.08,0.011609354707538285,0.8399341172601001,-4.088610108451575,1.0
2936,SNIIb/sn2008ax.p0079.dat,Sc,2.172512637972899,0.11,0.010304342410405521,0.8442269763743409,-3.958614144946341,1.0
2937,SNII/sn2009N.p0071.dat,Sc,2.177974263024874,0.07,0.01,0.8453888386304951,-4.369522141637479,1.0
2938,SNIb/sn2008D.p0008.dat,Sc,2.178928637418074,0.11,0.010120733777863508,0.6644090057016395,-4.5,1.0
2939,SNIa-CN/sn2006lf.p0050.dat,Sc,2.1852475508582696,0.07,0.01,0.9106199355576674,-4.086362267285539,1.0
2940,SNIIb/sn1998fa.p0016.dat,Sc,2.1880966521361165,0.1,0.012054872052874241,0.7381580718214251,-4.5,1.0
2941,SNIa-CSM/sn2012ca.p0098.dat,Sc,2.192728000047824,0.1,0.01,0.9403685219143523,-3.960375275393529,1.0
2942,SNIa-CN/sn2003cg.p0027.dat,Sc,2.2019426330702556,0.05,0.01,0.9306329423406685,-4.097568652378785,1.0
2943,SNIa-SS/sn2005M.p0032.dat,Sc,2.2099079545168103,0.07,0.017341706742078602,0.9424349552039718,-3.1534260603468054,0.9739478164986912
2944,SNIa-CSM/sn2002ic.p0357.dat,Sc,2.2216386351644024,0.1,0.01,1.0076398510708553,-3.843138060056513,1.0
2945,SNIa-CSM/sn2012ca.p0292.dat,Sc,2.2361268596647754,0.1,0.01,1.0154066644176865,-3.730716972864297,1.0
2946,SNIb/sn2008D.p0010.dat,Sc,2.239316728706922,0.08,0.01023723772457913,0.764799684715665,-4.5,1.0
2947,SNIa-CSM/sn2012ca.p0349.dat,Sc,2.2694092487142488,0.1,0.01,1.035097648891848,-3.6076261466835864,1.0
2948,SNIa-BL/sn2006X.p0032.dat,Sc,2.285446270738906,0.04,0.01,0.9224306640254952,-4.131366766238235,0.9808544166134572
2949,SNII/sn2005cs.p0060.dat,Sc,2.2878261634048283,0.04,0.01,0.9683963572119527,-3.9908785867320207,1.0
2950,SNIa-BL/sn2006X.p0029.dat,Sc,2.2902361018994313,0.05,0.015409149541121934,0.8438604855403095,-3.7352334491490353,1.0
2951,SNIa-CL/sn2003iv.p0085.dat,Sc,2.2914256004697204,0.12,0.01,0.8818576309168422,-4.115556280716631,0.964892468820027
2952,SNIa-CSM/sn2012ca.p0318.dat,Sc,2.3056219668299467,0.1,0.01,1.0271908810451904,-3.6471446200248896,1.0
2953,SNIb/sn2005hg.p0026.dat,Sc,2.3079603421117105,0.09,0.01,0.8489229166149409,-4.2667452009737685,1.0
2954,SNII/sn2005cs.p0061.dat,Sc,2.3099616438629513,0.04,0.01,0.9669110267397291,-3.941590575620308,1.0
2955,SNIa-BL/sn2006X.p0060.dat,Sc,2.313965434335667,0.08,0.01,0.8161269212875273,-3.987785115891551,1.0
2956,SNII/sn1999gi.p0089.dat,Sc,2.3170763996916737,0.09,0.01,0.8346122153353593,-4.297542587232961,1.0
2957,Gap/sn2020agp.p0005.dat,Sc,2.3173985904005345,0.1,0.01,0.8644615507864101,-4.5,1.0
2958,SNIIb/sn2008ax.p0094.dat,Sc,2.3327736170330207,0.11,0.01,0.8521642331537936,-3.9805837371047366,1.0
2959,SNIb/sn2005bf.p0028.dat,Sc,2.362093425201925,0.09,0.01,0.7888168449273325,-4.480572680688008,1.0
2960,SNIIb/sn1993J.p0037.dat,Sc,2.3643030790670916,0.09,0.01,0.8842951335893822,-4.216621754709372,1.0
2961,SNIa-CN/sn2006lf.p0046.dat,Sc,2.3669384144178287,0.07,0.01,0.9189679573361643,-3.942854966260245,1.0
2962,SNIIn/sn2006jd.p0121.dat,Sc,2.3685960659357472,0.16,0.01,0.9457237916884923,-3.524749659495367,1.0
2963,SNIb/sn2004gq.p0070.dat,Sc,2.380737700224892,0.1,0.01,0.7732834936637689,-4.3944198101483085,1.0
2964,SNIb/sn2005bf.p0022.dat,Sc,2.394419714603462,0.09,0.01,0.797946207533639,-4.5,1.0
2965,SNIIb/sn2008ax.p0046.dat,Sc,2.4067335233046494,0.09,0.01,0.8127551828101948,-4.285722332580113,1.0
2966,SNII/sn1999em.p0515.dat,Sc,2.4107399514170362,0.13,0.01,0.9079937715961676,-4.103120812727518,1.0
2967,SNII/sn2012aw.p0092.dat,Sc,2.4119373250921585,0.08,0.01,0.9041838606390527,-4.090886263476269,1.0
2968,SNIb/sn2007C.p0041.dat,Sc,2.4184216983334457,0.1,0.01,0.7465362835537485,-4.5,1.0
2969,SNIIb/sn2008ax.p0080.dat,Sc,2.4255205547270053,0.11,0.01,0.8071766328923609,-4.221723942358409,1.0
2970,SNII/sn2009N.p0085.dat,Sc,2.4424784360142917,0.07,0.01,0.8738825415818153,-4.302915792127737,1.0
2971,SNIa-CSM/sn2012ca.p0140.dat,Sc,2.442770161874107,0.1,0.01,0.962695864238446,-3.7861374175111395,1.0
2972,SNIa-SS/sn2007if.p0057.dat,Sc,2.4549123846312066,0.11,0.01,0.8645433184955057,-4.234539441183617,0.9810205664671254
2973,SNIIb/sn1996cb.p0039.dat,Sc,2.4556892288677536,0.16,0.01,0.7581104710108518,-4.242972783459108,1.0
2974,SNIb/sn2006ep.p0012.dat,Sc,2.4619266465768783,0.08,0.01,0.7889978995978867,-4.29102790362305,1.0
2975,SNIa-CN/sn2006lf.p0040.dat,Sc,2.4651501539012686,0.05,0.010378040554286174,0.9952299907365927,-3.86438050651309,0.9906547804424293
2976,SNIb/sn2004gq.p0016.dat,Sc,2.473875525998095,0.09,0.01,0.7879919872458028,-4.362368643910798,1.0
2977,SNIIb/sn2006T.p0015.dat,Sc,2.4762357465414975,0.09,0.01,0.7910297758211557,-4.227990551319612,1.0
2978,SNIIn/sn2005ip.p0071.dat,Sc,2.4974253487394624,0.1,0.01,0.8939880494048282,-4.401936396537209,1.0
2979,SNIa-CSM/sn2012ca.p0192.dat,Sc,2.4981819606444122,0.1,0.01,0.9894407790535179,-3.836921477332606,1.0
2980,SNIb/sn1998dt.p0032.dat,Sc,2.501518922506265,0.1,0.01,0.7629154935861,-4.5,1.0
2981,Gap/sn2017be.p0098.dat,Sc,2.5130608387494835,0.12,0.011589277256320592,0.7269949881020765,-4.5,1.0
2982,SNIIn/sn1997eg.m0069.dat,Sc,2.522150605072179,0.1,0.012215026508204468,0.8790011246648592,-4.5,1.0
2983,SNIIb/sn2008bo.p0093.dat,Sc,2.5328737698335844,0.12,0.01,0.7758475683434236,-4.288934017982663,1.0
2984,SNIb/sn2005bf.p0029.dat,Sc,2.536930341007493,0.07,0.01,0.8497413079094398,-4.488323168934464,1.0
2985,SNIIb/sn2008ax.p0067.dat,Sc,2.540284019019434,0.11,0.01,0.77302440582273,-4.297131669991419,1.0
2986,SNIa-CSM/sn1999E.p0142.dat,Sc,2.5433034609347165,0.12,0.01,0.7055576697148122,-4.46599248819258,1.0
2987,SNIa-BL/sn2006X.p0063.dat,Sc,2.552599258898457,0.09,0.01,0.7847607251007165,-4.0572183467797585,1.0
2988,SNIb/sn2005bf.p0032.dat,Sc,2.5709432601789644,0.08,0.01,0.8429660452521494,-4.453830860496419,1.0
2989,SNII/sn1999gi.p0085.dat,Sc,2.5747271712061752,0.08,0.01082923682429057,0.9068798549366699,-4.044510712264529,1.0
2990,SNIIb/sn1996cb.p0035.dat,Sc,2.5844693875609206,0.16,0.01,0.7503931687948618,-4.237120680847051,1.0
2991,SNIIb/sn1993J.p0346.dat,Sc,2.590022433718848,0.15,0.01,0.9157400523868447,-3.887695695444841,1.0
2992,SNIc-bl/sn1997ef.p0104.dat,Sc,2.6012787484037974,0.11,0.01,0.8201120573420021,-4.256086211655447,1.0
2993,SNIIn/sn2010jl.p0085.dat,Sc,2.623700511124138,0.1,0.01,0.8465135824876643,-4.458881666331123,1.0
2994,SNIIb/sn1996cb.p0027.dat,Sc,2.626035092892039,0.16,0.01,0.7467576510109434,-4.246360824157297,1.0
2995,SNIa-BL/sn2005am.p0071.dat,Sc,2.63522851220661,0.1,0.01,1.1260512903767352,-2.3305009738770583,1.0
2996,SNIIn/sn2015da.m0057.dat,Sc,2.6358318338762716,0.1,0.01,0.8182868931229543,-4.5,1.0
2997,SNIIn/sn2006jd.p0107.dat,Sc,2.6516575829618776,0.16,0.01,0.9272606295407693,-3.3386540129133464,1.0
2998,SNIc/sn2005az.p0086.dat,Sc,2.6788387051841362,0.11,0.01,0.8555003642117065,-3.8683796603329017,1.0
2999,SNIIn/sn2015da.m0043.dat,Sc,2.702608073503083,0.1,0.01018626910453234,0.8838034617547122,-4.46685400699533,1.0
3000,SNIb/sn2004gq.p0041.dat,Sc,2.7105166437154757,0.08,0.01,0.8439889658741705,-4.285370721893951,1.0
3001,SNIa-CSM/sn2012ca.p0125.dat,Sc,2.715935630613622,0.1,0.01,0.9915582938248945,-3.7958135136909776,1.0
3002,SNIIn/sn2005cp.p0125.dat,Sc,2.716529050302783,0.08,0.01,0.826294051207766,-4.343365351970829,1.0
3003,SNIa-BL/sn2006X.p0073.dat,Sc,2.7301688948474543,0.09,0.01322027705611459,0.7751131261884118,-3.8182392645306713,1.0
3004,Gap/sn2002bu.p0081.dat,Sc,2.731974222354969,0.1,0.01,0.8502498506947884,-4.311220440452061,1.0
3005,SNIIn/sn2010jl.p0079.dat,Sc,2.736948746177091,0.1,0.01,0.831615106980577,-4.5,1.0
3006,SNIb/sn2008D.p0012.dat,Sc,2.765309233820161,0.07,0.01,0.7838527457860108,-4.5,1.0
3007,SNIIb/sn2008ax.p0038.dat,Sc,2.766985716478938,0.07,0.01,0.8992600107139265,-4.187245200826361,1.0
3008,SNIIb/sn2000H.p0019.dat,Sc,2.767660001645317,0.09,0.01,0.7843726179671218,-4.399739483119972,1.0
3009,SNIa-BL/sn1999cl.m0002.dat,Sc,2.776242447639169,0.11,0.010196284429905052,0.7347330579545909,-4.5,1.0
3010,SNIIn/sn2015da.m0053.dat,Sc,2.7852432748511577,0.1,0.010431066663084005,0.8015290984591108,-4.5,1.0
3011,SNII/sn1999em.p0094.dat,Sc,2.7866729826427084,0.09,0.01,0.881115406337396,-4.336910013742572,0.9564644205970824
3012,SNIb/sn2004gq.p0020.dat,Sc,2.815686268243559,0.09,0.01,0.8057539026360221,-4.310692703818334,1.0
3013,SNIa-CSM/sn2012ca.p0124.dat,Sc,2.818929373218433,0.1,0.01675624598084456,0.9834172165742134,-3.1857599624261583,1.0
3014,SNIa-BL/sn1999cl.p0001.dat,Sc,2.8293851793883062,0.08,0.01,0.7885037764921456,-4.442991525406544,1.0
3015,SNII/sn2005cs.p0279.dat,Sc,2.842544700945253,0.09,0.01,0.8659325034594505,-4.10614840139332,1.0
3016,SNII/sn2009N.p0096.dat,Sc,2.8603454417043457,0.08,0.01,0.8465307114655459,-4.196346420064951,1.0
3017,SNIIb/sn2008ax.p0008.dat,Sc,2.8711859645673212,0.06,0.01,0.8925252716658802,-4.274672609219565,1.0
3018,SNIb/sn2004gq.p0024.dat,Sc,2.9003993475542535,0.08,0.01,0.8407632397253363,-4.2637371558811825,1.0
3019,SNIIn/sn2006aa.p0034.dat,Sc,2.930936657570247,0.03,0.011541185478828766,0.9617907702089279,-4.5,0.9657191797210326
3020,SNII/sn2009N.p0061.dat,Sc,2.963376300585005,0.03,0.01,0.9136726440794487,-4.3475314161359035,1.0
3021,SNII/sn2006ov.p0093.dat,Sc,2.9721560237945006,0.06,0.011142243810818877,0.9629073164199777,-3.809508201220084,1.0
3022,SNIIb/sn2008ax.p0034.dat,Sc,2.9756884158125767,0.16,0.01,0.6974811945433838,-4.210288605623948,1.0
3023,SNIIb/sn2008ax.p0045.dat,Sc,2.992464783151974,0.16,0.01,0.7257681594268721,-4.126453043544959,1.0
3024,SNII/sn2009N.p0084.dat,Sc,3.0166846749955045,0.04,0.01,0.9549511129790371,-4.346359784308047,1.0
3025,SNIa-CN/sn1994ae.p0087.dat,Sc,3.026759695333008,0.13,0.01,0.8873177366155932,-4.1327939702745065,0.973993134787451
3026,SNIa-CSM/sn2011km.p0332.dat,Sc,3.030197785458728,0.1,0.01,1.0288816643227507,-3.749725480556002,1.0
3027,SNIIn/sn2006jd.p0184.dat,Sc,3.030722348119793,0.15,0.01,0.9228551660326539,-3.718063449090305,1.0
3028,SNII/sn2009N.p0091.dat,Sc,3.031060258290515,0.07,0.01,0.8811991522413167,-4.209773318106028,1.0
3029,SNIIb/sn1998fa.p0067.dat,Sc,3.1051175924480003,0.03,0.01,0.9654818162959838,-4.480579168758425,1.0
3030,SNIIb/sn1996cb.p0025.dat,Sc,3.1191150897781332,0.08,0.01,0.8197402801223378,-4.460398297381303,1.0
3031,SNIIn/sn1998S.p0438.dat,Sc,3.139809145946894,0.11,0.01,0.8364415159610503,-4.5,1.0
3032,SNIb/sn1998dt.p0017.dat,Sc,3.141689256137752,0.11,0.01,0.749161844285674,-4.5,1.0
3033,SNIIn/sn2006qq.p0036.dat,Sc,3.1647604525969824,0.03,0.011179098167146038,1.1273172781995515,-3.5426200343895458,0.9751905486239049
3034,SNIIn/sn1988Z.p0112.dat,Sc,3.1654437154801767,0.17,0.01,0.8976437598465787,-3.7454903664631263,1.0
3035,SLSN-II/sn2019xfs.p0122.dat,Sc,3.2113331324523147,0.03,0.01,0.8808037471059678,-4.5,1.0
3036,SNII/sn1999gi.p0096.dat,Sc,3.27635212201615,0.08,0.01,0.8782674541206773,-4.05788282124005,1.0
3037,SNIIb/sn2008ax.p0121.dat,Sc,3.292848267081825,0.15,0.01,0.834292165825221,-3.8449493569216315,1.0
3038,SNIb/sn2005bf.p0024.dat,Sc,3.310838958446756,0.07,0.01,0.8478998774687386,-4.4302152653880436,1.0
3039,SNIIn/sn2010jl.p0087.dat,Sc,3.339047703016578,0.1,0.01,0.8721166276225135,-4.5,1.0
3040,SNIb/sn2004gq.p0015.dat,Sc,3.348825409477058,0.11,0.01,0.7192986465179861,-4.399554899824104,1.0
3041,SNII/sn2009N.p0088.dat,Sc,3.3952486215484723,0.06,0.01,0.9073705490754284,-4.106292368927052,1.0
3042,SNIIb/sn1993J.p0770.dat,Sc,3.4171147791006145,0.17,0.01,0.9252141512511117,-3.890859763636719,1.0
3043,SNII/sn1999gi.p0110.dat,Sc,3.4210571536811507,0.08,0.01,0.8969100632888036,-4.068762372122899,1.0
3044,SNIIb/sn1996cb.p0031.dat,Sc,3.443380228488626,0.07,0.01,0.8691354604398543,-4.374983795813241,1.0
3045,SNIIn/sn2010jl.p0072.dat,Sc,3.4518643216929616,0.11,0.01,0.8111837559014412,-4.5,1.0
3046,SNIIn/sn2006jd.p0119.dat,Sc,3.4611946207303594,0.16,0.01,0.9148503769104802,-3.6445272793278582,1.0
3047,SNIb/sn2004gq.p0017.dat,Sc,3.491384738050861,0.11,0.01,0.6914022161481049,-4.460767543392768,1.0
3048,SNII/sn1999gi.p0137.dat,Sc,3.522220015079447,0.05,0.01,0.9846361867219264,-4.045850385358261,1.0
3049,SNIIn/sn2006jd.p0440.dat,Sc,3.5465197897979257,0.16,0.01,0.8297490728472459,-4.213344999046712,1.0
3050,SNII/sn2006ov.p0197.dat,Sc,3.5659245597930527,0.1,0.01,0.9275738593970804,-3.8687232629442962,1.0
3051,SNIIn/sn2015da.p0048.dat,Sc,3.5761033886951092,0.1,0.01,0.8030843654416956,-4.5,1.0
3052,SNII/sn2006bp.p0073.dat,Sc,3.583932406978665,0.07,0.01,0.900613925584271,-4.28774785650345,1.0
3053,SNII/sn2002gd.p0037.dat,Sc,3.6143957521909273,0.16,0.01,0.7716253813047881,-4.242840805463342,1.0
3054,Gap/sn2000ch.p0028.dat,Sc,3.625475418894473,0.1,0.01,0.9272066312067682,-4.3001937210757575,0.9648696102842055
3055,SNIIb/sn1993J.p2960.dat,Sc,3.730045330236876,0.12,0.010238739488123068,0.8619531686986808,-4.5,1.0
3056,SNIIb/sn1993J.p0590.dat,Sc,3.7363037691980487,0.17,0.01,0.9436039480786712,-3.8236304493695474,1.0
3057,SNIIb/sn1993J.p0655.dat,Sc,3.7382103987639246,0.17,0.01,0.9435193593473116,-3.8206676768990193,1.0
3058,SNIIn/sn2005ip.p0079.dat,Sc,3.74661223192639,0.1,0.01,0.9523495826981369,-4.165863573678771,1.0
3059,SNII/sn2009N.p0104.dat,Sc,3.752983712712944,0.06,0.01,0.9755590591371083,-4.013632017275625,1.0
3060,SNIa-SS/sn2007if.p0036.dat,Sc,3.820455717042513,0.11,0.01,0.7841420677078538,-4.370417677683879,0.9810205664671254
3061,SNIa-CN/sn1994ae.p0029.dat,Sc,3.9300698050509943,0.11,0.01,0.8503388243258497,-4.056305145502522,1.0
3062,SNII/sn1999em.p0049.dat,Sc,3.9606370441865333,0.17,0.01,0.8690385176331622,-4.0099824220399665,1.0
3063,SNIIn/sn1997eg.max.dat,Sc,4.009329392796746,0.17,0.01,0.8668088737153302,-4.086546287417022,1.0
3064,SNIIn/sn2010jl.p0169.dat,Sc,4.036651517712325,0.05,0.01,1.2606112508756235,2.0,0.9503846045911453
3065,SNIIb/sn2008ax.p0023.dat,Sc,4.037440788632484,0.17,0.01,0.7292247137102865,-4.17203187862535,1.0
3066,SNIIb/sn2008ax.p0011.dat,Sc,4.071685665870337,0.16,0.01,0.7609367158913644,-4.106058118740728,1.0
3067,SNIIb/sn2008ax.p0016.dat,Sc,4.137406183107408,0.16,0.01,0.7640861059911639,-4.087661237733203,1.0
3068,SNIIb/sn1993J.p0150.dat,Sc,4.144693194005473,0.12,0.01,0.979331336391009,-3.473885656822269,1.0
3069,SNIIb/sn2008ax.p0127.dat,Sc,4.181814258869978,0.12,0.01,0.9282873069129353,-3.845970975320901,1.0
3070,SNIa-CN/sn1998eg.p0017.dat,Sc,4.250328319734964,0.13,0.010266087687495687,0.898735537780181,-3.96345006781352,0.9821703502944943
3071,SNIb/sn2007C.p0036.dat,Sc,4.363028197800809,0.1,0.01,0.9388660125519687,-3.8869504476735584,1.0
3072,SNIIn/sn2010jl.p0117.dat,Sc,4.386548262716948,0.1,0.01,0.9398299073997453,-4.153687981513969,1.0
3073,SNIb-n/sn2006jc.p0118.dat,Sc,4.43759327921544,0.03,0.01,1.1563294811419704,-3.671177830010474,1.0
3074,SNIIn/sn1995G.p0234.dat,Sc,4.440044815255021,0.14,0.01,0.7776542629640377,-4.331290345603607,1.0
3075,SNIIn/sn1997eg.p0018.dat,Sc,4.440661105235642,0.1,0.01,0.950698900809343,-4.363128476924835,1.0
3076,SNIIn/sn2005gl.p0066.dat,Sc,4.441415555512775,0.11,0.01,0.8851782909570202,-4.246672511000638,1.0
3077,SNII/sn2005cs.p0277.dat,Sc,4.444352325681876,0.07,0.01,0.9513761101628778,-3.817699743781694,1.0
3078,SNIIn/sn1997eg.p0076.dat,Sc,4.454462783496907,0.1,0.01,0.9948082281916049,-4.168248247234167,1.0
3079,Gap/sn2000ch.p3303.dat,Sc,4.503999276888607,0.1,0.011219930041224313,0.9872501314861509,-4.002711905152269,1.0
3080,SNIa-SS/sn1999aa.p0072.dat,Sc,4.507080334941141,0.13,0.01,0.8659148338147437,-4.247607053978781,0.9584377612087895
3081,SNIc-bl/sn2002ap.p0120.dat,Sc,4.579332508676415,0.12,0.01,0.9882004806109552,-3.2737362152423923,1.0
3082,SNIIn/sn2010jl.p0108.dat,Sc,4.603189471145315,0.1,0.01,0.892702109220835,-4.324049246873507,1.0
3083,SNIc-bl/sn1998bw.p0199.dat,Sc,4.680304502267251,0.14,0.01,0.9785964436017764,-3.113614798374803,1.0
3084,SNII/sn2013am.p0032.dat,Sc,4.802353753649244,0.08,0.011098778772863891,1.105462029244865,-3.392186071447003,1.0
3085,SNIa-CN/sn1998eg.p0019.dat,Sc,4.819888058351174,0.17,0.01,0.8610822521120293,-3.9512267320574623,1.0
3086,SNIa-CN/sn1999ac.p0054.dat,Sc,4.820232870578284,0.17,0.01,0.8875822990391268,-3.7929270306881406,1.0
3087,SNIIb/sn1993J.p1013.dat,Sc,4.846265069945504,0.03,0.01,1.1132881408283721,-3.7428795797543697,1.0
3088,SNII/sn2009N.p0126.dat,Sc,4.8622354158573104,0.05,0.01,1.0812518045255595,-3.361070577156417,1.0
3089,SNIc-bl/sn1998bw.p0373.dat,Sc,4.958624120510442,0.16,0.01,0.895667637244557,-3.970626114086031,1.0
3090,SNIIn/sn2015da.m0067.dat,Sc,4.970679099533209,0.1,0.01,1.0361107062251256,-3.7713244258299645,1.0
3091,SNII/sn1987A.p0713.dat,Sc,5.0273230000583276,0.1,0.01,1.1056480703261782,-2.8057214965169526,1.0
3092,SNII/sn2012aw.p0450.dat,Sc,5.066905007775065,0.1,0.01,1.0972480845373334,-2.7092842282200245,1.0
3093,SNIIb/sn2008ax.p0019.dat,Sc,5.085268255184031,0.09,0.01,1.0829797074048457,-3.3370259107016276,1.0
3094,SNII/sn1999gi.p0168.dat,Sc,5.085696046159014,0.05,0.010326298198594099,1.187332834633829,-2.970084948909873,1.0
3095,SNIIn/sn2010jl.p0100.dat,Sc,5.110120154363174,0.11,0.01,0.8684108511680786,-4.33608287684169,1.0
3096,SNIIn/sn1988Z.p0653.dat,Sc,5.151180649831426,0.06,0.01,1.230703598160822,-2.3860348297486773,1.0
3097,SNIIn/sn1997eg.p0032.dat,Sc,5.160047735242067,0.17,0.01,0.9226658389121486,-3.928883902733289,1.0
3098,SNIa-CN/sn1996ai.p0025.dat,Sc,5.182259604588317,0.06,0.01,1.1931944638671101,-2.894358298159867,1.0
3099,SNIIb/sn2008ax.p0015.dat,Sc,5.184802936529343,0.03,0.01,1.3381081935249775,2.0,0.9578507800170906
3100,SNIIb/sn1993J.p0948.dat,Sc,5.205707642119071,0.17,0.01,0.9638788877678387,-3.5665744221762887,1.0
3101,SNIIn/sn1997eg.p0026.dat,Sc,5.279756932455629,0.16,0.01,0.8726678468896728,-4.1334967592769996,1.0
3102,SNIIn/sn1988Z.p3691.dat,Sc,5.281771464741347,0.03,0.01,1.3386315939915896,2.0,0.9578507800170906
3103,SNIIb/sn2008ax.p0012.dat,Sc,5.286008280445306,0.03,0.01,1.3365453056973453,2.0,0.9617830137521944
3104,SNIa-CSM/sn2011km.p0390.dat,Sc,5.338893836271838,0.11,0.01,1.0605430129414894,-3.555629413753645,1.0
3105,SNII/sn2013am.p0082.dat,Sc,5.404459397854787,0.04,0.01,1.2467079561723142,-2.33071003548407,1.0
3106,SNII/sn2005cs.p0193.dat,Sc,5.41548688495261,0.04,0.01,1.3302191062576283,2.0,0.9565412008873404
3107,SNII/sn2005cs.p0160.dat,Sc,5.436770974792206,0.04,0.01,1.3299269420294573,2.0,0.9565412008873404
3108,SNIIb/sn2006T.p0022.dat,Sc,5.486682027541751,0.04,0.01,1.3287236749062978,2.0,0.964406980123444
3109,SNII/sn2005cs.p0105.dat,Sc,5.504158822559297,0.03,0.01,1.3310168566776832,2.0,1.0
3110,SNIIn/sn2010jl.p0145.dat,Sc,5.505073605300405,0.03,0.01,1.3317675572707588,2.0,1.0
3111,SNIIb/sn1993J.p0923.dat,Sc,5.507205389714966,0.03,0.01,1.3314370266692725,2.0,1.0
3112,SNIIn/sn2010jl.p0159.dat,Sc,5.50780933821741,0.03,0.01,1.331578864930135,2.0,1.0
3113,SNIIn/sn2015da.m0070.dat,Sc,5.509480376665645,0.03,0.01,1.3314424264836184,2.0,1.0
3114,SNIIn/sn2015da.m0079.dat,Sc,5.509951224811997,0.03,0.01,1.3313750237939432,2.0,1.0
3115,SNIa-SS/sn2002cx.p0308.dat,Sc,5.510263224929132,0.03,0.01,1.3310019391945611,2.0,1.0
3116,Gap/sn2000ch.p3086.dat,Sc,5.5103286480207,0.03,0.01,1.3315149987528287,2.0,1.0
3117,SNIIn/sn2010jl.p0114.dat,Sc,5.510610926606079,0.03,0.01,1.3316242564113279,2.0,1.0
3118,SNIIn/sn1998S.p0256.dat,Sc,5.511693864332535,0.03,0.01,1.3316299476507052,2.0,1.0
3119,SNIIn/sn2015da.p0021.dat,Sc,5.511719583046628,0.03,0.01,1.3316521432141915,2.0,1.0
3120,SNIIn/sn2005ip.p0119.dat,Sc,5.51256583969635,0.03,0.01,1.3317578409527833,2.0,1.0
3121,Gap/sn2019abn.p0025.dat,Sc,5.512681636670907,0.03,0.01,1.3315836077149117,2.0,1.0
3122,SNIIn/sn1998S.p0257.dat,Sc,5.5129880058643375,0.03,0.01,1.3315344826501998,2.0,1.0
3123,SNII/sn2004et.p0042.dat,Sc,5.513319099496445,0.03,0.01,1.3309229382531298,2.0,1.0
3124,SNIIn/sn1994Y.p0264.dat,Sc,5.514311559781085,0.03,0.01,1.3319586933875938,2.0,1.0
3125,SNIIn/sn2015da.m0063.dat,Sc,5.514545757975513,0.03,0.01,1.3314561363991593,2.0,1.0
3126,SNIIn/sn2015da.m0078.dat,Sc,5.5147926402029235,0.03,0.01,1.3313694456839844,2.0,1.0
3127,SNII/sn2006ov.p0115.dat,Sc,5.514994795749731,0.03,0.01,1.3310719800627258,2.0,1.0
3128,SNIIn/sn2010jl.p0164.dat,Sc,5.5151126829111465,0.03,0.01,1.3315604636655298,2.0,1.0
3129,Gap/sn2019abn.p0016.dat,Sc,5.515165744076302,0.03,0.01,1.3314749584284402,2.0,1.0
3130,SNIIn/sn2010jl.p0206.dat,Sc,5.515788869854911,0.03,0.01,1.3315498313623204,2.0,1.0
3131,Gap/sn2000ch.p3217.dat,Sc,5.51586020849287,0.03,0.01,1.331177490244017,2.0,1.0
3132,SNIIn/sn2010jl.p0208.dat,Sc,5.515911537435976,0.03,0.01,1.3314722902483984,2.0,1.0
3133,Gap/sn2015dl.p0119.dat,Sc,5.5159993865998365,0.03,0.01,1.3320305400722725,2.0,1.0
3134,SNIIn/sn2010jl.p0392.dat,Sc,5.516365071855984,0.03,0.01,1.3316443988387299,2.0,1.0
3135,SNIIn/sn1994Y.p0206.dat,Sc,5.516721111347823,0.03,0.01,1.3319860289132504,2.0,1.0
3136,SNIb/sn2007C.p0027.dat,Sc,5.517028317659705,0.04,0.01,1.3270207088910735,2.0,0.9801857883629927
3137,SNIIn/sn2015da.p0794.dat,Sc,5.5176925663980425,0.03,0.01,1.331404399167082,2.0,1.0
3138,SNII/sn1999gi.p0152.dat,Sc,5.5180903716618745,0.03,0.01,1.331192449178545,2.0,1.0
3139,SNIIn/sn2005ip.p0137.dat,Sc,5.518764821436167,0.03,0.01,1.3316241955798482,2.0,1.0
3140,Gap/sn2000ch.p3089.dat,Sc,5.5190725993149625,0.03,0.01,1.3315725322046434,2.0,1.0
3141,SNIIn/sn1997eg.p0088.dat,Sc,5.519151010633463,0.03,0.01,1.3320094897401018,2.0,0.9973505405810138
3142,SNIIn/sn2015da.p0004.dat,Sc,5.519418139344637,0.03,0.01,1.3312870146216838,2.0,1.0
3143,SNIIn/sn1998S.p0339.dat,Sc,5.519893967590007,0.03,0.01,1.3314340167796526,2.0,1.0
3144,SNIIn/sn1994Y.p0235.dat,Sc,5.520207477216564,0.03,0.01,1.3319808465096157,2.0,1.0
3145,SNIIn/sn1988Z.p0811.dat,Sc,5.520210553205609,0.03,0.01,1.3310771610664993,2.0,1.0
3146,SLSN-IIn/sn2006gy.p0107.dat,Sc,5.520241712824042,0.03,0.01,1.3313396757154032,2.0,1.0
3147,SNIIn/snPTF12csy.p0159.dat,Sc,5.520304909427213,0.03,0.01,1.3316048055768677,2.0,1.0
3148,SNII/sn1999em.p0044.dat,Sc,5.520834559169062,0.03,0.01,1.33148833053516,2.0,1.0
3149,SLSN-IIn/sn2006gy.p0166.dat,Sc,5.52091421046444,0.03,0.01,1.3313739180957544,2.0,1.0
3150,SNII/sn2004et.p0055.dat,Sc,5.521594311449695,0.03,0.01,1.3306777156675875,2.0,1.0
3151,SNIIn/sn1997eg.p0299.dat,Sc,5.5217090423173225,0.03,0.01,1.3315396627731901,2.0,0.9973505405810138
3152,SNIIn/sn1997eg.m0008.dat,Sc,5.52190093488455,0.03,0.01,1.3319552805681258,2.0,0.9973505405810138
3153,Gap/sn2000ch.p3186.dat,Sc,5.52246697183527,0.03,0.01,1.3312811954068595,2.0,1.0
3154,SNIc-bl/sn2002ap.p0129.dat,Sc,5.522478072439158,0.12,0.01,1.0244229694772762,-3.517695504029711,1.0
3155,SNIIn/sn1997eg.p0116.dat,Sc,5.523094557098608,0.03,0.01,1.3318912788102117,2.0,0.9973505405810138
3156,SNII/sn2004et.p0065.dat,Sc,5.523913286595679,0.03,0.01,1.330720336954582,2.0,1.0
3157,SNII/sn2004dj.p0137.dat,Sc,5.523943187503563,0.03,0.01,1.3312125813721147,2.0,1.0
3158,SNIc/sn1990B.p0022.dat,Sc,5.52533656726275,0.03,0.01,1.3314871915119983,2.0,1.0
3159,SNIIn/sn1988Z.p0782.dat,Sc,5.525347931640066,0.03,0.01,1.3313489435124832,2.0,1.0
3160,Gap/sn2019abn.p0053.dat,Sc,5.5255910515064945,0.03,0.01,1.3314794974113102,2.0,1.0
3161,SNIIn/sn2015da.p0857.dat,Sc,5.52679832453634,0.03,0.01,1.3310793721201384,2.0,1.0
3162,SNII/sn2006ov.p0121.dat,Sc,5.527334976042472,0.03,0.01,1.330923088312875,2.0,1.0
3163,SNIIn/sn1998S.p0096.dat,Sc,5.527481884377139,0.03,0.01,1.3313444419328941,2.0,1.0
3164,SNII/sn2004et.p0078.dat,Sc,5.528366362446058,0.03,0.01,1.3306824196604257,2.0,1.0
3165,SNIIn/sn1997eg.p0111.dat,Sc,5.528973688910889,0.03,0.01,1.3317490224694915,2.0,0.9973505405810138
3166,SNIIn/sn2005cp.p0201.dat,Sc,5.530295994273387,0.03,0.01,1.3313333804314629,2.0,1.0
3167,SNIIn/sn2005ip.p0129.dat,Sc,5.530607866043574,0.03,0.01,1.331503545554154,2.0,1.0
3168,SNIIn/sn2015da.p0848.dat,Sc,5.531772104046064,0.03,0.01,1.3310314703292916,2.0,1.0
3169,SNIIn/sn2015da.p0755.dat,Sc,5.531927179121,0.03,0.01,1.3310283584963527,2.0,1.0
3170,SNIIn/sn2015da.p0747.dat,Sc,5.532302038678704,0.03,0.01,1.331091605123687,2.0,1.0
3171,SLSN-II/sn2020bfe.p0215.dat,Sc,5.532825914284832,0.03,0.01,1.3313561859532803,2.0,1.0
3172,SNIIn/sn2015da.p0616.dat,Sc,5.533028796040273,0.03,0.01,1.3310842597527817,2.0,1.0
3173,SNII/sn1999em.p0123.dat,Sc,5.533165762976536,0.03,0.01,1.3309543566015247,2.0,1.0
3174,SNIIn/sn1997eg.p0150.dat,Sc,5.534346029759673,0.03,0.01,1.3316238931768254,2.0,0.9973505405810138
3175,SNIIn/sn2010jl.p0492.dat,Sc,5.5347539463128665,0.03,0.01,1.331397957193681,2.0,1.0
3176,SNII/sn1999gi.p0139.dat,Sc,5.534962396193773,0.03,0.01,1.3316246436818597,1.9761164248167753,1.0
3177,SNII/sn2013am.p0065.dat,Sc,5.535082999976136,0.03,0.01,1.33100075179067,2.0,1.0
3178,SNIIn/sn2015da.p0707.dat,Sc,5.535815994502405,0.03,0.01,1.3311802637097305,2.0,1.0
3179,SNIIn/sn2015da.p0104.dat,Sc,5.536147364562625,0.03,0.01,1.3314450116190106,2.0,1.0
3180,Gap/sn2000ch.p3245.dat,Sc,5.536548213209708,0.03,0.01,1.3311577420728624,2.0,1.0
3181,SNIIn/sn2015da.p0721.dat,Sc,5.537464594747391,0.03,0.01,1.331050636826893,2.0,1.0
3182,SNII/sn2006ov.p0168.dat,Sc,5.537780150015947,0.03,0.01,1.3313224097183105,2.0,1.0
3183,SNIIn/sn2015da.p0065.dat,Sc,5.538307336061519,0.03,0.01,1.3314075865245438,2.0,1.0
3184,Gap/sn2000ch.p1454.dat,Sc,5.538855670491682,0.03,0.01,1.3308857299369907,2.0,1.0
3185,SNIIb/sn1993J.p0278.dat,Sc,5.5388672986939715,0.03,0.01,1.331527159584444,2.0,1.0
3186,SNIIn/sn1997eg.p0139.dat,Sc,5.539230301868652,0.03,0.01,1.331472601285736,2.0,0.9973505405810138
3187,SNII/sn2004et.p0090.dat,Sc,5.539637605172149,0.03,0.01,1.3306005359119069,2.0,1.0
3188,SNII/sn2004et.p0104.dat,Sc,5.5409021360373885,0.03,0.01,1.330632807528461,2.0,1.0
3189,SNIIn/sn2015da.p0608.dat,Sc,5.54156254362945,0.03,0.01,1.3310670410149246,2.0,1.0
3190,SNIIn/sn2006jd.p0406.dat,Sc,5.542220145334917,0.03,0.01,1.331548669691231,2.0,1.0
3191,SNIIn/sn2015da.p0779.dat,Sc,5.542382623075531,0.03,0.01,1.3308428972363602,2.0,1.0
3192,SNIIb/sn2008ax.p0306.dat,Sc,5.542407868176988,0.03,0.01,1.3310551751247528,2.0,1.0
3193,SNIIn/sn2015da.p0743.dat,Sc,5.5427193525488745,0.03,0.01,1.331105696426695,2.0,1.0
3194,SNIIb/sn1993J.p0184.dat,Sc,5.542886050319779,0.03,0.01,1.3315190237209495,2.0,1.0
3195,SNIIn/sn1988Z.p0716.dat,Sc,5.543057974243186,0.03,0.01,1.3311713773103921,2.0,1.0
3196,SNII/sn1987A.p0803.dat,Sc,5.543098737553485,0.03,0.01,1.331391951218153,2.0,1.0
3197,SNIIn/sn2005ip.p0168.dat,Sc,5.543113509054276,0.03,0.01,1.33132347385758,2.0,1.0
3198,SNIIn/sn1997eg.p0136.dat,Sc,5.54339657518054,0.03,0.01,1.3314045892008128,2.0,0.9973505405810138
3199,SNII/sn1999em.p0162.dat,Sc,5.543428019467778,0.03,0.01,1.3310195172542223,2.0,1.0
3200,SNIb/sn2004gq.p0084.dat,Sc,5.543545213974615,0.04,0.01,1.3271364889963742,2.0,0.9762351702376685
3201,SNIIn/sn1988Z.p0701.dat,Sc,5.543658446034097,0.03,0.01,1.331309368380424,2.0,1.0
3202,SNIIn/sn2015da.p0139.dat,Sc,5.54467034114511,0.03,0.01,1.3312823273795704,2.0,1.0
3203,SNIIn/sn2010jl.p0815.dat,Sc,5.545828440552634,0.03,0.01,1.3309261106522485,2.0,1.0
3204,SNII/sn1999em.p0137.dat,Sc,5.5459039306320586,0.03,0.01,1.3307073725206646,2.0,1.0
3205,SNIc-bl/sn2002ap.p0149.dat,Sc,5.545976334830963,0.03,0.01,1.3314417567473038,2.0,1.0
3206,SNII/sn2009N.p0158.dat,Sc,5.547580663916715,0.03,0.01,1.3307325470128049,2.0,1.0
3207,SNIIn/snPTF12csy.p0457.dat,Sc,5.547959998992449,0.03,0.01,1.3312189192054729,2.0,1.0
3208,SNIIn/sn1998S.p0107.dat,Sc,5.549583888487959,0.03,0.01,1.3310224318412796,2.0,1.0
3209,SNIb-pec/sn2007uy.p0075.dat,Sc,5.549851695519961,0.03,0.01,1.3308206093706458,2.0,1.0
3210,SNIb/sn2008D.p0040.dat,Sc,5.550631742009737,0.03,0.01,1.3308693085992058,2.0,1.0
3211,SNIIn/sn1994Y.p0297.dat,Sc,5.551318843764445,0.03,0.01,1.3313200164658043,2.0,1.0
3212,SNIIn/sn2015da.p0121.dat,Sc,5.5514209515084385,0.03,0.01,1.3312281853752335,2.0,1.0
3213,SNIIn/sn2006jd.p0415.dat,Sc,5.553236430132192,0.03,0.01,1.3311698510489365,2.0,1.0
3214,SNIIb/sn1993J.p0341.dat,Sc,5.55327752960495,0.03,0.01,1.331086264266774,2.0,1.0
3215,SNIb/sn2007C.p0063.dat,Sc,5.554199703962382,0.03,0.01,1.3308644253674775,2.0,1.0
3216,SNIIn/sn1988Z.p0775.dat,Sc,5.554276236000944,0.03,0.01,1.3306393329224715,2.0,1.0
3217,SNIIn/sn2015da.p0153.dat,Sc,5.5548712848895265,0.03,0.01,1.3310286354331045,2.0,1.0
3218,SNIIn/sn2015da.p0239.dat,Sc,5.555903128328743,0.03,0.01,1.33100342377989,2.0,1.0
3219,SNIIn/sn1998S.p0136.dat,Sc,5.555964767526297,0.03,0.01,1.330972848440632,2.0,1.0
3220,SNIIn/sn2015da.p0841.dat,Sc,5.556044850127527,0.03,0.01,1.3304508117657745,2.0,1.0
3221,SNIIb/sn1993J.p0234.dat,Sc,5.556192141664562,0.03,0.01,1.3314185065892896,2.0,1.0
3222,SNIIn/sn2010jl.p0459.dat,Sc,5.556334425592628,0.03,0.01,1.3311049580084022,2.0,1.0
3223,SNIIn/sn1994Y.p0322.dat,Sc,5.556906696442528,0.03,0.01,1.3310073478816045,2.0,1.0
3224,SNIIn/sn2006jd.p0409.dat,Sc,5.55751095654791,0.03,0.01,1.3311236314415102,2.0,1.0
3225,SNIIn/sn1994Y.p0296.dat,Sc,5.560052624709596,0.03,0.01,1.3311274094956522,2.0,1.0
3226,SNIIn/sn2006jd.p0914.dat,Sc,5.56147691637559,0.03,0.01,1.3307703172258554,2.0,1.0
3227,SNIIn/sn1998S.p0142.dat,Sc,5.563951947600666,0.03,0.01,1.3309973403827993,2.0,1.0
3228,SNIc-bl/sn1998bw.p0334.dat,Sc,5.566572712207217,0.03,0.01,1.3309076690354216,2.0,1.0
3229,SNIIn/sn1998S.p0267.dat,Sc,5.566787372903173,0.03,0.01,1.3306317434273636,2.0,1.0
3230,SNIIn/sn1988Z.p0669.dat,Sc,5.5674816358741905,0.03,0.01,1.3307557969202337,2.0,1.0
3231,SNIIn/sn1988Z.p0742.dat,Sc,5.567825573972415,0.03,0.01,1.3305890154733386,2.0,1.0
3232,SNIc-bl/sn2002ap.p0155.dat,Sc,5.57003199641629,0.03,0.01,1.3310278353122886,2.0,1.0
3233,SNIIb/sn1993J.p0215.dat,Sc,5.572824412689393,0.03,0.01,1.3308437212970436,2.0,1.0
3234,SNIc/sn2004aw.p0252.dat,Sc,5.572849443423802,0.03,0.01,1.331113695541619,2.0,1.0
3235,SNIIn/sn2015da.p0506.dat,Sc,5.572917110356917,0.03,0.01,1.33060608051933,2.0,1.0
3236,SNII/sn2009N.p0112.dat,Sc,5.5737907992740405,0.03,0.01,1.329695895864662,2.0,1.0
3237,SNIIn/sn2010jl.p0901.dat,Sc,5.576220077598199,0.03,0.01,1.3305534148970537,2.0,1.0
3238,SNII/sn1987A.p0586.dat,Sc,5.578723658526467,0.1,0.01,1.1240388794408827,-2.0230722183491316,1.0
3239,SNIb/sn2008D.p0128.dat,Sc,5.581509413837496,0.03,0.01,1.3308725327904856,2.0,1.0
3240,SNII/sn2005cs.p0123.dat,Sc,5.582734950030316,0.03,0.01,1.3284243574498324,2.0,1.0
3241,SNIIn/sn1988Z.p0475.dat,Sc,5.583428963991609,0.03,0.01,1.3306082969497992,2.0,1.0
3242,SNII/sn2012aw.p0249.dat,Sc,5.584215519117876,0.03,0.01,1.3303938609170143,2.0,1.0
3243,SNIIn/sn2010jl.p0441.dat,Sc,5.584713008718427,0.03,0.01,1.3307391532942463,2.0,1.0
3244,SNIc-bl/sn2002ap.p0152.dat,Sc,5.5887355371898675,0.03,0.01,1.330556550976813,2.0,1.0
3245,SNII/sn2004et.p0456.dat,Sc,5.592614479710059,0.03,0.01,1.3306952932171037,2.0,1.0
3246,SNII/sn2009N.p0412.dat,Sc,5.596835678595134,0.03,0.01,1.3308071827700936,2.0,1.0
3247,SNIIn/sn1988Z.p0481.dat,Sc,5.596874525406939,0.03,0.01,1.3306386745399106,2.0,1.0
3248,SNII/sn2012aw.p0368.dat,Sc,5.600106217384508,0.03,0.01,1.3304624241694953,2.0,1.0
3249,SNII/sn2012aw.p0331.dat,Sc,5.600840508924861,0.03,0.01,1.3304135661886805,2.0,1.0
3250,SNII/sn2006bp.p0338.dat,Sc,5.601059824629673,0.03,0.01,1.3307825079683213,2.0,1.0
3251,SLSN-IIn/sn2006gy.p0055.dat,Sc,5.603259868196208,0.08,0.01,1.1623230157755167,-3.233495336585997,0.9831877158598537
3252,SNIb-pec/sn2007uy.p0140.dat,Sc,5.603546753512226,0.03,0.01,1.3299718503866889,2.0,1.0
3253,SNIc/sn2004aw.p0228.dat,Sc,5.606718616706225,0.03,0.01,1.3303512990512671,2.0,1.0
3254,SNII/sn2004et.p0154.dat,Sc,5.609879876332726,0.03,0.01,1.330094781303072,2.0,1.0
3255,SNIIb/sn2008ax.p0337.dat,Sc,5.61673918667578,0.03,0.01,1.3301608177332316,2.0,1.0
3256,SNIc-bl/sn2002ap.p0181.dat,Sc,5.618129448082568,0.03,0.01,1.3302829502578608,2.0,1.0
3257,SNII/sn1999em.p0332.dat,Sc,5.6202992397877365,0.03,0.01,1.3303922932131036,2.0,1.0
3258,SNIc-bl/sn2002ap.p0383.dat,Sc,5.620390292580225,0.03,0.01,1.3299449579862166,2.0,1.0
3259,SNIIn/sn1997eg.p0048.dat,Sc,5.620811834268723,0.17,0.01,0.9200870353690572,-3.968788473431734,1.0
3260,SNII/sn2004et.p0203.dat,Sc,5.627938025457613,0.03,0.01,1.3303289973579029,2.0,1.0
3261,SNII/sn2004et.p0392.dat,Sc,5.629140751717663,0.03,0.01,1.3302653480196018,2.0,1.0
3262,SNII/sn2005cs.p0225.dat,Sc,5.629310067492457,0.03,0.01,1.328800552530272,2.0,1.0
3263,SNIc-bl/sn2002ap.p0270.dat,Sc,5.633720735538234,0.03,0.01,1.330378099981702,2.0,1.0
3264,SNIc-bl/sn2002ap.p0332.dat,Sc,5.634856239182642,0.03,0.01,1.3298336697601838,2.0,1.0
3265,SNIc-bl/sn2002ap.p0241.dat,Sc,5.639696294348222,0.03,0.01,1.3301923038867323,2.0,1.0
3266,SNIc-bl/sn2002ap.p0267.dat,Sc,5.644123821764298,0.03,0.01,1.3299126131202004,2.0,1.0
3267,SNIc-bl/sn2002ap.p0234.dat,Sc,5.646882512255122,0.03,0.01,1.3299056583578919,2.0,1.0
3268,SNIIn/sn2006jd.p1513.dat,Sc,5.647724210966665,0.03,0.01,1.3298783339209415,2.0,1.0
3269,SNII/sn2004et.p0419.dat,Sc,5.654557206861365,0.03,0.01,1.3300813128459292,2.0,1.0
3270,SNII/sn1999em.p0312.dat,Sc,5.655465708567891,0.03,0.01,1.3299857466212508,2.0,1.0
3271,SNII/sn2004et.p0382.dat,Sc,5.658797535598919,0.03,0.01,1.3299696487369255,2.0,1.0
3272,SNII/sn2004et.p0218.dat,Sc,5.664851677761378,0.03,0.01,1.3297416156996382,2.0,1.0
3273,SNII/sn2004et.p0240.dat,Sc,5.674674066800723,0.03,0.01,1.3296474171599666,2.0,1.0
3274,SNIIn/sn1995N.p0051.dat,Sc,5.681754997876929,0.03,0.01,1.3298037308687356,2.0,1.0
3275,SNII/sn2005cs.p0133.dat,Sc,5.682101440545425,0.03,0.01,1.3278342667682794,2.0,1.0
3276,SNIIn/sn1995N.p1791.dat,Sc,5.683786549120993,0.03,0.01,1.3298934180289865,2.0,1.0
3277,SNIIn/sn1988Z.p1124.dat,Sc,5.686556396148024,0.03,0.01,1.3292185604196194,2.0,1.0
3278,SNII/sn2004et.p0305.dat,Sc,5.690135534926233,0.03,0.01,1.3295736607239865,2.0,1.0
3279,SNIb/sn2009iz.p0015.dat,Sc,5.693790245501742,0.05,0.01,1.2971968123754372,-1.652649390975638,0.9864129958431115
3280,SNIIn/sn1995N.m0043.dat,Sc,5.697793535619507,0.03,0.01,1.329506609872673,2.0,1.0
3281,SNII/sn2004et.p0244.dat,Sc,5.702065443834865,0.03,0.01,1.3294845085155584,2.0,1.0
3282,SNII/sn2004et.p0250.dat,Sc,5.706212298736426,0.03,0.01,1.329495145780038,2.0,1.0
3283,SNII/sn2004et.p0292.dat,Sc,5.712370348983707,0.03,0.01,1.329438279986608,2.0,1.0
3284,SNIc/sn2005kl.p0008.dat,Sc,5.716260226202269,0.04,0.01,1.3229124720123047,2.0,0.9880988804186349
3285,SNII/sn2004et.p0176.dat,Sc,5.7208650879202025,0.03,0.01,1.3289040851536327,2.0,1.0
3286,SNIIn/sn1998S.p0411.dat,Sc,5.7237627039244545,0.03,0.01,1.32871063512713,2.0,1.0
3287,SNII/sn2005cs.p0166.dat,Sc,5.724183780153433,0.03,0.01,1.3267571441918167,2.0,1.0
3288,SNIIn/sn1988Z.p1532.dat,Sc,5.73199267249312,0.03,0.01,1.3289139893489121,2.0,1.0
3289,SNII/sn2005cs.p0177.dat,Sc,5.732605249797086,0.03,0.01,1.3271555164830697,2.0,1.0
3290,SNIIb/sn2008ax.p0258.dat,Sc,5.76011199132374,0.03,0.01,1.3285117611333668,2.0,1.0
3291,SNIIn/sn1995N.m0276.dat,Sc,5.763100483130688,0.03,0.01,1.3284725330688631,2.0,1.0
3292,SNIIb/sn1993J.p0028.dat,Sc,5.812029269751544,0.05,0.01,1.3179207515174163,2.0,0.9864129958431115
3293,SLSN-II/snCSS121015.p0429.dat,Sc,5.820525119102105,0.06,0.01,1.3150270011410081,2.0,0.9567679771052436
3294,SLSN-II/snCSS121015.p0430.dat,Sc,5.820955846600462,0.06,0.01,1.314997707282082,2.0,0.9567679771052436
3295,SNII/sn1987A.p0525.dat,Sc,5.836844306275565,0.03,0.01,1.3263386965619703,2.0,1.0
3296,SNIIb/sn1993J.p0031.dat,Sc,5.84265940102115,0.06,0.01,1.3137622569857166,2.0,0.9685732272857664
3297,SLSN-II/snCSS121015.p0431.dat,Sc,5.842931226449651,0.06,0.01,1.3146204855838441,2.0,0.9567679771052436
3298,SNIc/sn2004aw.p0403.dat,Sc,5.865465991440621,0.03,0.01,1.3219353012657842,2.0,1.0
3299,SNII/sn1987A.p0513.dat,Sc,5.869769081067775,0.03,0.01,1.3259438400889163,2.0,1.0
3300,SNII/sn1987A.p0497.dat,Sc,5.875804045677221,0.03,0.01,1.325891906649794,2.0,1.0
3301,Gap/sn2015dl.p0057.dat,Sc,5.890264833233718,0.03,0.05759524040372969,1.2880725885927669,0.10167470649389539,1.0
3302,SNIb-pec/sn2009er.m0001.dat,Sc,6.033880432111787,0.17,0.01,1.1275215298524197,-2.697175514917369,1.0
3303,SNII/sn1987A.p0407.dat,Sc,6.061070673145263,0.03,0.01,1.3237148569500103,2.0,1.0
3304,SNII/sn1987A.p0422.dat,Sc,6.151794106940397,0.03,0.01,1.3225099417912063,2.0,1.0
3305,SNII/sn1987A.p0004.dat,Sc,6.178543726009183,0.05,0.01,1.2829479409312208,2.0,0.9745543332173975
3306,SNII/sn1987A.p0398.dat,Sc,6.230932229262996,0.03,0.01,1.3213162924593076,2.0,1.0
3307,SNII/sn2005cs.p0270.dat,Sc,6.35990491214187,0.07,0.01,1.3066585922161924,2.0,0.9780209607537853
3308,SNIIn/sn1995G.p0361.dat,Sc,6.422981533274473,0.1,0.01,1.1737146342582239,-2.858174801391518,0.9688088628495765
3309,SLSN-IIn/sn2006gy.p0109.dat,Sc,6.5097057685242135,0.08,0.01,1.298016877236197,2.0,0.9792340988059611
3310,SNII/sn1987A.p0338.dat,Sc,6.51969771468226,0.06,0.01,1.2976070628577145,2.0,1.0
3311,SNIIb/sn1993J.p0016.dat,Sc,6.571151670908983,0.08,0.01,1.2972601762292304,2.0,0.9752844314194561
3312,SNIIb/sn1993J.p0019.dat,Sc,6.572515653091365,0.08,0.01,1.2972309647167029,2.0,0.9752844314194561
3313,SNIa-BL/sn1999cl.m0007.dat,Sc,6.589929886519298,0.08,0.01,1.2962072221630436,2.0,0.9863149091015658
3314,SLSN-IIn/sn2006gy.p0084.dat,Sc,6.60893806910575,0.08,0.01,1.2964136904829844,2.0,0.9831877158598537
3315,SNIIn/sn1988Z.p0442.dat,Sc,6.747888489774173,0.08,0.01,1.2952333175340305,2.0,0.9831877158598537
3316,SNIIn/sn1988Z.p0722.dat,Sc,6.8197862531950255,0.09,0.01,1.2916787052797922,2.0,0.952537500141854
3317,SNIa-SS/sn2007if.p0033.dat,Sc,6.871327442404848,0.11,0.01,1.1691031169449833,-2.7002046396157526,0.9815533918599215
3318,Gap/sn2000ch.p0055.dat,Sc,7.153449712720432,0.1,0.01,1.2336304489502625,-2.121817411418319,0.9648696102842055
3319,SNII/sn1987A.p1049.dat,Sc,7.342688697768575,0.17,0.01,1.1231088939481733,-3.3492648720889657,1.0
3320,SNII/sn1987A.p0005.dat,Sc,7.471867987598155,0.05,0.01,1.1809290411089264,2.0,0.9745543332173975
3321,SNII/sn1987A.p0360.dat,Sc,8.145249124439664,0.06,0.01,1.2709843906777842,2.0,1.0
3322,SNII/sn1987A.p0198.dat,Sc,8.207030908943192,0.06,0.01,1.257830506649694,2.0,1.0
3323,SNIIn/sn1988Z.p2917.dat,Sc,8.462363163217775,0.16,0.01,1.1873674237106644,-2.1720861698939196,1.0
3324,SNIIn/sn1996L.p0336.dat,Sc,8.518134486650785,0.17,0.01,1.248697096808776,2.0,1.0
3325,SNII/sn1999gi.p0106.dat,Sc,8.52305320033288,0.17,0.01,1.248883430784601,2.0,1.0
3326,SNIIn/sn1998S.p0429.dat,Sc,8.529746059234721,0.17,0.01,1.2489385796285803,2.0,1.0
3327,SNIc/sn2004aw.p0060.dat,Sc,8.529815214894,0.17,0.01,1.2488764237995589,2.0,1.0
3328,SNIa-BL/sn1998ec.p0038.dat,Sc,8.538892566376022,0.17,0.01,1.2487404105648006,2.0,1.0
3329,SNIa-CN/sn1998V.p0031.dat,Sc,8.541797208091928,0.17,0.01,1.2487104119861094,2.0,1.0
3330,SNII/sn1999em.p0158.dat,Sc,8.54387438536225,0.17,0.01,1.2487701086331329,2.0,1.0
3331,SNIIn/sn2010jl.p0766.dat,Sc,8.559383802753826,0.17,0.01,1.248378608763778,2.0,1.0
3332,SNIIn/sn1988Z.p2563.dat,Sc,8.562908803503401,0.17,0.01,1.2480689362453712,2.0,1.0
3333,SNIIn/sn1988Z.p1819.dat,Sc,8.600109433824757,0.17,0.01,1.2483140237535781,2.0,1.0
3334,SNIIn/sn1998S.p0308.dat,Sc,8.6402479740316,0.17,0.01,1.248033645101942,2.0,1.0
3335,SNII/sn1987A.p0472.dat,Sc,8.77697015405579,0.09,0.01,1.2722302014828613,2.0,1.0
3336,SNII/sn1987A.p0374.dat,Sc,15.421439261680353,0.1,0.01,1.159727841199134,2.0,1.0
3337,SNII/sn1987A.p0008.dat,Sc,29.909593373244824,0.06,0.01,0.6145414635662365,2.0,1.0
3338,SNII/sn1987A.p0018.dat,Sc,68.1778574744465,0.07,0.01,0.10356117031232516,2.0,1.0
3339,SNII/sn1987A.p0014.dat,Sc,95.6100391666958,0.17,0.01,0.0,2.0,1.0
3340,SNII/sn1987A.p0128.dat,Sc,167.48252502889616,0.17,0.01,0.4854640002825315,2.0,1.0
3341,SNII/sn1987A.p0070.dat,Sc,180.1530253946437,0.17,0.01,0.0,2.0,1.0
3342,SNII/sn1987A.p0021.dat,Sc,197.3128686472183,0.17,0.01,0.0,2.0,1.0
3343,SNII/sn1987A.p0027.dat,Sc,275.62822934761726,0.17,0.01,0.0,2.0,1.0
3344,SNII/sn1987A.p0107.dat,Sc,293.7031088634027,0.17,0.01,0.0,2.0,1.0
3345,SNII/sn1987A.p0095.dat,Sc,869.4568257745457,0.17,0.01,0.0,2.0,1.0
3346,SNII/sn1987A.p0073.dat,Sc,1591.6877631032244,0.17,0.01,0.0,2.0,1.0
3347,SNII/sn1987A.p0044.dat,Sc,1700.9332600851496,0.17,0.01,0.0,2.0,1.0
3348,SNII/sn1999br.p0041.dat,Sc,325325.0059388574,0.07,0.01,3.0,2.0,1.0
3349,SNIIn/sn2005kj.p0059.dat,Sc,inf,0.1,0.01344201842634836,0.8076409541709383,-4.1975943265104245,1.0
3350,SLSN-I/snPTF13ajg.p0080.dat,Sc,inf,0.11,0.1104341448821806,0.73146511459914,-2.3406523590339416,1.0
3351,SLSN-I/snPTF13ajg.p0010.dat,Sc,inf,0.11,0.018104529615965564,0.8712323755035924,-3.817560973089412,1.0
3352,SLSN-I/snPTF13ajg.p0046.dat,Sc,inf,0.11,0.018104529615965564,0.8712323755035924,-3.817560973089412,1.0
3353,SLSN-I/sn2010gx.p0057.dat,Sc,inf,0.11,0.017990037964787056,0.8435454648897429,-3.9722387601881133,1.0
3354,SNII/sn2012aw.p0026.dat,Sc,inf,0.03,0.01,0.9136726440794487,-4.3475314161359035,1.0
3355,SNIIn/sn1998S.p0326.dat,Sc,inf,0.1,0.012185079848058325,0.7541177929786353,-4.5,1.0
3356,SNIIn/sn1994Y.p0205.dat,Sc,inf,0.09,0.012931277015810731,0.7732878834118467,-4.290877133989193,1.0
3357,SLSN-I/snPS1-11ky.p0001.dat,Sc,inf,0.11,0.05438150755378617,0.7023102453324107,-3.147253451801095,1.0
3358,SLSN-II/snCSS121015.m0002.dat,Sc,inf,0.06,0.01,1.3146204855838441,2.0,0.9567679771052436
3359,SNII/sn2009N.p0372.dat,Sc,inf,0.03,0.01,1.3303922932131036,2.0,1.0
3360,SNII/sn2012aw.p0009.dat,Sc,inf,0.17,0.01,0.8690385176331622,-4.0099824220399665,1.0
3361,SLSN-I/snSCP06F6.p0001.dat,Sc,inf,0.09,0.04082882739648317,0.6802632734933259,-3.1908760612364375,1.0
3362,SNII/sn2012aw.p0014.dat,Sc,inf,0.11,0.07800358757767277,0.6434834422607052,-2.6259863299344794,1.0
3363,SNIIn/snLSQ12hxg.p0072.dat,Sc,inf,0.1,0.14076327939697855,0.5452932000472662,-2.084938827835216,1.0
3364,SNIb/sn2004gq.p0297.dat,Sc,inf,0.07,0.01,0.8497413079094398,-4.488323168934464,1.0
3365,SNIIn/sn2005kj.p0086.dat,Sc,inf,0.1,0.012749383847591392,0.6658720276697858,-4.5,1.0
3366,SLSN-I/snSCP06F6.m0004.dat,Sc,inf,0.08,0.31328291405347597,0.6300423046051902,-1.5749440629250806,1.0
3367,SLSN-II/snCSS121015.m0003.dat,Sc,inf,0.1,0.37403970171702444,0.3781819933465631,-1.5447320363270811,1.0
3368,SNIIn/sn1994Y.p0182.dat,Sc,inf,0.03,0.01,1.3298037308687356,2.0,1.0
3369,SNIb/sn2005bf.p0213.dat,Sc,inf,0.09,0.011631283383222122,0.8163163458815711,-4.159392835399083,1.0
3370,SNIb/sn2005hg.p0022.dat,Sc,inf,0.07,0.015097480222417902,0.8597258638842925,-3.938734303718909,1.0
3371,SNIc/sn1994I.p0034.dat,Sc,inf,0.11,0.01755514997693905,0.7132369885400347,-3.802661092396989,1.0
3372,SNII/sn2005cs.p0281.dat,Sc,inf,0.03,0.01,1.3284243574498324,2.0,1.0
3373,SNII/sn1999em.p0020.dat,Sc,inf,0.03,0.01,1.3284243574498324,2.0,1.0
3374,SLSN-I/snPS1-10awh.m0018.dat,Sc,inf,0.05,0.03984343223990548,0.8452784471992579,-3.7816774465388785,1.0
3375,SNIa-CSM/sn2011km.p0043.dat,Sc,inf,0.1,0.01,0.9262371090952066,-4.021669119724377,1.0
3376,SNII/sn2012aw.p0007.dat,Sc,inf,0.04,0.01,1.2467079561723142,-2.33071003548407,1.0
3377,SLSN-II/snCSS121015.p0027.dat,Sc,inf,0.09,0.06639022616034014,0.6978053009117262,-2.7002723330134866,1.0
3378,SNIc-bl/sn1998bw.m0009.dat,Sc,inf,0.08,0.012366114264060785,0.8022481901667597,-4.109768337340872,1.0
3379,SLSN-I/sn2010gx.m0005.dat,Sc,inf,0.14,0.01,0.7755567483961872,-4.283252589313206,1.0
3380,SLSN-I/snASASSN-15lh.p0020.dat,Sc,inf,0.14,0.01,0.7755567483961872,-4.283252589313206,1.0
3381,SLSN-I/snSNLS-06D4eu.m0023.dat,Sc,inf,0.14,0.01,0.7755567483961872,-4.283252589313206,1.0
3382,SNIIn/sn1998S.p0467.dat,Sc,inf,0.03,0.01,1.3316242564113279,2.0,1.0
3383,SLSN-I/snPTF13ajg.m0009.dat,Sc,inf,0.08,0.015239390134673422,0.9459528874661127,-4.0092062390963115,0.9634590878267458
3384,SLSN-I/sn2006oz.m0020.dat,Sc,inf,0.09,0.34210372409661116,0.5511293868760977,-1.5916590884636772,1.0
3385,SLSN-I/snPS1-11ky.p0015.dat,Sc,inf,0.09,0.34210372409661116,0.5511293868760977,-1.5916590884636772,1.0
3386,SNIIn/sn2008S.p0073.dat,Sc,inf,0.1,0.01,0.9523495826981369,-4.165863573678771,1.0
3387,SNII/sn2012aw.p0305.dat,Sc,inf,0.03,0.01,1.330094781303072,2.0,1.0
3388,SNIIn/sn2006bo.p0011.dat,Sc,inf,0.17,0.01,0.8753217857285198,-3.832748738936853,1.0
3389,SNII/sn1987A.p0001.dat,Sc,inf,0.03,0.01,1.3271555164830697,2.0,1.0
3390,SLSN-I/sn2010gx.p0010.dat,Sc,inf,0.11,0.020156051189849877,0.7852385944142917,-3.5863048759134655,1.0
3391,SNII/sn2012aw.p0005.dat,Sc,inf,0.09,0.01,0.8659325034594505,-4.10614840139332,1.0
3392,SLSN-I/snSCP06F6.m0016.dat,Sc,inf,0.11,0.012260270369887905,0.8484942434039542,-4.153564969914387,1.0
3393,SLSN-I/snPS1-11bam.p0005.dat,Sc,inf,0.11,0.037179394110441896,0.750062836093426,-3.0839076715829243,1.0
3394,SLSN-I/snPS1-11bam.p0003.dat,Sc,inf,0.11,0.1157208900469115,0.8003449019491548,-2.4022159997425674,1.0
3395,SLSN-I/snPTF13ajg.p0027.dat,Sc,inf,0.11,0.1157208900469115,0.8003449019491548,-2.4022159997425674,1.0
3396,SLSN-I/snPS1-10awh.p0013.dat,Sc,inf,0.12,0.7215536590720908,0.5338922843869377,-0.9909598007835961,1.0
3397,SLSN-I/snSNLS-07D2bv.m0164.dat,Sc,inf,0.11,0.01,0.8168295791525308,-4.258027127354532,1.0
3398,SLSN-I/snPTF13ajg.m0008.dat,Sc,inf,0.13,0.011151838814735691,0.8004923723453562,-4.5,1.0
3399,SNII/sn2009N.p0025.dat,Sc,inf,0.11,0.01,0.8206376142685922,-4.276731741930371,1.0
3400,SLSN-I/snASASSN-15lh.p0015.dat,Sc,inf,0.13,0.011151838814735691,0.8004923723453562,-4.5,1.0
3401,SLSN-IIn/sn2006gy.p0023.dat,Sc,inf,0.12,0.010650737467309048,0.7003160836351885,-4.5,1.0
3402,SNIIb/sn1993J.p0067.dat,Sc,inf,0.09,0.01,0.8169437065881233,-4.444579806235189,1.0
3403,SNIIb/sn2008ax.p0031.dat,Sc,inf,0.09,0.01,0.8169437065881233,-4.444579806235189,1.0
3404,SNII/sn2012aw.p0015.dat,Sc,inf,0.11,0.2884003399973674,0.4713041120483045,-1.4065872220780282,1.0
3405,SNII/sn2009N.p0046.dat,Sc,inf,0.09,0.01,0.7985608525915201,-4.222628353260695,1.0
3406,SNII/sn1987A.p0061.dat,Sc,inf,0.03,0.01,1.3225099417912063,2.0,1.0
3407,SNIIn/sn2008S.m0008.dat,Sc,inf,0.03,0.01,1.3310670410149246,2.0,1.0
3408,SNIIn/sn1998S.p1083.dat,Sc,inf,0.03,0.01,1.3310670410149246,2.0,1.0
3409,Gap/sn2019abn.m0013.dat,Sc,inf,0.11,0.011503066443622754,0.6939822827053489,-4.5,1.0
3410,SNIa-CL/sn1999by.m0002.dat,Sc,inf,0.11,0.010920240614367615,0.8616384791294811,-3.6819082864368946,1.0
3411,SNIa-CL/sn1999by.p0002.dat,Sc,inf,0.07,0.01,0.9362174415858497,-3.7945991662404754,1.0
3412,SLSN-I/snPS1-11ky.m0002.dat,Sc,inf,0.11,0.020156051189849877,0.7852385944142917,-3.5863048759134655,1.0
3413,SNII/sn2012aw.p0012.dat,Sc,inf,0.07,0.01,0.10356117031232516,2.0,1.0
3414,SNIa-BL/sn2006cj.m0002.dat,Sc,inf,0.11,0.012673515792222126,0.7477006782749429,-4.434918131145859,1.0
3415,SNIb/sn2008D.m0013.dat,Sc,inf,0.09,0.01,0.8153498508869128,-4.273187743500315,1.0
3416,SNIa-CL/sn1999by.p0011.dat,Sc,inf,0.07,0.01207547093328089,0.9091410383598096,-3.7894508665233735,1.0
3417,SNII/sn1987A.p0085.dat,Sc,inf,0.09,0.01,0.8659325034594505,-4.10614840139332,1.0
3418,SNII/sn1987A.p0251.dat,Sc,inf,0.09,0.01,0.8791395644355714,-4.346131722521134,1.0
3419,SLSN-II/sn2008es.m0011.dat,Sc,inf,0.11,0.3305625629145075,0.5636587677558108,-1.502543717084294,1.0
3420,SNIIn/sn2006jd.p1151.dat,Sc,inf,0.1,0.01,0.8721166276225135,-4.5,1.0
3421,SLSN-I/snLSQ12dlf.p0008.dat,Sc,inf,0.09,0.01,0.8506140368488619,-4.047266873709096,1.0
3422,SLSN-I/snPTF13ajg.p0025.dat,Sc,inf,0.09,0.01315093989046251,0.8223018474834461,-3.9186265225723926,1.0
3423,SNIIn/sn2007pk.p0080.dat,Sc,inf,0.09,0.01,0.776000814353492,-4.447750528812838,1.0
3424,SNIa-CN/sn1998bu.max.dat,Sc,inf,0.05,0.010956227936542764,0.9577791921200427,-4.339228880870957,0.9560342918282251
3425,SNIIn/sn1998S.p0298.dat,Sc,inf,0.1,0.06751846874146389,0.6262407460974777,-2.8910238256989307,0.9688088628495765
3426,SLSN-I/snPS1-11ky.p0026.dat,Sc,inf,0.11,0.07977862140586096,0.7622882061486108,-2.7516042864096315,1.0
3427,SNIa-BL/sn1999cl.p0005.dat,Sc,inf,0.11,0.01,0.9336712459063207,-3.858240437492359,1.0
3428,SNIa-CN/sn1998aq.m0004.dat,Sc,inf,0.06,0.01148433173802237,0.9015999490225389,-4.5,1.0
3429,SLSN-I/sn2010gx.p0021.dat,Sc,inf,0.11,0.018861876751829307,0.8018412977799391,-3.8325302875265317,1.0
3430,SNII/sn2009N.p0057.dat,Sc,inf,0.11,0.01,0.8084265045825176,-4.3591656124322675,1.0
3431,SLSN-I/snASASSN-15lh.p0031.dat,Sc,inf,0.11,0.034727845610976416,0.8002901728578289,-2.976029817410948,1.0
3432,SLSN-IIn/snPTF10scc.p0067.dat,Sc,inf,0.03,0.01,1.3313396757154032,2.0,1.0
3433,SNIIn/sn1998S.p0689.dat,Sc,inf,0.03,0.01,1.3314075865245438,2.0,1.0
3434,SLSN-I/snPS1-10awh.p0006.dat,Sc,inf,0.11,0.01,0.8585538773578654,-4.357159851704237,1.0
3435,SNIc/sn1994I.p0033.dat,Sc,inf,0.11,0.08174455390438704,0.791599346389537,-2.0800388480948118,1.0
