I,SN,gal,Chi^2,z,cSN,cgal,Av,sfrac
0,SNIa-BL/sn2001ep.p0047.dat,E,0.00032425112898088783,0.1,1.0008847726688084,0.0,-0.00037106327227046814,1.0
1,SNIa-CN/sn2005cf.p0045.dat,E,1.8323324922396707,0.1,0.7104124828035098,0.0070421203251693236,-0.2662132704310939,1.0
2,SNIa-BL/sn2007bm.p0045.dat,E,1.930000656897196,0.1,0.3380774232295014,0.050715392123267464,-1.0804300118747068,1.0
3,SNIa-CL/sn2007bc.p0043.dat,E,1.9359889118017242,0.1,1.3399743755885898,0.07040784465164689,0.4369854768512377,1.0
4,SNIa-CN/sn2005cf.p0043.dat,E,2.0714923572541917,0.1,0.7693170485892002,0.019105949486879475,-0.14262098901699888,1.0
5,SNIa-BL/sn2007af.p0039.dat,E,2.1474992922877494,0.1,0.4328019073697684,0.07082137546802351,-0.7164781666614048,1.0
6,SNIa-BL/sn1998dh.p0045.dat,E,2.3486546942403512,0.1,0.7381023274776208,0.05795372149759297,-0.15426468615205943,1.0
7,SNIa-BL/sn1998dh.p0043.dat,E,2.367312228166805,0.1,0.7007670353643396,0.03751066328216824,-0.2533855491273462,1.0
8,SNIa-CN/sn1999ac.p0041.dat,E,2.377016354359391,0.1,0.9413654505545005,0.0,-0.045421192215648054,1.0
9,SNIa-BL/sn2007bm.p0038.dat,E,2.4546945882800544,0.1,0.18688681190167616,0.10159652383303575,-1.6578684593801374,1.0
10,SNIa-CN/sn2002fk.p0042.dat,E,2.5418319385787784,0.1,1.3057260855111719,0.0,0.3105335671221005,1.0
11,SNIa-BL/sn1998dh.p0040.dat,E,2.629967252412924,0.1,0.48141795765649725,0.03791652002501268,-0.6602366398015931,1.0
12,SNIa-CN/sn1998bu.p0040.dat,E,2.692424617803912,0.1,0.40457423985077334,0.0,-1.0034468069812679,1.0
13,SNIa-CN/sn1994ae.p0039.dat,E,2.806484965472951,0.1,1.0601744672503692,0.0,0.10127302709242879,1.0
14,SNIa-CN/sn1995D.p0042.dat,E,2.8313111972965643,0.1,1.1531441251406311,0.0,0.17007860427602822,1.0
15,SNIa-CN/sn1999ac.p0039.dat,E,2.851264004233356,0.1,0.9242416365612837,0.0,-0.05270791745198692,1.0
16,SNIa-CN/sn2002fk.p0037.dat,E,2.859901796508418,0.1,1.0274804045470187,0.0,0.04982284963146965,1.0
17,SNIa-CN/sn1998bu.p0039.dat,E,2.861519785849008,0.1,0.2920871876755518,0.0,-1.398872618400269,1.0
18,SNIa-BL/sn2001ep.p0057.dat,E,2.887099598538929,0.1,1.7667109175675624,0.0,0.6149027190142918,1.0
19,SNIa-BL/sn2002dp.p0037.dat,E,2.887456396399304,0.1,0.6447547531708868,0.0,-0.39586352830570265,1.0
20,SNIa-CN/sn1998bu.p0041.dat,E,2.8998855360695384,0.1,0.32554817737476915,0.0,-1.262226115181245,1.0
21,SNIa-CN/sn1998bu.p0037.dat,E,2.9005290384752636,0.1,0.3790321942996207,0.0,-1.0479979928058565,1.0
22,SNIa-BL/sn1997E.p0041.dat,E,2.9174467351407984,0.1,1.8145792106623562,0.0,0.6612198523466722,1.0
23,SNIa-CN/sn2000dn.p0046.dat,E,2.932995587212646,0.1,2.0775756376564685,0.04110394751171667,0.7803043779144736,1.0
24,SNIa-CN/sn1995D.p0038.dat,E,2.978664185917391,0.1,0.9803904211133279,0.0,0.1826251109423082,1.0
25,SNIa-CN/sn2002fk.p0044.dat,E,2.9990236212339987,0.1,1.3178294065276839,0.0,0.3263852084463865,1.0
26,SNIa-CN/sn1998bu.p0036.dat,E,3.111259030379145,0.1,0.3226586076062359,0.0,-1.2250316357175375,1.0
27,SNIa-CL/sn2007hj.p0037.dat,E,3.1356291064882345,0.1,0.6190764345450689,0.0,-0.4894002927300998,1.0
28,SNIa-CN/sn1998bu.p0038.dat,E,3.2149383849088973,0.1,0.28406064927034397,0.03000672079549418,-1.3541731966657913,1.0
29,SNIa-CN/sn1999ac.p0037.dat,E,3.217829782671044,0.1,0.8371169624974114,0.0,-0.15373316314654625,1.0
30,SNIa-CN/sn1998V.p0044.dat,E,3.234795900734742,0.1,0.6984976577204745,0.0,-0.30252543048584113,1.0
31,SNIa-CN/sn1998bu.p0042.dat,E,3.2786098716436625,0.1,0.5550145776851516,0.006263386846589461,-0.6295087545060306,1.0
32,SNIa-CN/sn1998bu.p0035.dat,E,3.297414955078957,0.1,0.29691516898784803,0.0,-1.3338796173867948,1.0
33,SNIa-CN/sn1998bu.p0043.dat,E,3.358810929066237,0.1,0.5568082160361698,0.007219047396165738,-0.619744347739465,1.0
34,SNIa-CN/sn2003kf.p0041.dat,E,3.3692906165022,0.1,0.3847830847393685,0.0,-0.8502287269158277,1.0
35,SNIa-BL/sn2001ep.p0061.dat,E,3.4456351303257944,0.1,1.9975637874097805,0.021777251234633543,0.7514788458258114,1.0
36,SNIa-CN/sn2003du.p0049.dat,E,3.4539060589848134,0.1,1.7867088080916014,0.0,0.6490030948749502,1.0
37,SNIa-CN/sn2003kf.p0042.dat,E,3.4540624247595364,0.1,0.48625078665484817,0.0,-0.7800940956017542,1.0
38,SNIa-CN/sn1994ae.p0035.dat,E,3.5513006668764513,0.1,0.8376191104586056,0.0,-0.129858969800077,1.0
39,SNIa-CN/sn2003kf.p0040.dat,E,3.587622879611911,0.1,0.594185491846082,0.003981409963112616,-0.5387836233570643,1.0
40,SNIa-CN/sn2002ck.p0037.dat,E,3.665591718249326,0.1,0.8228169866486644,0.0,-0.19010920385393734,1.0
41,SNIa-CN/sn2002fk.p0030.dat,E,3.6923362938472506,0.1,0.7846504679351938,0.0,-0.21254066621127515,1.0
42,SNIa-BL/sn1999gh.p0042.dat,E,3.701706005286201,0.1,0.8805559707099788,0.06742110797786409,-0.05712518054087569,1.0
43,SNIa-CL/sn2007bc.p0036.dat,E,3.7286039067714833,0.1,0.5884084076545855,0.09557456839805299,-0.36951141793205233,1.0
44,SNIa-CN/sn1998bu.p0033.dat,E,3.7421487964296287,0.1,0.31073458347358873,0.0,-1.2900297640750003,1.0
45,SNIa-CL/sn2000dk.p0033.dat,E,3.7565690663473386,0.1,1.225565288101875,0.0,0.24282999316847587,1.0
46,SNIa-CN/sn1999ac.p0027.dat,E,3.7603023736853665,0.1,0.5827817247037526,0.0,-0.5405289681508386,1.0
47,SNIa-BL/sn2007af.p0034.dat,E,3.7614687752887566,0.1,0.37466827771761096,0.06468961152128015,-0.948875837045695,1.0
48,SNIa-BL/sn1998dh.p0036.dat,E,3.771483858630732,0.1,0.4776760871279123,0.046140392729000085,-0.6660042807588575,1.0
49,SNIa-CL/sn1999by.p0033.dat,E,3.8704779668692804,0.1,1.0322654212843405,0.08990570679735245,0.21312526586454233,1.0
50,SNIa-BL/sn1999gh.p0040.dat,E,3.8756510371739137,0.1,0.8624759484404918,0.0872706054170733,-0.00492338277871483,1.0
51,SNIa-CN/sn1998dm.p0041.dat,E,3.8794906351345535,0.1,0.48143200631502125,0.0,-0.8768391920961764,1.0
52,SNIa-BL/sn2007bm.p0034.dat,E,3.891340256331402,0.1,0.13906374738061045,0.16509073845911978,-1.9856955559892615,1.0
53,SNIa-CN/sn2003du.p0051.dat,E,3.9265397548999603,0.1,2.215385452503129,0.0,0.8685855120375746,1.0
54,SNIa-BL/sn2001ep.p0035.dat,E,3.9270674722976366,0.1,0.5226587401862868,0.12815197087522542,-0.4765864091164336,1.0
55,SNIa-CL/sn1999by.p0031.dat,E,3.93806707389642,0.1,0.8925390205994441,0.061374958838829104,0.03288336081971758,1.0
56,SNIa-CN/sn1994ae.p0029.dat,E,3.9490055169106837,0.1,0.787408869440642,0.0,-0.2253279074590013,0.985154838709677
57,SNIa-CN/sn2002jy.p0033.dat,E,3.9707053562103245,0.1,0.5708045800672413,0.0,-0.42017930993927566,1.0
58,SNIa-CN/sn1999ac.p0029.dat,E,3.9816294764524898,0.1,0.6147558650487708,0.01670215408735916,-0.45719916657388604,1.0
59,SNIa-BL/sn2002bo.p0045.dat,E,3.9923525640162563,0.1,0.30073431142474566,0.09533908097015456,-1.179953447339889,1.0
60,SNIa-BL/sn2005am.p0039.dat,E,4.008421354060635,0.1,0.829032106799301,0.09158752904585016,0.007598880983874508,1.0
61,SNIa-SS/sn1998es.p0051.dat,E,4.013987044957935,0.1,1.3247317237969907,0.0,0.30519092491676536,1.0
62,SNIa-SS/sn2001V.p0047.dat,E,4.046296136308204,0.1,1.203506598927279,0.0,0.27548736400667856,1.0
63,SNIa-CN/sn1998V.p0041.dat,E,4.052108387353083,0.1,2.0728134770687263,0.0,0.7519738646023326,1.0
64,SNIa-SS/sn2001V.p0052.dat,E,4.064105526587597,0.1,1.2023674742892445,0.0,0.38893176962992665,1.0
65,SNIa-SS/sn1999aa.p0044.dat,E,4.077369546737773,0.1,1.1006466243553994,0.0,0.14384097641401883,1.0
66,SNIa-SS/sn1999dq.p0048.dat,E,4.08852565074848,0.1,0.30280139823200414,0.4087926583133765,-0.685925151112341,1.0
67,SNIa-CN/sn1994D.p0040.dat,E,4.092840449785961,0.1,1.3188937353478083,0.025883454425147605,0.3904420830232165,1.0
68,SNIa-CL/sn1999by.p0029.dat,E,4.15161942456422,0.1,0.7869296012385603,0.05537555693603583,-0.09819467941553613,1.0
69,SNIa-SS/sn2001V.p0050.dat,E,4.154827884728061,0.1,1.3667350468456667,0.0,0.42556979015477864,1.0
70,SNIa-BL/sn2002bo.p0043.dat,E,4.156132683424989,0.1,0.38132469939007146,0.08441116733525537,-0.9042321129587932,1.0
71,SNIa-CN/sn1999ac.p0035.dat,E,4.1584794704704695,0.1,0.6789585792246646,0.013355351768866265,-0.37898792539328957,1.0
72,SNIa-CL/sn2007hj.p0033.dat,E,4.166004989499975,0.1,0.521903444342847,0.038051907868741096,-0.5622060195826452,1.0
73,SNIa-BL/sn2002bo.p0040.dat,E,4.170237988844913,0.1,0.31940725957186905,0.09634899929533856,-1.1076746971105838,1.0
74,SNIa-SS/sn2001V.p0049.dat,E,4.197639920032618,0.1,1.242570536316705,0.0,0.2960347248549068,1.0
75,SNIa-SS/sn1998es.p0044.dat,E,4.235297573645854,0.1,0.9503891303849741,0.0,-0.003279282801094028,1.0
76,SNIa-SS/sn1999aa.p0048.dat,E,4.2529670591012,0.1,1.6160545207144257,0.0,0.5371407946182303,1.0
77,SNIa-BL/sn2007af.p0058.dat,E,4.280902512401516,0.1,1.1866300495690332,0.13689980102209626,0.391873939086638,1.0
78,SNIa-CN/sn2007fs.p0048.dat,E,4.3011664828336045,0.1,1.2661783985726065,0.011557758372492838,0.31385386971173956,1.0
79,SNIa-CN/sn1999ac.p0025.dat,E,4.3117560642964845,0.1,0.6666174278277611,0.01347907026524269,-0.36673420545070856,1.0
80,SNIa-CN/sn1998dm.p0049.dat,E,4.313984594479836,0.1,0.637843437895739,0.0,-0.5341465785857115,1.0
81,SNIa-SS/sn1999aa.p0046.dat,E,4.31448872029,0.1,1.7152250813254453,0.0,0.6067477627157202,1.0
82,SNIa-CN/sn2001fe.p0031.dat,E,4.316226107586462,0.1,0.5846939441436467,0.015358208322865222,-0.47157661580079496,1.0
83,SNIa-SS/sn1999aa.p0042.dat,E,4.320932964817212,0.1,1.2463585707292566,0.0,0.2765543392079787,1.0
84,SNIa-BL/sn2006cp.p0042.dat,E,4.335379429470415,0.1,0.7322831246553619,0.05782374512305222,-0.20072618695790234,1.0
85,SNIa-BL/sn2002bo.p0049.dat,E,4.386058655845073,0.1,0.46467785424900554,0.047766976135055844,-0.7662326499683657,1.0
86,SNIa-CL/sn2007bc.p0060.dat,E,4.392490550879528,0.1,2.372565647162238,0.10499116680400941,1.017439187624916,1.0
87,SNIa-CN/sn1999ac.p0062.dat,E,4.41288205686118,0.1,2.137064831951594,0.11767511108507205,0.9251226386530489,1.0
88,SNIa-CN/sn2006lf.p0038.dat,E,4.470152716759509,0.1,0.17559935034530474,0.0,-1.9931105236769158,1.0
89,SNIa-CN/sn1998bu.p0034.dat,E,4.476242679297686,0.1,0.22133216228988278,0.0,-1.7216327777972396,1.0
90,SNIa-SS/sn2001V.p0057.dat,E,4.509448548695094,0.1,1.4803112282214974,0.028847879723219175,0.5227228556815986,1.0
91,SNIa-SS/sn2001V.p0053.dat,E,4.551399298611885,0.1,1.1211584975469595,0.08401880689142854,0.2922768438497766,1.0
92,SNIa-CL/sn2005ke.p0031.dat,E,4.557214443800275,0.1,0.6868456111893749,0.04262574382566225,-0.33848181693903584,1.0
93,SNIa-CN/sn2004at.p0030.dat,E,4.562281127041405,0.1,0.7912736648608708,0.0,-0.19896184021049212,1.0
94,SNIa-SS/sn2005M.p0032.dat,E,4.567760582079592,0.1,0.6292020144300178,0.004840326197713587,-0.37906504840370897,1.0
95,SNIa-CN/sn2003du.p0033.dat,E,4.575476693982203,0.1,0.6132150748495072,0.01591248499305783,-0.46742840972691624,1.0
96,SNIa-SS/sn2001V.p0048.dat,E,4.582622055469734,0.1,0.883434844599482,0.05127485119990388,0.02040720292187308,1.0
97,SNIa-CN/sn1999ac.p0031.dat,E,4.601090924534112,0.1,0.5795014674925626,0.0,-0.5598610558343673,1.0
98,SNIa-BL/sn2001ep.p0033.dat,E,4.649135549027578,0.1,0.7559288872063088,0.0,-0.2697442623756794,1.0
99,SNIa-BL/sn1999gh.p0036.dat,E,4.657443692514943,0.1,0.49548422841672163,0.13066162795699074,-0.5081098634332712,1.0
100,SNIa-CN/sn1998bu.p0031.dat,E,4.658834449964731,0.1,0.27787263595135436,0.00022034942735902209,-1.421844721553478,1.0
101,SNIa-CN/sn2007F.p0032.dat,E,4.680218305509879,0.1,0.4803791512402884,0.048910785161850254,-0.6397167145126659,1.0
102,SNIa-BL/sn2007af.p0032.dat,E,4.693334659108787,0.1,0.36080352474318395,0.09912842581270609,-0.9474528445983342,1.0
103,SNIa-CN/sn1994D.p0043.dat,E,4.754792458072876,0.1,1.1665572613266897,0.10168927634938482,0.33853035667263043,1.0
104,SNIa-BL/sn2002bo.p0051.dat,E,4.784741862724343,0.1,0.47315468935928734,0.08872252679418047,-0.7198048633854282,1.0
105,SNIa-BL/sn1999gh.p0034.dat,E,4.80511238658319,0.1,0.593665203972972,0.12374260084268095,-0.33177865778171867,1.0
106,SNIa-CN/sn2005cf.p0028.dat,E,4.807089831838051,0.1,0.29317669675784314,0.09631908291128337,-1.1665049794262552,1.0
107,SNIa-BL/sn2002ha.p0035.dat,E,4.811316330825819,0.1,1.3502982944909752,0.03893962029307905,0.36476630486906864,1.0
108,SNIa-BL/sn2007af.p0028.dat,E,4.836755886573952,0.1,0.3252737574488227,0.1355768318270399,-1.0164924256019654,1.0
109,SNIa-CN/sn2001fe.p0038.dat,E,4.845130933072639,0.1,0.881184561528011,0.0,-0.06394694605671222,1.0
110,SNIa-CN/sn1998bu.p0032.dat,E,4.85649895983845,0.1,0.18154585045051455,0.0,-2.0,1.0
111,SNIa-CL/sn1998bp.p0030.dat,E,4.859480711270441,0.1,0.951143136576328,0.0,-0.025663403874762125,1.0
112,SNIa-CN/sn2002jy.p0031.dat,E,4.902245330713026,0.1,0.6397603091033277,0.00772769758729362,-0.45913013736414743,1.0
113,SNIa-CN/sn1996X.p0049.dat,E,4.904289428769012,0.1,0.8928652439572368,0.07368859554918278,0.03562554323928417,1.0
114,SNIa-CN/sn2005cf.p0027.dat,E,4.923984190295287,0.1,0.48531878515990484,0.08300076124278459,-0.5550395166554313,1.0
115,SNIa-CN/sn1999ac.p0033.dat,E,4.932626763807854,0.1,0.6091140808853025,0.0,-0.5046006700916585,1.0
116,SNIa-CN/sn1998aq.p0035.dat,E,4.944896217488182,0.1,0.8401814758732394,0.008947223446023814,-0.07293583473701909,1.0
117,SNIa-BL/sn2005am.p0036.dat,E,4.983244136966034,0.1,0.4934460042552816,0.22164364640874798,-0.39826814876089467,1.0
118,SNIa-CN/sn2005cf.p0029.dat,E,4.985788037645628,0.1,0.3823861855129728,0.11272917540386353,-0.8314603369690897,1.0
119,SNIa-BL/sn2006cp.p0040.dat,E,4.991242002653236,0.1,0.560328727091555,0.07590254228104065,-0.47925132896071576,1.0
120,SNIa-CL/sn1999by.p0042.dat,E,5.014373503512782,0.1,1.452546832200089,0.15791638461834098,0.5248996412619784,1.0
121,SNIa-CL/sn1999by.p0025.dat,E,5.036560731020576,0.1,0.5426628752746465,0.040502562789460544,-0.5316044129089657,1.0
122,SNIa-CL/sn2005ke.p0028.dat,E,5.048879368384993,0.1,0.6434882044693098,0.0034002992541270365,-0.43504926314230996,1.0
123,SNIa-CN/sn2007ca.p0035.dat,E,5.072819481123328,0.1,0.41305995387371,0.0,-0.9857691021115655,1.0
124,SNIa-BL/sn2002he.p0035.dat,E,5.079808340755793,0.1,1.1910286698186174,0.0,0.20325993612759907,1.0
125,SNIa-SS/sn1999aa.p0029.dat,E,5.092150271842021,0.1,1.050751958153858,0.0,0.15066243047916367,1.0
126,SNIa-CN/sn2001fe.p0034.dat,E,5.092376306191859,0.1,0.642652074105236,0.0,-0.373219200977806,1.0
127,SNIa-CN/sn2005cf.p0026.dat,E,5.1533182014241525,0.1,0.5781798698976828,0.06660340374403954,-0.3676440401930991,1.0
128,SNIa-CN/sn2008ar.p0028.dat,E,5.157040180456624,0.1,0.5913974283876677,0.010596631009484917,-0.4946953693506184,1.0
129,SNIa-CN/sn2006lf.p0040.dat,E,5.188698136341923,0.1,0.2547651374044457,0.0,-1.5850002878828453,1.0
130,SNIa-CN/sn1998bu.p0027.dat,E,5.229843372669505,0.1,0.2163596540683718,0.03810550471317208,-1.6914846734039428,1.0
131,SNIa-CN/sn2008bf.p0039.dat,E,5.232405130889893,0.11000000000000001,0.657867181611679,0.01676836324583451,-0.39642817360382665,1.0
132,SNIa-CL/sn2004gs.p0031.dat,E,5.232938137212338,0.1,0.37224947637541533,0.21574488006218473,-0.7788847996619995,1.0
133,SNIa-CN/sn2005el.p0030.dat,E,5.240388119440215,0.1,0.7315690454831204,0.0,-0.2657865994550256,1.0
134,SNIa-BL/sn2007af.p0031.dat,E,5.248085594891596,0.1,0.24201494136093835,0.08627595926127737,-1.46954563910614,1.0
135,SNIa-BL/sn2006cp.p0041.dat,E,5.318925315379267,0.1,1.1723704022782584,0.0,0.09876953482669434,1.0
136,SNIa-CN/sn2003du.p0028.dat,E,5.3458787425430625,0.1,0.8916381440285801,0.0,-0.04052795198907277,1.0
137,SNIa-BL/sn2007af.p0061.dat,E,5.348694310578252,0.1,1.3731537772902005,0.15800893746175865,0.5501564866886196,1.0
138,SNIa-CN/sn1998bu.p0030.dat,E,5.369292051966331,0.1,0.17734109464180212,0.021986918006799246,-1.9565088406177191,1.0
139,SNIa-CN/sn1998bu.p0028.dat,E,5.380734630678917,0.1,0.22276200487935996,0.01675659333028401,-1.6968824549520014,1.0
140,SNIa-SS/sn1998es.p0029.dat,E,5.387772260724726,0.1,0.6329923716139949,0.01134711546523143,-0.3766650521193171,1.0
141,SNIa-SS/sn2008Z.p0042.dat,E,5.408984218606993,0.1,0.6093390723108721,0.0,-0.4040022146418226,1.0
142,SNIa-CN/sn2008bf.p0042.dat,E,5.4097758453193405,0.11000000000000001,1.0971334753278625,0.0,0.1418049688614192,1.0
143,SNIa-BL/sn1995al.p0044.dat,E,5.451216895329605,0.1,0.7968487553277444,0.02887082015966799,-0.11985282855205871,1.0
144,SNIa-SS/sn2005M.p0040.dat,E,5.458080859028579,0.1,0.428301807094137,0.126517502876892,-0.7170492058600454,1.0
145,SNIa-SS/sn2001eh.p0033.dat,E,5.458851304795571,0.1,0.7482104970710538,0.0,-0.29099915567804846,1.0
146,SNIa-BL/sn2002ha.p0032.dat,E,5.4657306999065485,0.1,1.443351595814096,0.030095638735704977,0.3937212199544948,1.0
147,SNIa-CN/sn1999gd.p0034.dat,E,5.472517629241905,0.1,0.1250512139046429,0.31613304143748405,-2.0,1.0
148,SNIa-CN/sn2007fs.p0051.dat,E,5.478467618305588,0.1,1.3059057323328584,0.06359719913898917,0.4155382951875176,1.0
149,SNIa-BL/sn2004dt.p0044.dat,E,5.488881313437199,0.1,1.0608758497653668,0.010124758675933349,0.08997474286705838,1.0
150,SNIa-SS/sn2005M.p0028.dat,E,5.503074845311344,0.1,0.8022185132110924,0.0,-0.22945426928422485,1.0
151,SNIa-CL/sn1997cn.p0043.dat,E,5.506136641658858,0.1,2.525727367190369,0.15843201931344644,1.2562441133079363,1.0
152,SNIa-BL/sn1997bq.p0047.dat,E,5.511860129917321,0.1,0.6993849877863834,0.12115901808720893,-0.22440617771034332,1.0
153,SNIa-CN/sn2006lf.p0046.dat,E,5.521983720583548,0.1,0.1944342815977689,0.05562127314237074,-1.7602939866721212,1.0
154,SNIa-CN/sn1997Y.p0023.dat,E,5.547153568757361,0.1,1.22988684467541,0.0,0.3281582002381672,1.0
155,SNIa-BL/sn2001ep.p0032.dat,E,5.591580342240874,0.1,0.5570216670370917,0.016261517076937567,-0.5802743932581135,1.0
156,SNIa-BL/sn2006ac.p0036.dat,E,5.6057906805449065,0.1,0.7924169383833051,0.07574813482558884,-0.14904822292513073,1.0
157,SNIa-CSM/sn2011km.p0040.dat,E,5.6352136999641855,0.1,1.1273502878692634,0.0,0.22911462082450929,1.0
158,SNIa-CL/sn2004gs.p0032.dat,E,5.635797228277683,0.1,0.5395953989975741,0.30516710501742805,-0.39170084550384576,1.0
159,SNIa-BL/sn2007af.p0024.dat,E,5.636688164268092,0.1,0.5942977995232153,0.06811758654566626,-0.3488017196163433,1.0
160,SNIa-SS/sn2001V.p0040.dat,E,5.640493916152863,0.1,0.7425875542859278,0.08441275621589556,-0.10341078715454888,1.0
161,SNIa-SS/sn1999aa.p0050.dat,E,5.694310727902638,0.1,1.6456509002685764,0.005111109069886712,0.5366108119675091,1.0
162,SNIa-CN/sn2000fa.p0042.dat,E,5.695345867849783,0.1,0.6935534902073481,0.038753746244037865,-0.31112548465466017,1.0
163,SNIa-CN/sn1998aq.p0033.dat,E,5.695548645486231,0.1,0.8517562777118577,0.03697729989003034,-0.04466972955600705,1.0
164,SNIa-CL/sn2006hb.p0030.dat,E,5.728303749487867,0.1,0.6773089805341573,0.07859609745549874,-0.1787883878125848,1.0
165,SNIa-BL/sn2001ep.p0021.dat,E,5.749914942723327,0.1,0.7005398994554436,0.07028455169420482,-0.19453717975538146,1.0
166,SNIa-SS/sn1999aa.p0028.dat,E,5.752788232428135,0.1,1.2243987282594284,0.0,0.2905383205115848,1.0
167,SNIa-CN/sn1998bu.p0029.dat,E,5.758574854108976,0.1,0.18941716526904162,0.00032160359627422444,-1.9060134844934313,1.0
168,SNIa-CL/sn2005ke.p0026.dat,E,5.762544334433528,0.1,0.5676300902240047,0.011305820892038217,-0.5927027003734683,1.0
169,SNIa-CL/sn1998bp.p0028.dat,E,5.762925187039077,0.1,0.6228579720160194,0.0,-0.4888811881041438,1.0
170,SNIa-BL/sn2001bf.p0042.dat,E,5.764354216334059,0.1,0.9452418461941442,0.016757536175283094,0.01015575546165298,1.0
171,SNIa-SS/sn2001V.p0028.dat,E,5.764621933342245,0.1,0.8917818781709401,0.010255757152442497,0.008273924187035483,1.0
172,SNIa-BL/sn2006ac.p0034.dat,E,5.787649551625849,0.1,0.9151755982527958,0.014641702716562507,-0.08904967952110723,1.0
173,SNIa-CN/sn2007F.p0053.dat,E,5.801947102838908,0.1,1.0644051622231068,0.12695959583111513,0.24154870663656094,1.0
174,SNIa-SS/sn1999aa.p0052.dat,E,5.8738442717125245,0.1,1.8785551073355131,0.023953176735578875,0.7070443630634103,1.0
175,SNIa-BL/sn2002dp.p0023.dat,E,5.877876681066455,0.1,0.5601379799750448,0.032618518143386864,-0.47407729203720494,1.0
176,SNIa-SS/sn2007S.p0034.dat,E,5.9038705217145715,0.1,0.24393085661229197,0.0022833965518599484,-1.4993743065186877,1.0
177,SNIa-CN/sn2003du.p0056.dat,E,5.914801941579158,0.1,1.8385567888642578,0.02228181986826482,0.6852438487324286,1.0
178,SNIa-CN/sn2001G.p0031.dat,E,5.924124284711283,0.1,0.8267213307774802,0.0,-0.16771909910820298,1.0
179,SNIa-CN/sn2006lf.p0050.dat,E,5.927917962533142,0.1,0.3598817579745379,0.0,-1.1947176377694473,1.0
180,SNIa-BL/sn2002bo.p0054.dat,E,5.9467033935951745,0.1,0.5487833388042236,0.11668202562026074,-0.33967495972207096,1.0
181,SNIa-CN/sn1998aq.p0030.dat,E,5.969997780007269,0.1,0.7494210617151105,0.06837061005141576,-0.14844962781522367,1.0
182,SNIa-CN/sn1999gd.p0026.dat,E,5.979199967703192,0.1,0.48552122872589804,0.0,-0.8176216957478311,1.0
183,SNIa-CN/sn2005cf.p0025.dat,E,5.996615777227612,0.1,0.5572934495049879,0.04489596928584664,-0.4353737740932876,1.0
184,SNIa-CN/sn2007ca.p0038.dat,E,6.026726545508195,0.1,0.7196016077306937,0.0,-0.4201834099279109,1.0
185,SNIa-CN/sn1994D.p0046.dat,E,6.064485477951676,0.1,1.6010603204733829,0.04847301121752792,0.6212732136897852,1.0
186,SNIa-SS/sn2001az.p0044.dat,E,6.083307152869768,0.1,0.9321709367651482,0.07770719845015414,0.1969393425585635,1.0
187,SNIa-CN/sn1998aq.p0031.dat,E,6.114931938671335,0.1,0.7983051739277359,0.07266828679279161,-0.0751430379185722,1.0
188,SNIa-CN/sn1996X.p0033.dat,E,6.123140030763484,0.1,0.5754373139118995,0.1156406752183578,-0.33456858957352476,1.0
189,SNIa-CN/sn2007F.p0044.dat,E,6.1319108016983535,0.1,1.1509671125221506,0.13407132585697604,0.23993224084681336,1.0
190,SNIa-BL/sn2004as.p0025.dat,E,6.160578260552885,0.1,0.6489967315523104,0.02217617771038013,-0.33989650538053506,1.0
191,SNIa-CN/sn2006le.p0033.dat,E,6.195204045906093,0.1,0.2238517012172658,0.048448640817810355,-1.4660234354796275,1.0
192,SNIa-SS/sn1998ab.p0046.dat,E,6.239741313598017,0.1,1.6880790290078378,0.0,0.43235625999246635,1.0
193,SNIa-CL/sn2007bc.p0031.dat,E,6.2444734960434225,0.1,0.3803271493535612,0.14327533239928433,-0.8189663341385796,1.0
194,SNIa-SS/sn1998es.p0056.dat,E,6.261729420648629,0.1,1.5556628450123478,0.0,0.44969885066482357,1.0
195,SNIa-CN/sn2002ck.p0029.dat,E,6.275405652933234,0.1,0.6128093924455883,0.0,-0.5872927531917019,1.0
196,SNIa-CN/sn2000fa.p0038.dat,E,6.287399372459462,0.1,0.1904223447314907,0.5675259331429858,-0.9050814877959129,1.0
197,SNIa-CN/sn2008bf.p0032.dat,E,6.307186894299572,0.11000000000000001,0.5619441801137781,0.0,-0.5368733611982247,1.0
198,SNIa-SS/sn2001eh.p0035.dat,E,6.311202044697012,0.1,0.7034841247715374,0.033382362956049266,-0.3091601815769839,1.0
199,SNIa-CN/sn2006le.p0038.dat,E,6.313171589810353,0.1,0.3697253938243572,0.0,-1.0105889080202877,1.0
200,SNIa-SS/sn1999aa.p0054.dat,E,6.34607220246013,0.1,1.846376249983282,0.07399875837790916,0.7361197459459196,1.0
201,SNIa-CN/sn2001G.p0033.dat,E,6.350836656612792,0.1,0.8388655100881225,0.0,-0.16101573924559293,1.0
202,SNIa-BL/sn2001da.p0057.dat,E,6.351897425369693,0.1,1.062269710103584,0.0,0.0547947595251686,1.0
203,SNIa-CN/sn2008ar.p0026.dat,E,6.355516430409541,0.1,0.6815519660146808,0.0,-0.37458677453646205,1.0
204,SNIa-CN/sn2005kc.p0029.dat,E,6.363076069084808,0.1,0.19231448173870225,0.07994997574932959,-1.7188218432295888,1.0
205,SNIa-CN/sn2005kc.p0033.dat,E,6.371461396640685,0.1,0.510466282183989,0.0028844383156466542,-0.6914450289427774,1.0
206,SNIa-CN/sn2006le.p0035.dat,E,6.386108980493896,0.1,0.24303818969304672,0.07763552830201999,-1.3905492246759157,1.0
207,SNIa-CN/sn2002fk.p0033.dat,E,6.392651993801256,0.1,0.33455988043943163,0.0,-1.0657718617436376,1.0
208,SNIa-SS/sn2005eq.p0054.dat,E,6.4014930183049765,0.1,1.2474980090499757,0.0,0.17606997428865168,1.0
209,SNIa-BL/sn2005am.p0032.dat,E,6.415140677964908,0.1,0.6710167042317773,0.0,-0.33980186815199176,1.0
210,SNIa-SS/sn2005eq.p0051.dat,E,6.427789501475355,0.1,1.508598692811502,0.0,0.39214725205903345,1.0
211,SNIa-BL/sn2007bm.p0021.dat,E,6.447922458955555,0.1,0.36452051750976716,0.09155236610069992,-0.8613609090453628,1.0
212,SNIa-BL/sn2007af.p0063.dat,E,6.450674218959425,0.1,1.3455378660866932,0.19030239194145815,0.5539796186155928,1.0
213,SNIa-CN/sn2001G.p0037.dat,E,6.467910691299821,0.1,0.9312180060142486,0.0,-0.08829390454195929,1.0
214,SNIa-SS/sn2001eh.p0031.dat,E,6.470839846936435,0.1,0.7725659538839771,0.06926227944880903,-0.15738444705306834,1.0
215,SNIa-CN/sn2006lf.p0051.dat,E,6.486480471665234,0.1,0.4643978456499248,0.0953712895351893,-0.7784201318399752,1.0
216,SNIa-SS/sn2001V.p0027.dat,E,6.492540639958216,0.1,0.9880399032815035,0.0071791476680500566,0.1235326201002848,1.0
217,SNIa-SS/sn2005M.p0063.dat,E,6.506238591728524,0.1,0.45950647930939525,0.4602427062424004,-0.19697406722110386,1.0
218,SNIa-BL/sn1999cl.p0037.dat,E,6.523924716107633,0.1,0.15639470552169782,0.11238112690521043,-2.0,1.0
219,SNIa-CN/sn2006le.p0041.dat,E,6.531407446265016,0.1,0.3390695528471891,0.20789306764021392,-0.8743256569205172,1.0
220,SNIa-BL/sn2004ef.p0033.dat,E,6.538000796049264,0.1,0.8848848788551043,0.05011342342645755,-0.1738121305069908,1.0
221,SNIa-CL/sn1997cn.p0024.dat,E,6.588928352103039,0.1,0.8698548914839557,0.0,-0.2655053275188934,1.0
222,SNIa-CN/sn1998aq.p0050.dat,E,6.605230905761446,0.1,1.698298232145106,0.08897514170341334,0.7091750906877703,1.0
223,SNIa-BL/sn2001ep.p0028.dat,E,6.611764756868002,0.1,0.3900620899193698,0.06509374972520479,-0.9099358399204165,1.0
224,SNIa-CN/sn2005bo.p0022.dat,E,6.614306749492824,0.1,0.4720673826678989,0.00032871543985567075,-0.6698469238007498,1.0
225,SNIa-CN/sn2006le.p0047.dat,E,6.623335693897823,0.1,0.5592233545539778,0.0,-0.5354929758179459,1.0
226,SNIa-CN/sn2006le.p0043.dat,E,6.624447670571982,0.1,0.4419776153353573,0.10526191275847153,-0.7176832413197453,1.0
227,SNIa-BL/sn2007le.p0040.dat,E,6.686762747260467,0.1,0.3016528909867339,0.13145896262624415,-1.0103236849962562,1.0
228,SNIa-CL/sn1998bp.p0026.dat,E,6.7235949973761695,0.1,0.5999150564552501,0.007880953959935011,-0.5053760689273858,1.0
229,SNIa-BL/sn2001ay.p0055.dat,E,6.781437411957721,0.1,1.6278439211392783,0.0,0.6015640036346842,1.0
230,SNIa-CN/sn2001fe.p0028.dat,E,6.8537274798967145,0.1,1.1826052026675697,0.0,0.21664546084839645,1.0
231,SNIa-SS/sn1999aa.p0056.dat,E,6.874333354847144,0.1,2.237531927188523,0.0469691995692011,0.8966834313056792,1.0
232,SNIa-SS/sn1998ab.p0034.dat,E,6.900802389409362,0.1,0.8995176078336227,0.012734187376870926,-0.17269560492490887,1.0
233,SNIa-BL/sn2001en.p0038.dat,E,6.913283141135131,0.1,0.7270611617605838,0.0,-0.3631721253422564,1.0
234,SNIa-BL/sn2002bo.p0027.dat,E,6.919270031666725,0.1,0.1473698355134348,0.23396327557331179,-1.8084429981465087,1.0
235,SNIa-CN/sn1994S.p0027.dat,E,6.9305913454888035,0.1,2.182528840161038,0.0,0.880302046613909,1.0
236,SNIa-SS/sn1999aa.p0027.dat,E,6.943364934843723,0.1,1.130072778911624,0.0,0.18367148535350053,1.0
237,SNIa-CN/sn2005cf.p0024.dat,E,6.945757437694636,0.1,0.8192665134041281,0.056283842141051685,-0.00039547865120312733,1.0
238,SNIa-BL/sn2007le.p0039.dat,E,6.953818848456375,0.1,0.19811758339097799,0.2062127330302521,-1.3846186610582087,1.0
239,SNIa-CN/sn2003kf.p0053.dat,E,7.0061115008534385,0.1,0.776852292745402,0.11417629183498976,-0.12199395766619027,1.0
240,SNIa-CN/sn1995E.p0032.dat,E,7.006766064567236,0.1,0.17835888794871993,0.0009895712671477484,-2.0,1.0
241,SNIa-CN/sn2006le.p0037.dat,E,7.068843234878628,0.1,0.1521441677744071,0.2312428615495025,-1.7219503139136139,1.0
242,SNIa-CN/sn2007fs.p0055.dat,E,7.073498842068128,0.1,1.7333880103532628,0.058527969001341475,0.670264894476543,1.0
243,SNIa-BL/sn2004dt.p0049.dat,E,7.079188384548369,0.1,1.0824048338198566,0.28273214940458236,0.38219861714511383,1.0
244,SNIa-BL/sn2004as.p0028.dat,E,7.168557670860796,0.1,0.5441630684212462,0.0,-0.7044033272752452,1.0
245,SNIa-BL/sn1998ec.p0026.dat,E,7.1760714032702895,0.1,0.39507263803362547,0.030648017637879957,-0.8654392928766232,1.0
246,SNIa-CN/sn2001fe.p0052.dat,E,7.191036716690665,0.1,1.64992179617839,0.012697582280038429,0.5547021828516094,1.0
247,SNIa-CN/sn1994D.p0050.dat,E,7.193849466733259,0.1,1.862150748477617,0.056952270222509885,0.7609215481204368,1.0
248,SNIa-CL/sn1998bp.p0025.dat,E,7.2288748182499205,0.1,0.6231834647161615,0.0,-0.4469799378704748,1.0
249,SNIa-BL/sn2005am.p0057.dat,E,7.237005315661037,0.1,1.3344164493080461,0.33895165584101916,0.7298304358611896,1.0
250,SNIa-BL/sn2004dt.p0051.dat,E,7.237291717044618,0.1,1.237926770149902,0.21218351990602594,0.4463970216202602,1.0
251,SNIa-BL/sn2002bo.p0028.dat,E,7.246172385155096,0.1,0.17209168028361488,0.21596613697393974,-1.6610612323124416,1.0
252,SNIa-CN/sn2003it.p0032.dat,E,7.250722332801855,0.1,0.9600660507838013,0.0,-0.13285336269572717,1.0
253,SNIa-BL/sn1997do.p0048.dat,E,7.272840089463935,0.1,2.0692785984970112,0.0,0.7124066742666901,1.0
254,SNIa-BL/sn1999gh.p0028.dat,E,7.354450727727839,0.1,0.37245390327596267,0.19192183328604662,-0.7419557824950679,1.0
255,SNIa-BL/sn2001ay.p0030.dat,E,7.363715158702079,0.1,0.9823295391703334,0.0,0.043283192183732326,1.0
256,SNIa-CN/sn2005el.p0023.dat,E,7.373201750507965,0.1,0.5548380591706149,0.0,-0.594772478485691,1.0
257,SNIa-CN/sn1996X.p0022.dat,E,7.413526216446607,0.11000000000000001,0.6049826162017445,0.0631039674113688,-0.25802399761576766,1.0
258,SNIa-BL/sn2001ep.p0067.dat,E,7.421025152963413,0.1,2.123670531567503,0.09732897505430828,0.8130262690421344,1.0
259,SNIa-BL/sn2002bo.p0029.dat,E,7.434686046047787,0.1,0.1464729389179515,0.2353599571396463,-1.836286400941377,1.0
260,SNIa-CN/sn2005na.p0024.dat,E,7.441217761125902,0.11000000000000001,0.611473629021164,0.015884515627326155,-0.46924018189752087,1.0
261,SNIa-BL/sn2001ay.p0029.dat,E,7.469932166557968,0.1,1.1805318975325798,0.0,0.14953170036140967,1.0
262,SNIa-BL/sn2000cf.p0025.dat,E,7.477207213775421,0.1,1.6716587774593468,0.0,0.43626068707509924,1.0
263,SNIa-CN/sn2006le.p0048.dat,E,7.47937648738659,0.1,0.8547474802713545,0.11119447732851338,-0.05209815583296883,1.0
264,SNIa-BL/sn2007kk.p0030.dat,E,7.516119518773502,0.1,0.21318298435842645,0.2187666356635589,-1.4580316523943495,1.0
265,SNIa-CN/sn1998aq.p0054.dat,E,7.594560395868798,0.1,2.11330783495511,0.10870741472114959,0.9415971705461237,1.0
266,SNIa-BL/sn2001ay.p0031.dat,E,7.62495810270366,0.1,1.1686926192241398,0.0,0.1306884511487295,1.0
267,SNIa-CN/sn1999gd.p0030.dat,E,7.656826858229731,0.1,0.44204423677855137,0.0,-0.9378098966083054,1.0
268,SNIa-CN/sn2003du.p0059.dat,E,7.671232575952002,0.1,2.215588310825115,0.12271371144773757,1.104879410853085,1.0
269,SNIa-BL/sn2004fu.p0027.dat,E,7.6879419561416436,0.1,0.13283851312171596,0.18223999150996076,-2.0,1.0
270,SNIa-SS/sn2006gr.p0048.dat,E,7.833026947560775,0.1,0.8547933092094012,0.04615230920279818,-0.16733988847251186,1.0
271,SNIa-CL/sn2002hw.p0020.dat,E,7.83490585918968,0.1,0.3251894997384728,0.0,-1.2870151313825782,1.0
272,SNIa-CN/sn2003du.p0060.dat,E,7.880667064911339,0.1,1.5966769580009001,0.09360292611383907,0.599970296775171,1.0
273,SNIa-CN/sn2008ar.p0035.dat,E,7.898774519426023,0.1,0.6932116983406865,0.0,-0.4950714772449999,1.0
274,SNIa-CN/sn1996X.p0058.dat,E,7.927492211236732,0.1,1.962845351699858,0.17604658456245567,0.9877164541106012,1.0
275,SNIa-CN/sn2007ca.p0046.dat,E,7.932936570633619,0.1,0.9963726392226752,0.0,-0.13747424419588375,1.0
276,SNIa-CN/sn1996X.p0028.dat,E,7.948096937989401,0.1,0.30516408170547327,0.1883722042529658,-1.0184805283132294,1.0
277,SNIa-BL/sn2002bo.p0024.dat,E,7.98631127484037,0.1,0.16277598657651252,0.2574754389911978,-1.6359219852575404,1.0
278,SNIa-SS/sn2000cx.p0037.dat,E,7.9988671708894135,0.1,1.5704267611778424,0.0,0.46778941734024504,1.0
279,SNIa-BL/sn2007le.p0048.dat,E,8.01099096161305,0.1,0.5370767253736831,0.003293936799071079,-0.5388658256625671,1.0
280,SNIa-SS/sn2000cx.p0036.dat,E,8.032535159153918,0.1,1.4271978674694177,0.0,0.3812145187768605,1.0
281,SNIa-CN/sn1998bu.p0056.dat,E,8.074464618568012,0.1,0.35377797488300805,0.1636002077415766,-0.9321294878650195,1.0
282,SNIa-CN/sn2007F.p0026.dat,E,8.080598331301966,0.1,1.3197148349947159,0.0,0.3473671356622048,1.0
283,SNIa-CN/sn2003it.p0031.dat,E,8.091950750310648,0.1,0.3397844995186425,0.4426269527654761,-0.6685088917536884,1.0
284,SNIa-CN/sn2000fa.p0032.dat,E,8.106737019453902,0.1,0.12168193028659634,0.5045933396032651,-1.5698790015713326,1.0
285,SNIa-CN/sn2008ar.p0056.dat,E,8.119811230260986,0.1,0.9002634748831672,0.10737083697036769,-0.1266884175097962,1.0
286,SNIa-CN/sn1994D.p0021.dat,E,8.122895553607224,0.1,0.7712714172405788,0.0,-0.1875960878737706,1.0
287,SNIa-CL/sn2002fb.p0027.dat,E,8.136661918120486,0.1,0.5544038177048285,0.0,-0.7379348422418339,1.0
288,SNIa-SS/sn1999dq.p0029.dat,E,8.166573197268244,0.1,0.5351443777974674,0.0,-0.7344558290856306,1.0
289,SNIa-CN/sn2005cf.p0023.dat,E,8.232116834612592,0.1,0.820893167966353,0.05055724292650382,-0.0030127605354985623,1.0
290,SNIa-BL/sn1997bq.p0041.dat,E,8.23403032421668,0.1,1.2449055873999106,0.0,0.18119055338125928,1.0
291,SNIa-BL/sn2000cf.p0024.dat,E,8.245828015529838,0.1,1.122832419128604,0.0,0.020814804936685295,1.0
292,SNIa-BL/sn2004dt.p0053.dat,E,8.257092218831202,0.1,1.2130640627803786,0.06111812388245357,0.3353130911325143,1.0
293,SNIa-SS/sn2001eh.p0029.dat,E,8.276917567107064,0.1,1.0429208773641516,0.001558795410092585,0.08930674216950664,1.0
294,SNIa-SS/sn2005M.p0025.dat,E,8.292553196628532,0.1,2.0145349894740634,0.0,0.8052874384460935,1.0
295,SNIa-CN/sn1998eg.p0023.dat,E,8.301384415054173,0.1,1.2013955824295843,0.0,0.2736706281831575,1.0
296,SNIa-CN/sn2003du.p0061.dat,E,8.344885540638282,0.1,2.1011301543447294,0.12253335042125403,0.9230249473113495,1.0
297,SNIa-SS/sn2007if.p0033.dat,E,8.377817909897686,0.1,0.854588335149949,0.06007421767904415,-0.1944517075314473,0.9692709677419352
298,SNIa-BL/sn2007af.p0067.dat,E,8.42043921835063,0.1,1.4792192780028812,0.24092214187481656,0.704947053985791,1.0
299,SNIa-BL/sn2007le.p0053.dat,E,8.470715699017354,0.1,0.4581621218487147,0.23425635540642636,-0.504239386010647,1.0
300,SNIa-BL/sn2004fu.p0022.dat,E,8.50441371903095,0.1,0.2838935156673771,0.13173849957138972,-1.1157566048378824,1.0
301,SNIa-SS/sn2002de.p0027.dat,E,8.523762327748447,0.1,0.6550734059145654,0.0,-0.5046564768901124,1.0
302,SNIa-SS/sn1998ab.p0036.dat,E,8.620907239662214,0.1,1.2248548037320066,0.0,0.10060086889739717,1.0
303,SNIa-BL/sn1999cc.p0023.dat,E,8.625606296250453,0.1,0.6005652358944815,0.14950276088125664,-0.3782175202011433,1.0
304,SNIa-CN/sn2008ar.p0023.dat,E,8.629710457536168,0.1,1.3999083687512772,0.0,0.4292491086347682,1.0
305,SNIa-CN/sn1994D.p0020.dat,E,8.632898312202784,0.11000000000000001,0.6517880269354354,0.0313596616892463,-0.38790747162946954,1.0
306,SNIa-BL/sn2001ay.p0036.dat,E,8.636483088147749,0.1,0.9519913916867159,0.0,-0.07422014105127527,1.0
307,SNIa-SS/sn1999dq.p0026.dat,E,8.652587709199315,0.1,0.6453746841018486,0.0,-0.4885930642921879,1.0
308,SNIa-BL/sn2007le.p0050.dat,E,8.652708681148429,0.1,0.39377103704098426,0.4562700542159557,-0.38556454536402873,1.0
309,SNIa-BL/sn1997bp.p0049.dat,E,8.658502087574256,0.1,0.7515410052747755,0.17604269745605222,-0.0434079100970894,1.0
310,SNIa-BL/sn1997E.p0020.dat,E,8.663841527406035,0.1,0.5181820369187243,0.005694491170353675,-0.6945340240935858,1.0
311,SNIa-CN/sn2003du.p0025.dat,E,8.672680682217624,0.1,2.0500248582898912,0.016033761328014557,0.8231872266956688,1.0
312,SNIa-CL/sn1997cn.p0022.dat,E,8.677764836388015,0.1,0.6021154636848611,0.0,-0.698984359471218,1.0
313,SNIa-CN/sn1996X.p0020.dat,E,8.720262082296177,0.11000000000000001,0.8112488188687659,0.05129703753110545,0.035482222105780094,1.0
314,SNIa-BL/sn2008af.p0024.dat,E,8.748287295278253,0.1,0.44808230105967084,0.17021777994505896,-0.5510361922259224,1.0
315,SNIa-CL/sn2006hb.p0024.dat,E,8.753563989974662,0.1,0.26410751684813605,0.24530156917055776,-1.1216513601284934,1.0
316,SNIa-SS/sn2006gr.p0039.dat,E,8.764184324894305,0.1,0.7287002959952692,0.0,-0.389601597585052,1.0
317,SNIa-BL/sn2004ef.p0026.dat,E,8.771915655702387,0.1,0.3815395364759544,0.1143664570065992,-0.9088497095987766,1.0
318,SNIa-SS/sn2007if.p0036.dat,E,8.786454953330795,0.1,0.685699145863163,0.0,-0.4966960810659283,0.9689709677419355
319,SNIa-SS/sn2008Z.p0048.dat,E,8.904515408591172,0.1,0.8969672327049147,0.0,-0.1422156997198178,1.0
320,SNIa-BL/sn2004as.p0031.dat,E,8.912116615481345,0.1,0.690403173116198,0.0,-0.4588175731479749,1.0
321,SNIa-CN/sn2006lf.p0045.dat,E,8.923187457175514,0.1,0.4737247226803259,0.012009151408790678,-0.9296180187118199,1.0
322,SNIa-CN/sn2006lf.p0019.dat,E,8.981875905127664,0.1,0.21468043363927553,0.0,-1.7364710510219927,1.0
323,SNIa-BL/sn2005am.p0027.dat,E,8.997095828428453,0.1,0.1673230857837921,0.39410519247273956,-1.3846682643524386,1.0
324,SNIa-CN/sn1998dm.p0026.dat,E,9.044596488560522,0.1,0.5339988612216737,0.018257099511931673,-0.5549894728238174,1.0
325,SNIa-SS/sn2000cx.p0039.dat,E,9.10993443544816,0.1,1.5615244452649895,0.0,0.447971581999087,1.0
326,SNIa-CL/sn2000dk.p0059.dat,E,9.12209396263296,0.1,3.0,0.17240351565467288,1.267089526647501,1.0
327,SNIa-BL/sn2002hd.p0016.dat,E,9.135577814081346,0.11000000000000001,1.7696161851412928,0.0,0.582812389743791,1.0
328,SNIa-CN/sn1997dt.p0024.dat,E,9.193671491600163,0.1,0.2146488355249406,0.4509710528628607,-1.2603320231000952,1.0
329,SNIa-CN/sn1995D.p0064.dat,E,9.231386048290949,0.1,2.6636487739887724,0.15871807162255458,1.1487241967223853,1.0
330,SNIa-BL/sn1999cc.p0025.dat,E,9.31017444152255,0.1,0.7912277595641632,0.14293133961287366,-0.1437754146309759,1.0
331,SNIa-SS/sn1999gp.p0035.dat,E,9.347603457801116,0.1,0.9280623011660297,0.0,-0.12382671493006896,1.0
332,SNIa-CN/sn2001G.p0039.dat,E,9.36281887729278,0.1,0.6394231179055453,0.0,-0.5785982041261527,1.0
333,SNIa-BL/sn2003kc.p0044.dat,E,9.367815587577093,0.1,1.14534671781934,0.0,0.10014680484154424,1.0
334,SNIa-CN/sn1998aq.p0057.dat,E,9.378622747367372,0.1,1.7659813614926767,0.16409862719913945,0.7945400099940876,1.0
335,SNIa-BL/sn2003W.p0044.dat,E,9.423897515545379,0.1,0.6686974690791958,0.0,-0.44625644071233617,1.0
336,SNIa-BL/sn2003ch.p0031.dat,E,9.472112063395645,0.1,0.5010555106182906,0.25771449538168684,-0.5534019785217205,1.0
337,SNIa-BL/sn1995al.p0025.dat,E,9.527113009569444,0.1,0.3956082992342782,0.24972026788306093,-0.06629916683876805,1.0
338,SNIa-SS/sn2005eq.p0027.dat,E,9.54828816142267,0.1,1.428095342360441,0.0,0.42620307254130063,1.0
339,SNIa-SS/sn2001V.p0024.dat,E,9.561292279617744,0.11000000000000001,1.354485081347105,0.023625721035494707,0.43049677410808557,1.0
340,SNIa-SS/sn2001V.p0073.dat,E,9.643491089088931,0.1,3.0,0.2079226910640337,1.3481749446518252,1.0
341,SNIa-CL/sn2004gs.p0023.dat,E,9.64601231516061,0.1,0.20179861739308655,0.26746391056962354,-1.441016834768695,1.0
342,SNIa-SS/sn2008A.p0043.dat,E,9.714137142090578,0.1,0.17396290984840126,0.2725702749622518,-1.632010095446749,1.0
343,SNIa-BL/sn1997bp.p0054.dat,E,9.74375098137724,0.1,0.7991572314193881,0.18194976592644832,0.024475757931743197,1.0
344,SNIa-BL/sn2004dt.p0023.dat,E,9.793114800570388,0.1,0.4924130499024605,0.022104888925386892,-0.7380551671393578,1.0
345,SNIa-BL/sn2004ef.p0020.dat,E,9.801935938239916,0.1,0.6637492944243728,0.05763162502456826,-0.32415319620824956,1.0
346,SNIa-CN/sn2003kf.p0025.dat,E,9.881715287995455,0.1,0.6063795157416167,0.062196143867599286,-0.35655337205720333,1.0
347,SNIa-SS/sn2007S.p0025.dat,E,9.903444889620832,0.1,0.5109702394118827,0.0,-0.577259861717442,1.0
348,SNIa-CN/sn2007fs.p0061.dat,E,9.93199177596346,0.1,1.9177922057143724,0.21023835021765977,0.8923429233281703,1.0
349,SNIa-BL/sn2002bo.p0057.dat,E,9.95918499927776,0.1,0.6872257218353813,0.1732723548169971,-0.2776864870979439,1.0
350,SNIa-BL/sn1996Z.p0023.dat,E,9.959332069552028,0.1,0.13279500128260183,0.21703071340977156,-2.0,1.0
351,SNIa-BL/sn2007af.p0070.dat,E,9.966188125744196,0.1,2.0462401747623438,0.3026957821372732,1.0969222339028142,1.0
352,SNIa-BL/sn2003kc.p0024.dat,E,9.997658918854551,0.1,0.9401419555679792,0.0,-0.14320375371952349,1.0
353,SNIa-CN/sn2001cp.p0026.dat,E,10.05971151931774,0.1,0.7798491790256173,0.02169513418947946,-0.16382817334352445,1.0
354,SNIa-BL/sn1997bp.p0027.dat,E,10.183519096318184,0.1,0.2424320049247909,0.28546899796773995,-1.0695072249642903,1.0
355,SNIa-CL/sn1998bp.p0015.dat,E,10.21185105078347,0.1,0.33909420007512114,0.12156983127944862,-1.009271693763951,1.0
356,SNIa-CL/sn2002jg.p0025.dat,E,10.289745488848872,0.1,0.31275530904888343,0.0,-1.3898528675905961,1.0
357,SNIa-BL/sn1997bp.p0032.dat,E,10.292396173911984,0.1,0.181177488159375,0.28371850081989997,-1.5368707500408494,1.0
358,SNIa-CN/sn1998aq.p0059.dat,E,10.312593334988469,0.1,2.133803871808417,0.20249298641157704,1.0114710848042576,1.0
359,SNIa-BL/sn2001E.p0039.dat,E,10.316402934480648,0.1,0.48658924199681,0.08470418478992782,-0.7183739411287535,1.0
360,SNIa-SS/sn2001eh.p0027.dat,E,10.348662521942346,0.11000000000000001,1.2824222647024914,0.0,0.2613655006292093,1.0
361,SNIa-BL/sn2002bo.p0021.dat,E,10.349183105262359,0.1,0.3716053426197365,0.2101117660834387,-0.6268425294079847,1.0
362,SNIa-BL/sn2007kk.p0027.dat,E,10.425658542705529,0.1,0.5521118466474125,0.0,-0.7059230917587682,1.0
363,SNIa-SS/sn1998es.p0025.dat,E,10.426079328473977,0.1,1.4508406640456242,0.0,0.4267629455271155,1.0
364,SNIa-BL/sn2001bf.p0058.dat,E,10.452122034621905,0.1,1.5549265432930888,0.0,0.43518508841926457,1.0
365,SNIa-BL/sn2001bf.p0059.dat,E,10.453728668188955,0.1,1.5066458943399503,0.10319296635943095,0.6370942742044289,1.0
366,SNIa-CL/sn1998bp.p0013.dat,E,10.527853495103763,0.1,0.4816076916432571,0.12232027867978452,-0.5520764315858881,1.0
367,SNIa-BL/sn2005am.p0024.dat,E,10.536457353655873,0.1,0.3753172718112394,0.16837688255294553,-0.8115596548725077,1.0
368,SNIa-SS/sn1998ab.p0020.dat,E,10.54478667381754,0.1,2.2968440930220697,0.0,0.7810364973724028,1.0
369,SNIa-SS/sn2001V.p0023.dat,E,10.548334519706442,0.11000000000000001,1.8009890217132103,0.04751501921391522,0.7429654455071901,1.0
370,SNIa-CN/sn1994D.p0055.dat,E,10.604198467500781,0.1,1.5063059406538142,0.15286736492261413,0.6045005224615396,1.0
371,SNIa-CL/sn2007ci.p0017.dat,E,10.61352846231402,0.1,0.36144813778894547,0.2755426453885644,-0.645119372479232,1.0
372,SNIa-CN/sn1994ae.p0063.dat,E,10.616982244134235,0.1,2.1301300177037326,0.2154066606912919,0.9807624725610791,1.0
373,SNIa-CN/sn1994D.p0017.dat,E,10.673066049936565,0.11000000000000001,2.188399511313273,0.0,0.8882464498327415,1.0
374,SNIa-BL/sn2004dt.p0058.dat,E,10.707436156361837,0.1,1.8907856206917641,0.3039025830800165,0.9302861744583841,1.0
375,SNIa-BL/sn2005am.p0063.dat,E,10.743918305171064,0.1,1.8278793111658174,0.31075894981150903,0.9483510994067433,1.0
376,SNIa-CN/sn1994D.p0056.dat,E,10.754586623206354,0.1,2.81503285641455,0.09130873811252274,1.1596260886105538,1.0
377,SNIa-BL/sn2007bm.p0018.dat,E,10.783457466644702,0.1,0.6325620192329026,0.09582271220527755,-0.2423980971021012,1.0
378,SNIa-CL/sn1997cn.p0018.dat,E,10.799381731472728,0.1,0.5280341438207136,0.0,-0.8061081249241135,1.0
379,SNIa-CN/sn2008bf.p0060.dat,E,10.80657068814709,0.11000000000000001,1.6564054743179648,0.02193103230265159,0.5377824219302338,1.0
380,SNIa-CL/sn2007ci.p0013.dat,E,10.806777126407711,0.11000000000000001,0.9306845366588463,0.14060470490927623,0.18191815262084704,1.0
381,SNIa-CN/sn2002cr.p0019.dat,E,10.872634595143658,0.1,2.6843270152974124,0.0059040290092509,1.1017010483744878,1.0
382,SNIa-CL/sn2007ax.p0019.dat,E,10.92514262279892,0.1,0.4701134603422369,0.0,-0.9773605522515484,1.0
383,SNIa-BL/sn2006ac.p0022.dat,E,11.084418479179833,0.11000000000000001,0.8973476412222421,0.147481590864889,-0.014264841315169053,1.0
384,SNIa-BL/sn2003cq.p0029.dat,E,11.085173677468225,0.1,0.746357095576959,0.1587318481216533,-0.2625880349584384,1.0
385,SNIa-CL/sn2004gs.p0020.dat,E,11.14203192758951,0.1,0.7256636431132907,0.3085054426502118,-0.16009196541087423,1.0
386,SNIa-CN/sn2002fk.p0064.dat,E,11.17846438948888,0.1,2.5579195818248937,0.23827494341246996,1.199613004580741,1.0
387,SNIa-CL/sn2002fb.p0023.dat,E,11.233498138637913,0.1,0.5551936450848113,0.0,-0.7597099804617196,1.0
388,SNIa-CL/sn2002hw.p0017.dat,E,11.250193601866222,0.11000000000000001,0.3598541410680508,0.1988120407499443,-0.955101994897035,1.0
389,SNIa-BL/sn1997bp.p0060.dat,E,11.251051771667903,0.1,0.9977189892693538,0.21250125766829234,0.27167995347198065,1.0
390,SNIa-BL/sn1999gh.p0066.dat,E,11.383284632055782,0.1,3.0,0.2331996126803572,1.3694887091058159,1.0
391,SNIa-CL/sn1997cn.p0020.dat,E,11.393743252410303,0.1,0.6351285050161913,0.0,-0.6754905727541156,1.0
392,SNIa-CN/sn2005cf.p0021.dat,E,11.41611441783423,0.1,1.3909447431796726,0.09849598762462179,0.5770895849598102,1.0
393,SNIa-CL/sn1997cn.p0014.dat,E,11.478013544783721,0.1,0.3283005745660862,0.0,-1.297696568202805,1.0
394,SNIa-CN/sn1994D.p0057.dat,E,11.508730860545224,0.1,2.498940977024672,0.09250077680111779,1.0560557968520574,1.0
395,SNIa-CN/sn1995D.p0069.dat,E,11.535586515338135,0.1,3.0,0.23337043420890333,1.3282909292993652,1.0
396,SNIa-CL/sn2007ci.p0018.dat,E,11.574257457100376,0.1,0.2185241715062822,0.33632701967142525,-1.1636910466747827,1.0
397,SNIa-CN/sn2003du.p0023.dat,E,11.600738458355316,0.11000000000000001,2.2025044042555364,0.06197379042692927,0.902497236658989,1.0
398,SNIa-SS/sn2001eh.p0059.dat,E,11.659642170597966,0.1,1.6792604442860954,0.2425607157754091,0.6999852785930394,1.0
399,SNIa-SS/sn2001eh.p0026.dat,E,11.666482825226932,0.11000000000000001,1.4121926607879354,0.01343801623334494,0.3750107291085075,1.0
400,SNIa-SS/sn2001V.p0078.dat,E,11.6867377930682,0.1,3.0,0.28078035921263994,1.4224383483125957,1.0
401,SNIa-SS/sn1998ab.p0022.dat,E,11.724461131061458,0.1,0.9913142837181387,0.06529510833117202,-0.09171757138078693,1.0
402,SNIa-CN/sn2006D.p0016.dat,E,11.749884729026133,0.11000000000000001,2.322773546832138,0.0,1.0779280765320602,1.0
403,SNIa-CL/sn2007hj.p0014.dat,E,11.758332375379652,0.1,0.6318041346710758,0.01197799426273049,-0.3752320229513445,1.0
404,SNIa-CN/sn2000ce.p0022.dat,E,11.834092213295099,0.11000000000000001,0.3558281520286416,0.062463692258904,-0.9703151646330405,1.0
405,SNIa-CSM/sn2011km.p0064.dat,E,11.843237746927736,0.1,1.3646182233791897,0.0,0.3540671635430004,1.0
406,SNIa-CN/sn2001G.p0053.dat,E,11.892853361488243,0.1,0.8847063251633462,0.17550768268002115,-0.08868515707948296,1.0
407,SNIa-SS/sn2001V.p0022.dat,E,11.918668053166304,0.11000000000000001,2.1357401243505936,0.07345375168074189,0.9208456704672695,1.0
408,SNIa-CN/sn2001G.p0026.dat,E,11.97584854319318,0.11000000000000001,0.8406017478664141,0.0,-0.23906711156311644,1.0
409,SNIa-BL/sn2002bo.p0020.dat,E,12.001587564176276,0.11000000000000001,0.27748731208349486,0.2680360458577122,-0.8568558625196168,1.0
410,SNIa-CL/sn2002eu.p0026.dat,E,12.025258509836142,0.1,0.6570901341737075,0.0,-0.5920061959672469,1.0
411,SNIa-CN/sn1998aq.p0062.dat,E,12.037476134493932,0.11000000000000001,2.043578715751773,0.24605607271834376,0.9847158609646561,1.0
412,SNIa-BL/sn1997bq.p0019.dat,E,12.055732423607033,0.1,0.67460356911674,0.2095590878313272,-0.043623612943861,1.0
413,SNIa-SS/sn2001V.p0079.dat,E,12.075596252720779,0.1,2.521005983862738,0.24008384347745707,1.4489991564023887,1.0
414,SNIa-CL/sn1997cn.p0016.dat,E,12.12133328164707,0.1,0.312619787621735,0.0,-1.4020640740641597,1.0
415,SNIa-BL/sn2003W.p0025.dat,E,12.1484823356062,0.1,0.6343009699380071,0.0,-0.5240199950288228,1.0
416,SNIa-BL/sn2003W.p0028.dat,E,12.173425325012042,0.1,0.5879487139494872,0.0,-0.6407426448118505,1.0
417,SNIa-BL/sn2001ay.p0023.dat,E,12.194989617279683,0.1,2.3958085813819174,0.0,0.8801344072917849,1.0
418,SNIa-CN/sn2001br.p0027.dat,E,12.217954440743807,0.1,0.5111871517606692,0.0,-0.8246113828128032,1.0
419,SNIa-CL/sn1997cn.p0013.dat,E,12.22717610484637,0.1,0.4289537818563142,0.0,-1.0500285223658672,1.0
420,SNIa-BL/sn2007kk.p0025.dat,E,12.239362062884993,0.1,0.4388096533044754,0.24465402322628688,-0.6037228995135463,1.0
421,SNIa-BL/sn1994M.p0040.dat,E,12.278678601578143,0.1,1.684082173062775,0.5386468715587323,1.4783277052701926,1.0
422,SNIa-SS/sn2001eh.p0025.dat,E,12.296065988080343,0.11000000000000001,1.4275549356370996,0.043931071064548514,0.42831641979446106,1.0
423,SNIa-SS/sn2002hu.p0073.dat,E,12.341468823909585,0.1,2.3856335243056583,0.29806639990444017,1.4450083699423226,1.0
424,SNIa-SS/sn1998es.p0073.dat,E,12.357995991411853,0.1,3.0,0.0,1.1493504378077408,1.0
425,SNIa-CN/sn1998co.p0028.dat,E,12.403762704968534,0.1,0.8657282379479841,0.05748331701538104,-0.21069159802370652,1.0
426,SNIa-BL/sn2001gc.p0022.dat,E,12.415589985827578,0.11000000000000001,0.23166273476156427,0.3131465042409197,-1.099245883835147,1.0
427,SNIa-SS/sn1998ab.p0019.dat,E,12.419766835791286,0.1,2.5101674052097622,0.0,0.8489578007554763,1.0
428,SNIa-CL/sn2006H.p0017.dat,E,12.421199686401472,0.1,0.2788230717845814,0.0,-1.5455228942335748,1.0
429,SNIa-BL/sn2002cs.p0018.dat,E,12.52010134055218,0.11000000000000001,1.2122900058419925,0.0,0.1700383100813923,1.0
430,SNIa-CN/sn2001G.p0063.dat,E,12.524199805349488,0.1,1.6698711766330796,0.0,0.6395846132057148,1.0
431,SNIa-CN/sn2008ar.p0061.dat,E,12.524983488924054,0.1,1.7425218593316099,0.0,0.4344155075600863,1.0
432,SNIa-BL/sn2006X.p0060.dat,E,12.544732289404905,0.1,0.11242669045805588,0.24241683537366476,-2.0,1.0
433,SNIa-CL/sn2002eu.p0061.dat,E,12.599942852595385,0.1,1.9351924966893472,0.0,0.7072449279945641,1.0
434,SNIa-CL/sn1997cn.p0012.dat,E,12.69446450217341,0.1,0.6535464082699831,0.0,-0.5765147603164722,1.0
435,SNIa-CSM/sn2011km.p0030.dat,E,12.698505043419539,0.1,1.078236274805719,0.0,0.08689922431756815,1.0
436,SNIa-CL/sn1997cn.p0015.dat,E,12.703209145301733,0.1,0.3248854437400361,0.020002871172493768,-1.3588123790868936,1.0
437,SNIa-SS/sn2006gr.p0024.dat,E,12.721489512832834,0.11000000000000001,1.2543177438315405,0.08496823148049697,0.3298057863859815,1.0
438,SNIa-SS/sn2005hk.p0027.dat,E,12.726319606051785,0.09000000000000001,0.21073203631224913,0.13155516679306123,-1.6275571673486298,1.0
439,SNIa-BL/sn2006X.p0063.dat,E,12.744447022868727,0.1,0.11372908296567703,0.23688847578309374,-2.0,1.0
440,SNIa-CN/sn2005el.p0059.dat,E,12.751115842355228,0.1,1.8704078632869405,0.20329935177865205,0.8306102634968324,1.0
441,SNIa-BL/sn1999cc.p0018.dat,E,12.759328007014169,0.1,2.4396758221678083,0.07420591073757543,0.9558380322061882,1.0
442,SNIa-CL/sn1997cn.p0011.dat,E,12.778330177922339,0.1,0.45090794178226545,0.0,-0.9700467586163108,1.0
443,SNIa-SS/sn2005hk.p0014.dat,E,12.79987135708159,0.09000000000000001,0.5499764577238871,0.028027550864300557,-0.6193740278171389,1.0
444,SNIa-SS/sn1998ab.p0018.dat,E,12.839735520669667,0.1,3.0,0.0,1.070757484754872,1.0
445,SNIa-SS/sn2007if.p0057.dat,E,12.840180331582555,0.11000000000000001,1.8628737315205088,0.014692540917361639,0.5316050221275349,0.9892167448680353
446,SNIa-SS/sn1998ab.p0021.dat,E,12.890267935761951,0.1,0.9696503118774857,0.12648259133834427,-0.07448564252604417,1.0
447,SNIa-BL/sn2001bf.p0065.dat,E,12.904047498701987,0.1,2.496407601625636,0.2633342616214485,1.1456147025924897,1.0
448,SNIa-BL/sn2003cq.p0017.dat,E,12.91314090366421,0.11000000000000001,1.6275391530621544,0.09155841352283194,0.5572925925676299,1.0
449,SNIa-CN/sn2002fk.p0068.dat,E,12.921629213093262,0.1,3.0,0.3167836850051062,1.405146321104711,1.0
450,SNIa-CL/sn1997cn.p0021.dat,E,12.967156420871664,0.1,0.7130701866118739,0.0,-0.5193558043167342,1.0
451,SNIa-CN/sn2006N.p0028.dat,E,13.026301435655828,0.1,0.508457590146854,0.0,-0.8840601620098159,1.0
452,SNIa-CL/sn2005ke.p0013.dat,E,13.105555768169527,0.1,0.23052214453191802,0.16118078379759915,-1.4619626389860905,1.0
453,SNIa-BL/sn1995al.p0068.dat,E,13.115050122860659,0.1,1.5153517985554654,0.2794029446420192,0.769340251841161,1.0
454,SNIa-CL/sn2007ci.p0021.dat,E,13.174015622717297,0.1,0.32163656967467047,0.3758857755600602,-0.8203834433847654,1.0
455,SNIa-SS/sn1999gp.p0050.dat,E,13.190919253279766,0.1,0.8762523580642009,0.09383645787515289,-0.171972313013951,1.0
456,SNIa-SS/sn1998es.p0023.dat,E,13.264987049056462,0.11000000000000001,1.6987497364800976,0.0,0.6104847911479979,1.0
457,SNIa-CN/sn1994D.p0059.dat,E,13.283626025684361,0.1,2.2126386392515296,0.21208926185647023,1.065643250699449,1.0
458,SNIa-SS/sn2005hk.p0023.dat,E,13.284631164091333,0.09000000000000001,0.1660916298530022,0.18255744466242332,-1.839705614999956,1.0
459,SNIa-BL/sn2002cd.p0053.dat,E,13.34474872669981,0.1,0.21597000390614604,0.16115086332068207,-1.597448957301424,1.0
460,SNIa-CN/sn2001fe.p0062.dat,E,13.37267116584906,0.1,2.515269869186638,0.0,0.8558370053587263,1.0
461,SNIa-CN/sn1998aq.p0065.dat,E,13.398066656806002,0.1,2.3009272082407537,0.28043646763734587,1.1486021478396635,1.0
462,SNIa-SS/sn2001V.p0021.dat,E,13.40687465252783,0.11000000000000001,1.728828964273824,0.11450709769886207,0.9579517447669167,1.0
463,SNIa-BL/sn2007le.p0067.dat,E,13.426093625803187,0.1,0.7628406909105019,0.3009847159807372,0.08700974568059053,1.0
464,SNIa-SS/sn2008A.p0019.dat,E,13.46239624385578,0.1,0.12290416766053473,0.23675263991390416,-2.0,1.0
465,SNIa-CN/sn2005na.p0020.dat,E,13.469775134917098,0.11000000000000001,1.3695450050247555,0.0,0.2969884922276374,1.0
466,SNIa-CL/sn2005ke.p0011.dat,E,13.471555977901401,0.1,0.23106784454272886,0.15670482142263306,-1.4692905992352867,1.0
467,SNIa-CL/sn2002es.p0027.dat,E,13.482788289070596,0.09000000000000001,0.5224549042840988,0.0,-0.8965819811866126,1.0
468,SNIa-BL/sn2004dt.p0019.dat,E,13.496814606725586,0.11000000000000001,0.9825358554000682,0.0,-0.004236534954783027,1.0
469,SNIa-SS/sn2005hk.p0020.dat,E,13.50452184430356,0.09000000000000001,0.18193244632342045,0.14762320393686643,-1.7212621062530369,1.0
470,SNIa-BL/sn1999gh.p0012.dat,E,13.516614389524598,0.11000000000000001,0.8564895782518814,0.22653915072628342,0.14231244563613255,1.0
471,SNIa-SS/sn1999gp.p0055.dat,E,13.533482638217802,0.1,1.0429158638231752,0.0,-0.07078573998279752,1.0
472,SNIa-CL/sn2006H.p0016.dat,E,13.545255740918492,0.1,0.2613963933923774,0.0,-1.5920945918981466,1.0
473,SNIa-BL/sn2003W.p0030.dat,E,13.557594124361763,0.1,0.5284404189744343,0.0,-0.7974625143286752,1.0
474,SNIa-CL/sn2007hj.p0012.dat,E,13.586385290738658,0.11000000000000001,0.859509072954985,0.0,-0.056551828669324705,1.0
475,SNIa-CL/sn2002fb.p0053.dat,E,13.62650394595674,0.1,3.0,0.3437266514687296,1.6789859131111364,1.0
476,SNIa-CN/sn2001fe.p0054.dat,E,13.641319565922053,0.1,0.9755064284105787,0.12128190434993662,-0.07358190675488839,1.0
477,SNIa-BL/sn1997do.p0021.dat,E,13.682552086275098,0.11000000000000001,1.1573906832345537,0.29172231671156656,0.7844410338271729,1.0
478,SNIa-CL/sn2006H.p0013.dat,E,13.71581624258775,0.1,0.3050379030519097,0.0,-1.4571613464316644,1.0
479,SNIa-CL/sn2005ke.p0010.dat,E,13.738182428188054,0.1,0.2726256906606099,0.13018099431244146,-1.3333952917412986,1.0
480,SNIa-CL/sn2006H.p0015.dat,E,13.760582195674132,0.1,0.3075146794064731,0.0,-1.4628533061905313,1.0
481,SNIa-CN/sn2006lf.p0016.dat,E,13.769888135384216,0.11000000000000001,0.31980894498802076,0.0,-1.2345162960171134,1.0
482,SNIa-CN/sn1994ae.p0069.dat,E,13.807133864834126,0.1,2.3433463717142016,0.3237747406158597,1.2519996839121532,1.0
483,SNIa-CN/sn1999ac.p0086.dat,E,13.927041129878052,0.1,3.0,0.4324087169379351,1.5253934827610693,1.0
484,SNIa-BL/sn2007bm.p0016.dat,E,13.943327024548587,0.11000000000000001,0.6170173455581958,0.12059456745371429,-0.24226315481332764,1.0
485,SNIa-SS/sn2001az.p0025.dat,E,13.966032362209804,0.11000000000000001,1.390620161480196,0.15263988320152078,0.461581326943391,1.0
486,SNIa-BL/sn1998ef.p0018.dat,E,13.988436233061503,0.11000000000000001,1.1561672519172848,0.0,0.13008740875163577,1.0
487,SNIa-BL/sn2002bo.p0072.dat,E,14.091468055637542,0.1,0.9730789173009795,0.30969888193040956,0.2885509385262148,1.0
488,SNIa-BL/sn2002bo.p0018.dat,E,14.113299385719966,0.11000000000000001,0.4057492532653585,0.31424502077178285,-0.42068128573542485,1.0
489,SNIc-bl/sn2003jd.p0027.dat,E,14.136734621022,0.12000000000000001,0.6623265585008834,0.0,-0.5147379548987508,1.0
490,SNIa-SS/sn2006gr.p0023.dat,E,14.139908124609697,0.11000000000000001,2.011862309878584,0.0525992646569644,0.7628016062488936,1.0
491,SNIa-SS/sn2002hu.p0022.dat,E,14.155928608178638,0.11000000000000001,1.9352413161115525,0.10239808300381113,0.738754496683413,1.0
492,SNIa-BL/sn2003kc.p0020.dat,E,14.205784103527382,0.1,1.4730943652876598,0.0,0.328865536329929,1.0
493,SNIa-BL/sn2001N.p0026.dat,E,14.230230900836116,0.1,0.4884229881194327,0.0,-0.880684176164095,1.0
494,SNIa-CN/sn2001G.p0055.dat,E,14.237921232956753,0.1,0.8739162801817663,0.2096898622464747,-0.08956296569744483,1.0
495,SNIa-CL/sn2006H.p0014.dat,E,14.239963482989964,0.1,0.28442749732977096,0.0,-1.5241485290050505,1.0
496,SNIa-BL/sn2007le.p0021.dat,E,14.240106275887985,0.11000000000000001,0.3957482224108915,0.3041176259122948,-0.45702023344352016,1.0
497,SNIa-BL/sn2002cd.p0047.dat,E,14.279241459945727,0.1,0.32957136665999115,0.0,-1.2334968401134285,1.0
498,SNIa-BL/sn2003W.p0021.dat,E,14.30163140876206,0.11000000000000001,0.827354187398243,0.0,-0.26266415913293306,1.0
499,SNIa-SS/sn1998ab.p0017.dat,E,14.302724912024473,0.1,3.0,0.0,1.0578118239555176,1.0
500,SNIa-BL/sn2001bg.p0019.dat,E,14.341827090816949,0.11000000000000001,1.0663437237368663,0.2810260249467225,0.4580266921909926,1.0
501,SNIa-CN/sn1998aq.p0020.dat,E,14.367448303595125,0.11000000000000001,3.0,0.17832394175230817,1.2761526599022521,1.0
502,SNIa-CN/sn2000dg.p0017.dat,E,14.397768994016168,0.11000000000000001,1.0162233262771838,0.0,-0.06158870464353928,1.0
503,SNIc-bl/sn2003jd.p0020.dat,E,14.399359947666806,0.12000000000000001,0.43607350850718557,0.0,-0.9785029958723843,1.0
504,SNIa-CL/sn2007fb.p0060.dat,E,14.414702171579014,0.1,1.2280867849478334,0.0,0.11968628433555611,1.0
505,SNIa-BL/sn1999gh.p0071.dat,E,14.477314836984839,0.1,3.0,0.3301138636595451,1.4530160429453474,1.0
506,SNIa-SS/sn2002cx.p0011.dat,E,14.495880860117062,0.1,1.7562586317043851,0.0,0.501016349221409,1.0
507,SNIa-CN/sn2003cg.p0027.dat,E,14.528927409534273,0.1,0.15223627104556114,0.2484213241898185,-2.0,1.0
508,SNIa-CSM/sn2002ic.p0057.dat,E,14.531214674390064,0.1,1.114020774376183,0.0,0.3411181676808793,1.0
509,SNIa-CL/sn2007ax.p0021.dat,E,14.547065865539977,0.1,0.6069495310718543,0.0,-0.7274037757846585,1.0
510,SNIa-BL/sn2006X.p0042.dat,E,14.558977314714971,0.1,0.12429051003849816,0.34582648244795655,-2.0,1.0
511,SNIc-bl/sn2003jd.p0022.dat,E,14.639502223818308,0.12000000000000001,0.49257413167269304,0.0,-0.8629357132536137,1.0
512,SNIa-SS/sn2008Z.p0056.dat,E,14.650161213985596,0.1,1.3762053069917317,0.0,0.2483561344159507,1.0
513,SNIa-CL/sn1999by.p0008.dat,E,14.67827448227537,0.1,0.6918530169391359,0.014485336573043683,-0.3345264226385485,1.0
514,SNIa-CL/sn2005ke.p0008.dat,E,14.693781659715166,0.1,0.3408772996408922,0.0687673062978826,-1.0966649806720987,1.0
515,SNIa-BL/sn2006X.p0043.dat,E,14.700493468616088,0.09000000000000001,0.1251849654555914,0.3205743210588691,-2.0,1.0
516,SNIa-BL/sn2005am.p0015.dat,E,14.713756006949243,0.11000000000000001,3.0,0.05242887211712283,1.2250295811608123,1.0
517,SNIa-SS/sn2008ae.p0015.dat,E,14.724927527462867,0.1,0.3960370631672411,0.0,-1.1779683831105414,1.0
518,SNIa-CN/sn2000fa.p0021.dat,E,14.77931769246348,0.11000000000000001,1.3078664827769695,0.30977388844440296,0.6443483261501638,1.0
519,SNIa-CN/sn2000ce.p0020.dat,E,14.788099451681148,0.11000000000000001,0.47050466178882794,0.15008478188577914,-0.5944879020932098,1.0
520,SNIa-CN/sn2003du.p0021.dat,E,14.829749612546479,0.11000000000000001,3.0,0.16839766617331223,1.2862742414605433,1.0
521,SNIa-CN/sn2003kf.p0068.dat,E,14.84976804056544,0.1,0.9817145091265114,0.36862694152255926,0.36624094284772546,1.0
522,SNIa-CN/sn2008bf.p0068.dat,E,14.94295575605744,0.11000000000000001,1.6598812867951114,0.1047189232142136,0.5579455978798946,1.0
523,SNIa-BL/sn1999gh.p0011.dat,E,14.977362004680456,0.11000000000000001,1.1434173536044911,0.22810585118577154,0.42083483333431293,1.0
524,SNIa-BL/sn2002dp.p0017.dat,E,15.02058190415207,0.11000000000000001,1.712246728348624,0.14746293671918476,0.713879494089983,1.0
525,SNIa-BL/sn2002cd.p0059.dat,E,15.052430389736783,0.1,0.24009718183521236,0.13272902826993002,-1.522420062446645,1.0
526,SNIa-CN/sn2002fk.p0072.dat,E,15.065672150266295,0.1,3.0,0.31510400757677287,1.3892782324433899,1.0
527,SNIa-BL/sn2006ac.p0018.dat,E,15.080442136340045,0.11000000000000001,1.1729781472620449,0.2820312600407847,0.4871651822880965,1.0
528,SNIc-bl/sn2003jd.p0021.dat,E,15.133837575651324,0.12000000000000001,0.5711934785783573,0.0,-0.7107826831987462,1.0
529,SNIa-CN/sn1996ai.p0025.dat,E,15.134377163438206,0.1,0.2129093976860832,0.0,-2.0,1.0
530,SNIa-SS/sn2008A.p0032.dat,E,15.167000230273214,0.1,0.1125333352493195,0.34892542996333215,-1.997450922177417,1.0
531,SNIa-CN/sn2005cf.p0082.dat,E,15.190674963897662,0.1,3.0,0.34900820686477546,1.5034276889909188,1.0
532,SNIa-SS/sn2001V.p0020.dat,E,15.210681190523838,0.11000000000000001,1.6324725673134846,0.14869269198275256,1.1207236530454165,1.0
533,SNIa-SS/sn1998es.p0080.dat,E,15.232790490986588,0.1,3.0,0.11277664679299573,1.2123157353736012,1.0
534,SNIa-BL/sn1997do.p0020.dat,E,15.366730385021137,0.11000000000000001,1.533277952201106,0.17879227509055662,0.6381550704428347,1.0
535,SNIa-CL/sn2006H.p0011.dat,E,15.406683190741713,0.1,0.42094509203861213,0.0,-1.0940571181206624,1.0
536,SNIa-BL/sn2001gc.p0018.dat,E,15.511840454405856,0.11000000000000001,0.39831658326670855,0.5063264645996525,-0.3200622528502405,1.0
537,SNIa-CL/sn2007ax.p0017.dat,E,15.591513024973949,0.1,0.6149593879584921,0.0,-0.6953201700987135,1.0
538,SNIa-SS/sn2008A.p0028.dat,E,15.592990446000858,0.1,0.10759913341869796,0.32059865981065794,-2.0,1.0
539,SNIa-SS/sn2008A.p0021.dat,E,15.604455041544718,0.1,0.11156561135429048,0.3046013220183852,-2.0,1.0
540,SNIa-BL/sn2007le.p0020.dat,E,15.613565006229935,0.11000000000000001,0.5337497410062854,0.3412873575435244,-0.13392265421403865,1.0
541,SNIa-CN/sn2003kf.p0070.dat,E,15.63615500833077,0.1,0.9171574192301722,0.38068951474304974,0.3225786246757488,1.0
542,SNIc-bl/sn2003jd.p0019.dat,E,15.683164697742662,0.12000000000000001,0.57233074559708,0.0,-0.6998220516897723,1.0
543,SNIa-BL/sn2006X.p0039.dat,E,15.71795662920013,0.09000000000000001,0.1346459293451194,0.3351317867797014,-2.0,1.0
544,SNIa-BL/sn2002hd.p0012.dat,E,15.742804694784526,0.11000000000000001,3.0,0.16788428212410111,1.227674216077598,1.0
545,SNIc-bl/sn2003jd.p0026.dat,E,15.761705312009768,0.12000000000000001,0.9384252099643989,0.0,-0.16367125886849526,1.0
546,SNIa-BL/sn2006sr.p0018.dat,E,15.763464447345374,0.11000000000000001,1.9371862232803387,0.1582315746706949,0.8440232297328378,1.0
547,SNIa-SS/sn2002cx.p0015.dat,E,15.821254278802222,0.09000000000000001,0.8514203850255626,0.09238688182762081,-0.20055465169301329,1.0
548,SNIa-BL/sn2001gc.p0038.dat,E,15.848846468878465,0.1,0.30367540078480776,0.0,-1.4876354608407256,1.0
549,SNIa-CL/sn2007fb.p0063.dat,E,16.083093610717228,0.1,1.2877166375947144,0.0,0.15707795015805753,1.0
550,SNIa-CN/sn2004L.p0026.dat,E,16.083923045182672,0.1,1.0625130622732195,0.0,-0.10778643757726677,1.0
551,SNIa-CN/sn1998co.p0023.dat,E,16.102469068584533,0.11000000000000001,0.3732876337880995,0.0,-1.1430228386029098,1.0
552,SNIc-bl/sn2007ru.p0036.dat,E,16.133413661890664,0.12000000000000001,0.6460358115700374,0.0,-0.44119672536289767,1.0
553,SNIa-BL/sn1999gh.p0073.dat,E,16.15659924188876,0.1,3.0,0.38714379603616333,1.497449037323019,1.0
554,SNIa-CN/sn2005kc.p0016.dat,E,16.17919233654788,0.11000000000000001,2.9208049212329987,0.0570075470359708,1.0762962563424694,1.0
555,SNIa-SS/sn2008A.p0024.dat,E,16.226816576747492,0.1,0.10807615418009715,0.3225988630839413,-2.0,1.0
556,SNIa-CN/sn2001G.p0062.dat,E,16.248401459738773,0.1,0.963233500542779,0.09202924064980249,-0.08857246943988885,1.0
557,SNIa-CL/sn1999by.p0007.dat,E,16.34115819329368,0.1,1.0396268011427554,0.0,0.06733324061715865,1.0
558,SNIa-CL/sn2006H.p0012.dat,E,16.37442606749054,0.1,0.3857250800192193,0.0,-1.2145882924894893,1.0
559,SNIc-bl/sn2003jd.p0033.dat,E,16.4130783900009,0.12000000000000001,1.0732263075099715,0.0,-0.05101031777179272,1.0
560,SNIc-bl/sn2003jd.p0047.dat,E,16.43252775877712,0.12000000000000001,1.4613108257135052,0.0,0.24244895588027987,1.0
561,SNIa-CL/sn2006H.p0010.dat,E,16.466799167853186,0.1,0.45065751136346477,0.0,-0.9749923812635208,1.0
562,SNIa-CN/sn1998eg.p0019.dat,E,16.47384321014214,0.11000000000000001,1.749537743458662,0.06624863932176132,0.5283421387458959,0.9515125513196478
563,SNIa-BL/sn1998ec.p0020.dat,E,16.59070434619104,0.11000000000000001,0.7454285329448838,0.2784602408956435,0.04496142124143729,1.0
564,SNIa-CN/sn2002do.p0023.dat,E,16.63978129094751,0.1,1.0558015279204327,0.0,-0.04509511216096075,1.0
565,SNIa-BL/sn2006X.p0073.dat,E,16.66108542284779,0.1,0.10497807705163992,0.3637133172430726,-2.0,1.0
566,SNIa-SS/sn1999gp.p0021.dat,E,16.671109761883,0.11000000000000001,1.9354367730960529,0.0,0.6596012409553426,1.0
567,SNIa-CN/sn2003kf.p0021.dat,E,16.703295426035478,0.11000000000000001,0.7458898968173303,0.2560516574809552,0.04034247518040031,1.0
568,SNIa-CSM/sn2011km.p0025.dat,E,16.716342191636542,0.11000000000000001,1.1539559684031377,0.14050595519936612,0.2771786856549802,1.0
569,SNIa-BL/sn2002bo.p0016.dat,E,16.720853085628747,0.11000000000000001,0.6963243060128442,0.3915921998763081,0.16625581589290955,1.0
570,SNIa-BL/sn2002bo.p0079.dat,E,16.731116416318493,0.1,1.4712305482577388,0.3344920860197054,0.7401633354641206,1.0
571,SNIa-BL/sn2002bf.p0018.dat,E,16.763070086970146,0.11000000000000001,1.0984118027027128,0.0,0.11905807650804469,1.0
572,SNIa-CL/sn2007fb.p0066.dat,E,16.800386717604155,0.1,1.3331332710247576,0.0,0.22885595210946036,1.0
573,SNIa-CL/sn2007ax.p0010.dat,E,16.884131168752766,0.1,0.34940255711692797,0.0,-1.256787924324444,1.0
574,SNIa-SS/sn2008Z.p0023.dat,E,16.884224396966147,0.11000000000000001,1.5459093180429184,0.07657437900556946,0.5386030491439988,1.0
575,SNIc-bl/sn2003jd.p0051.dat,E,16.89082725966469,0.12000000000000001,1.701278158822197,0.0,0.4334374834164448,1.0
576,SNIa-BL/sn2007kk.p0021.dat,E,16.928870297843833,0.11000000000000001,0.9913324125694313,0.3219781385062782,0.27958764182219586,1.0
577,SNIc-bl/sn2003jd.p0023.dat,E,17.00565845265338,0.11000000000000001,0.8935845877056047,0.0,-0.20836351577090823,1.0
578,SNIa-CN/sn1994D.p0015.dat,E,17.03122057061883,0.11000000000000001,3.0,0.1541170163952349,1.249326331282055,1.0
579,SNIa-CN/sn2008C.p0029.dat,E,17.039929120592323,0.1,0.665535793521028,0.0,-0.5922607831535629,1.0
580,SNIa-BL/sn2006X.p0033.dat,E,17.061881157374636,0.1,0.13318219150314797,0.3618779246864349,-2.0,1.0
581,SNIc-bl/sn2003jd.p0049.dat,E,17.1624321925796,0.12000000000000001,0.838941037484747,0.11358761465541566,-0.1866009555008427,1.0
582,SNIc-bl/sn2003jd.p0048.dat,E,17.257648153021602,0.12000000000000001,0.8844245421172706,0.1292515775363096,-0.15118490639807697,1.0
583,SNIa-CN/sn2001fe.p0021.dat,E,17.30055319616302,0.11000000000000001,2.865908358117526,0.16743019169685122,1.2212114058221604,1.0
584,SNIa-BL/sn2007le.p0019.dat,E,17.304765129653102,0.11000000000000001,0.6296229219875046,0.4029280251282696,0.09266905066759772,1.0
585,SNIa-BL/sn2002cd.p0024.dat,E,17.345442577777437,0.11000000000000001,0.12697329657449108,0.28784695630889084,-2.0,1.0
586,SNIc/sn2004aw.p0011.dat,E,17.363911823625465,0.11000000000000001,0.29299557728925135,0.0,-1.3203096808034485,1.0
587,SNIa-CN/sn2004L.p0023.dat,E,17.40406540417166,0.1,0.7907540312616789,0.0,-0.416883301416211,1.0
588,SNIa-CN/sn1998co.p0025.dat,E,17.424099978943318,0.11000000000000001,0.40798337052114564,0.0,-1.0977402327423673,1.0
589,SNIa-SS/sn2001V.p0019.dat,E,17.46588879556317,0.11000000000000001,3.0,0.2925011221734028,1.3967153913820392,1.0
590,SNIa-CN/sn2001cp.p0022.dat,E,17.48921242084634,0.11000000000000001,1.1388739989272347,0.22014120979757068,0.34992659908184703,1.0
591,SNIa-SS/sn2007if.p0014.dat,E,17.5387350573845,0.11000000000000001,3.0,0.0,1.005055863787885,0.9890539882697947
592,SNIa-SS/sn2000cx.p0053.dat,E,17.5446708852237,0.1,1.7764025677668986,0.3198204269230043,0.8476364486528615,1.0
593,SNIa-CL/sn2007ux.p0016.dat,E,17.589314286347037,0.11000000000000001,2.1058948887770232,0.06019931183652351,1.0604216443333776,1.0
594,SNIa-CN/sn2004L.p0024.dat,E,17.597028308710033,0.1,0.8335965794403525,0.0,-0.35990545556493386,1.0
595,SNIa-CL/sn2002es.p0011.dat,E,17.59874859754561,0.09000000000000001,0.8493352031529094,0.0,-0.3185821416544362,1.0
596,SNIa-CN/sn2004L.p0031.dat,E,17.61179360386986,0.1,0.8680416023943127,0.0,-0.32350487783810067,1.0
597,SNIa-SS/sn1999dq.p0033.dat,E,17.651074223844045,0.1,0.7394651878664296,0.0,-0.4970547430208038,1.0
598,SNIb/sn2009jf.p0028.dat,E,17.767050865003547,0.1,0.4275512830257244,0.0,-1.008493954017512,1.0
599,SNIa-BL/sn2007bm.p0013.dat,E,17.831165179058637,0.11000000000000001,1.29691689477368,0.07922175089645313,0.4101826169092671,1.0
600,SNIa-CL/sn2005ke.p0007.dat,E,17.832801292523182,0.11000000000000001,0.5427956864869363,0.01918849751858709,-0.58109652329472,1.0
601,SNIa-SS/sn1999aa.p0081.dat,E,17.844196002100976,0.1,3.0,0.4728692255208862,1.549375190673659,1.0
602,SNIa-CN/sn2001G.p0065.dat,E,17.85046751387341,0.1,0.9548755650730287,0.04357932156139731,-0.1416013175001685,1.0
603,SNIc/sn1994I.p0002.dat,E,18.002229692759325,0.11000000000000001,2.732914734853013,0.009566746680358104,1.367414469367626,1.0
604,SNIa-CL/sn2006bt.p0016.dat,E,18.041856628827027,0.1,2.7824677429722318,0.0,0.9310039722444007,1.0
605,SNIa-BL/sn2007le.p0078.dat,E,18.07174695614852,0.1,1.264797916236748,0.40330141807015796,0.6885243082472509,1.0
606,SNIa-BL/sn2005am.p0071.dat,E,18.10967324613827,0.1,0.8277706930942217,1.1241386430140485,2.0,1.0
607,SNIa-BL/sn2006X.p0034.dat,E,18.162022283320017,0.09000000000000001,0.13628199671918892,0.3531506846726514,-2.0,1.0
608,SNIa-BL/sn2007kk.p0090.dat,E,18.239510937296764,0.1,2.090800822411531,0.43028385350172477,1.373984712891928,1.0
609,SNIa-BL/sn2002bo.p0015.dat,E,18.263359386390377,0.11000000000000001,0.8990891936121586,0.43055172867369723,0.4379118599595277,1.0
610,SNIb/sn2009jf.p0023.dat,E,18.30139707106954,0.1,0.42492880936347033,0.0,-1.0199065812297783,1.0
611,SNIb/sn2009jf.p0032.dat,E,18.31426363092113,0.1,0.4383841998712971,0.0,-0.985706098464031,1.0
612,SNIa-CN/sn2003kf.p0020.dat,E,18.32101373952066,0.11000000000000001,0.5940569694707997,0.348902698775786,-0.05247723811399861,1.0
613,SNIc/sn2004aw.p0004.dat,E,18.333815169747247,0.12000000000000001,0.39498368508181936,0.0,-0.9910156956125622,1.0
614,SNIa-SS/sn1999dq.p0046.dat,E,18.396645489439056,0.1,0.7332255750994819,0.0,-0.4699723634414851,1.0
615,SNIc/sn1994I.p0003.dat,E,18.405508709050327,0.11000000000000001,0.8124574595952995,0.0,-0.2399653638203519,1.0
616,SNIc-bl/sn2002ap.p0013.dat,E,18.43641259277093,0.11000000000000001,0.2849444177195108,0.0,-1.2396189160319213,0.950779228710542
617,SNIa-BL/sn2001N.p0030.dat,E,18.540000399433115,0.1,0.6951358553351592,0.0,-0.5376474082938141,1.0
618,SNIa-CN/sn2005cf.p0017.dat,E,18.592658877646663,0.11000000000000001,2.7374718381910053,0.2612934900819421,1.2956039849983974,1.0
619,SNIa-CN/sn2005na.p0016.dat,E,18.627078025163375,0.11000000000000001,2.9167506825492855,0.21255880905648764,1.209695675718888,1.0
620,SNIa-CN/sn2004L.p0028.dat,E,18.639127475505862,0.1,0.9080890124518759,0.0,-0.2731874410444934,1.0
621,SNIc/sn1994I.p0006.dat,E,18.67016914055026,0.1,0.4578280550304815,0.0,-0.7194568284779902,1.0
622,SNIa-CL/sn2002dl.p0010.dat,E,18.67861925624065,0.1,1.4503143121572988,0.0,0.3419808789342573,1.0
623,SNIa-BL/sn2002bf.p0029.dat,E,18.678843675354106,0.1,0.7077056356074626,0.0,-0.5090359463270406,1.0
624,SNIa-SS/sn1999dq.p0018.dat,E,18.69025943868526,0.11000000000000001,1.6822760538229307,0.0,0.5056903776886053,1.0
625,SNIa-SS/sn1999dq.p0058.dat,E,18.69581044258185,0.1,0.8218720283827794,0.19106031369525772,-0.17963739540696877,1.0
626,SNIa-BL/sn2000cf.p0017.dat,E,18.748640537794326,0.11000000000000001,3.0,0.19903299739676347,1.2004377232473842,1.0
627,SNIa-CL/sn2002fb.p0017.dat,E,18.75883366872089,0.1,0.3173172334387796,0.22271963219885788,-1.1437591929969266,1.0
628,SNIa-BL/sn2007le.p0018.dat,E,18.783067940274087,0.11000000000000001,0.7834806664108313,0.4205381227603794,0.30899761461763925,1.0
629,SNIa-BL/sn1997bq.p0012.dat,E,18.78556750078834,0.11000000000000001,1.5605124739378475,0.3549875809956595,1.2339030536688884,1.0
630,SNIb/sn2007kj.p0004.dat,E,18.808109947007235,0.1,1.6097308093036446,0.0,0.39724579891468986,1.0
631,SNIa-SS/sn2000cx.p0055.dat,E,18.82057483034057,0.1,1.9095352490390547,0.34414396904660155,0.9304487737098427,1.0
632,SNIa-CN/sn1996bl.p0018.dat,E,18.834722483120128,0.11000000000000001,1.0053915897940848,0.267613860625831,0.18951021661845252,1.0
633,SNIa-BL/sn1999gh.p0009.dat,E,18.875633442608198,0.11000000000000001,2.2743600541904776,0.27272527860342155,1.0686477141243151,1.0
634,SNIa-BL/sn2007af.p0088.dat,E,18.880655724677368,0.1,2.910058690982828,0.4937164434818487,1.6327740208575205,1.0
635,SNIa-CL/sn1999by.p0006.dat,E,18.88086893662005,0.11000000000000001,0.7761902559747436,0.0,-0.27729030977742297,1.0
636,SNIa-CN/sn2003du.p0019.dat,E,18.902760229135886,0.11000000000000001,3.0,0.35697992781037935,1.4193341644268795,1.0
637,SNIa-CL/sn2007al.p0011.dat,E,18.92489220990136,0.09000000000000001,0.3578225393815699,0.0,-1.2228436669852754,1.0
638,SNIa-CL/sn2007al.p0010.dat,E,18.933738401487897,0.09000000000000001,0.4637264021740887,0.0,-0.9406489857087561,1.0
639,SNIa-CN/sn1999ac.p0012.dat,E,18.949607141950764,0.11000000000000001,2.8837849050130457,0.11756210092461655,1.1568914554589094,1.0
640,SNIa-SS/sn2001V.p0018.dat,E,18.951574422386134,0.11000000000000001,3.0,0.33623259704171,1.4343279059840996,1.0
641,SNIc-bl/sn2003jd.p0046.dat,E,19.048330122519637,0.12000000000000001,2.365161198530795,0.0,0.6948377662177329,1.0
642,SNIc/sn2005mf.p0007.dat,E,19.082822012973622,0.1,1.0991181982547396,0.0,0.055303199029836755,1.0
643,SNIa-CN/sn2007F.p0080.dat,E,19.084725086457468,0.1,1.5433477948025622,0.4987077689259865,0.9750543874603546,1.0
644,SNIa-SS/sn1998es.p0089.dat,E,19.08582713141344,0.1,3.0,0.24391161343109857,1.313276476941504,1.0
645,SNIa-CSM/sn2005gj.p0049.dat,E,19.09661000592111,0.1,1.398651831842553,0.0,0.32549659058508373,1.0
646,SNIIb/sn1993J.p0005.dat,E,19.1135431547208,0.1,0.6583813655518528,0.0,-0.3793758786206622,1.0
647,SNIa-BL/sn1995al.p0019.dat,E,19.153524001033947,0.11000000000000001,1.0089884914031018,0.37752853077846193,0.44208115992126285,1.0
648,SNIa-CN/sn1998eg.p0017.dat,E,19.164967911479845,0.11000000000000001,2.4744635362746354,0.3232239624345104,1.1599684085967303,0.9500835483870966
649,SNIc/sn1994I.p0001.dat,E,19.177198315810287,0.11000000000000001,1.296118179873308,0.0,0.22309430627466845,1.0
650,SNIa-CN/sn2002ck.p0016.dat,E,19.19204396118378,0.11000000000000001,3.0,0.3072326546291321,1.364024845075538,1.0
651,SNIc/sn2004aw.p0021.dat,E,19.196184573458723,0.1,0.1985641678513782,0.0,-1.9348064894699255,1.0
652,SNIa-CN/sn1998aq.p0018.dat,E,19.228407320062715,0.11000000000000001,3.0,0.3845903821320515,1.4361491805103443,1.0
653,SNIa-BL/sn2006X.p0032.dat,E,19.256730925562373,0.09000000000000001,0.12979728736101853,0.3709312470537567,-2.0,1.0
654,SNIa-BL/sn2006X.p0031.dat,E,19.35048935984348,0.09000000000000001,0.12385136443116504,0.400285241531111,-2.0,1.0
655,SNIb/sn2009jf.p0053.dat,E,19.42693454617108,0.1,0.6845032048343216,0.033287694096846523,-0.4124101299364804,1.0
656,SNIa-CN/sn2002do.p0019.dat,E,19.44102175098957,0.1,0.6357507156476301,0.0,-0.6853526708579417,1.0
657,SNIa-BL/sn2006ac.p0017.dat,E,19.499348801261476,0.11000000000000001,2.522581456698961,0.3178050668749838,1.1558465136821285,1.0
658,SNIc-bl/sn1998bw.p0045.dat,E,19.500518171534523,0.12000000000000001,1.1685107833263522,0.0,0.2592603765021927,1.0
659,SNIa-CN/sn1998aq.p0078.dat,E,19.519963863533174,0.1,2.7056743737831455,0.45199912961325733,1.4610331758435182,1.0
660,SNIa-BL/sn1997bp.p0019.dat,E,19.546220993286987,0.11000000000000001,0.6065953216517807,0.5272331908463495,0.17853909854118288,1.0
661,SNIa-BL/sn2006X.p0017.dat,E,19.578056268908174,0.11000000000000001,0.12500832063156422,0.5162356301232218,-1.6929477948523783,1.0
662,SNIa-SS/sn1998ab.p0050.dat,E,19.597470399033725,0.1,1.997377132958935,0.0,0.54009377518902,1.0
663,SNIa-CN/sn2004L.p0022.dat,E,19.603080536665416,0.1,0.610685592041851,0.008654021174067402,-0.6948118164454787,1.0
664,SNIa-BL/sn2001ep.p0088.dat,E,19.71391616292816,0.1,2.7320845872230253,0.0,0.9390195781489542,1.0
665,SNIc/sn2004aw.p0018.dat,E,19.75036286644112,0.1,0.24245777834310378,0.011188872801843488,-1.7873180711285575,1.0
666,SNIa-CN/sn2003hv.p0075.dat,E,19.77284250678976,0.11000000000000001,2.6253001106014477,0.4398547963272007,1.9300994597097865,1.0
667,SNIc/sn2005mf.p0004.dat,E,19.84452914845756,0.11000000000000001,1.0355526274864444,0.0,0.008836615444950787,1.0
668,SNIIb/sn2006T.p0007.dat,E,19.903027292202918,0.09000000000000001,0.381540605004837,0.0,-1.0340273624101635,1.0
669,SNIa-BL/sn2006ac.p0015.dat,E,19.90998210735285,0.11000000000000001,2.4234967396201657,0.417831143017742,1.3223904391054309,1.0
670,SNIa-CN/sn1998V.p0015.dat,E,19.945878338059867,0.11000000000000001,2.7789069525900647,0.2884135633291159,1.2874014320982181,1.0
671,SNIa-CN/sn2006lf.p0013.dat,E,19.993525689603008,0.11000000000000001,0.4903844634982975,0.15345423231622818,-0.560817831335085,1.0
672,SNIc-bl/sn2002ap.p0006.dat,E,20.00539154946549,0.11000000000000001,0.6174367185490452,0.0,-0.3388722884061425,1.0
673,SNIa-BL/sn2002bf.p0015.dat,E,20.009999911352402,0.12000000000000001,1.5012976915739706,0.0,0.3773989297452486,1.0
674,SNIc/sn1994I.p0009.dat,E,20.04497215176291,0.11000000000000001,0.2858620796959278,0.0,-1.2495714982638473,1.0
675,SNIa-SS/sn2007S.p0059.dat,E,20.068089057684254,0.1,1.2951447779726535,0.0,0.09765002128887526,1.0
676,SNIa-BL/sn2004dt.p0016.dat,E,20.082143636549983,0.11000000000000001,1.6949104500890515,0.24899627803241678,0.6536462007068664,1.0
677,SNIb/sn2009jf.p0057.dat,E,20.08769970245769,0.1,0.6426278005007539,0.10102844598054801,-0.4319436981176463,1.0
678,SNIc-bl/sn2002ap.p0007.dat,E,20.103632802408114,0.11000000000000001,0.990683121710748,0.0,-0.07972351156941196,1.0
679,SNIc/sn2007gr.p0009.dat,E,20.118429972828324,0.1,1.2389297801262307,0.0,0.1450683289799159,1.0
680,SNIa-SS/sn1999dq.p0017.dat,E,20.124115251224772,0.11000000000000001,2.1365337258854757,0.0,0.7442173524052902,1.0
681,SNIa-CN/sn2000fa.p0018.dat,E,20.128700233778446,0.11000000000000001,2.3593912043002416,0.5489072062128731,1.4812823207980432,1.0
682,SNIa-CL/sn2007hj.p0008.dat,E,20.13416165614218,0.11000000000000001,1.6866504013525516,0.24335958601539492,0.9678673499578027,1.0
683,SNIc-bl/sn1998bw.p0051.dat,E,20.152759475462638,0.12000000000000001,2.6372847390946634,0.0,0.9623508600746504,1.0
684,SNIa-BL/sn1997bq.p0011.dat,E,20.164764239122295,0.11000000000000001,3.0,0.4203046312855617,1.5500558240815567,1.0
685,SNIa-BL/sn2007af.p0092.dat,E,20.20485308190431,0.1,3.0,0.5476531981084514,1.737296668536685,1.0
686,SNIa-BL/sn2007le.p0017.dat,E,20.228746778419758,0.11000000000000001,0.7867691267254616,0.5041868406040731,0.4075586860453241,1.0
687,SNIa-CL/sn2006H.p0008.dat,E,20.230890235746077,0.11000000000000001,0.517274199645221,0.0,-0.8366596380601328,1.0
688,SNIa-CL/sn2007al.p0008.dat,E,20.250500581560523,0.09000000000000001,0.7555461296847902,0.0,-0.34762487741612663,1.0
689,SNIc-bl/sn2003jd.p0061.dat,E,20.260223753521675,0.12000000000000001,1.9297100215005694,0.0,0.513769148813871,1.0
690,SNIa-BL/sn1996Z.p0014.dat,E,20.31708781569294,0.11000000000000001,1.1864515257872372,0.42165411787997115,0.6859741628959797,1.0
691,SNIc/sn2004aw.p0030.dat,E,20.3804413923189,0.1,0.18773591231440304,0.0,-2.0,1.0
692,SNIb/sn2009jf.p0059.dat,E,20.408495578977778,0.1,0.6271172170470423,0.21445884814143298,-0.357716542157712,1.0
693,SNIa-SS/sn2006S.p0021.dat,E,20.44385143240999,0.11000000000000001,3.0,0.31410113658720884,1.3662862025929572,1.0
694,SNIc-bl/sn2002ap.p0012.dat,E,20.45046366878994,0.11000000000000001,0.6681631927608074,0.0,-0.48528193780110557,1.0
695,SNIIb/sn1993J.p0003.dat,E,20.45719331825186,0.1,0.8918905672678848,0.0,-0.13186957780498523,1.0
696,SNIc-bl/sn1998bw.p0022.dat,E,20.462011581010316,0.12000000000000001,0.621365510276522,0.0,-0.450770145654406,1.0
697,SNIc-bl/sn1998bw.p0013.dat,E,20.480833482592566,0.12000000000000001,0.9505170000173249,0.0,0.13241148118454235,1.0
698,SNIc/sn2007gr.p0010.dat,E,20.527148758674254,0.1,0.9954745004521995,0.0,-0.08878712477924662,1.0
699,SNIc/sn2004fe.p0009.dat,E,20.585943677947057,0.1,1.2478348886844923,0.0,0.10241106703385607,1.0
700,SNIa-BL/sn2006X.p0029.dat,E,20.61382430223241,0.09000000000000001,0.1203550701648256,0.41014104395111334,-2.0,1.0
701,SNIc-bl/sn1998bw.p0009.dat,E,20.61519807316263,0.13,1.733256085874287,0.0,0.7073439850533575,1.0
702,SNIc/sn2004aw.p0023.dat,E,20.62999537655407,0.11000000000000001,0.20904075979053224,0.0,-2.0,1.0
703,SNIa-CN/sn2004at.p0018.dat,E,20.633142181041855,0.11000000000000001,3.0,0.410928030005972,1.465581521721444,1.0
704,SNIa-CN/sn2005kc.p0012.dat,E,20.634817140161637,0.11000000000000001,2.7086027848846856,0.06399447273117773,1.037346366765711,1.0
705,SNIa-SS/sn2006gr.p0018.dat,E,20.65362596023465,0.11000000000000001,2.3893249180507747,0.2515543407893474,1.1100468028565031,1.0
706,SNIa-BL/sn2002bo.p0014.dat,E,20.658503737844605,0.11000000000000001,1.105741599089541,0.44721242945697814,0.6067051840112533,1.0
707,SNIa-SS/sn2008Z.p0021.dat,E,20.67004703435944,0.11000000000000001,1.8651823993818106,0.26763105133855325,0.8740000785448464,1.0
708,SNIa-CN/sn1998dm.p0019.dat,E,20.670829496209933,0.11000000000000001,1.2823083757952984,0.31462385315409996,0.5644063760551209,1.0
709,SNIa-CL/sn2002es.p0009.dat,E,20.733700678266217,0.09000000000000001,1.087263826173181,0.0,-0.06413066121540813,1.0
710,SNIc/sn2004fe.p0003.dat,E,20.74283117441802,0.11000000000000001,3.0,0.47913041440800797,1.4408387242985512,1.0
711,SNIIb/sn1993J.p0002.dat,E,20.76059480363873,0.1,0.9274568895670304,0.0,-0.11024944327068131,1.0
712,SNIa-CL/sn2007fb.p0058.dat,E,20.805022161436376,0.1,1.2197667320602952,0.15715211020335185,0.1415331551103948,1.0
713,SNIa-CN/sn1998aq.p0081.dat,E,20.80537678687929,0.11000000000000001,2.0951986081211307,0.49073381853897363,1.2393441925368625,1.0
714,SNIc/sn2004aw.p0017.dat,E,20.832612708266808,0.11000000000000001,0.2420185898220049,0.09736632290699616,-1.7144146712919524,1.0
715,SNII/sn2004et.p0047.dat,E,20.833162375411153,0.09000000000000001,0.14601879187771602,0.048877515780801545,-2.0,1.0
716,SNIa-CN/sn1995D.p0017.dat,E,20.84830908616936,0.11000000000000001,3.0,0.3536298330248021,1.7077326477271821,1.0
717,SNIc-bl/sn1997ef.m0004.dat,E,20.874250458029238,0.13,2.109941388668269,0.0,0.6789445383302526,1.0
718,SNIa-BL/sn2002dj.p0016.dat,E,20.881920517049288,0.11000000000000001,0.8465274715419945,0.0,-0.21810824440029994,1.0
719,SNIa-BL/sn1995al.p0018.dat,E,20.89693003795941,0.11000000000000001,1.126839243164318,0.4468718054489682,0.6163229894881904,1.0
720,SNIa-CN/sn1999ac.p0011.dat,E,20.905974010478445,0.11000000000000001,3.0,0.19944239406844153,1.270486838333181,1.0
721,SNIc-bl/sn2002ap.p0005.dat,E,20.924716506489823,0.11000000000000001,1.7482195083048953,0.0,0.5119026601887394,1.0
722,SNIa-CN/sn2007fs.p0085.dat,E,20.93853977051408,0.1,3.0,0.5516497819464482,1.718089843240433,1.0
723,SNIa-CL/sn2006H.p0019.dat,E,20.939152527894528,0.1,0.5743380727927605,0.0,-0.8089968530909074,1.0
724,SNIa-CSM/sn2005gj.p0079.dat,E,20.97423562386549,0.1,0.8510381157176921,0.0,-0.2445556305992993,1.0
725,SNIa-BL/sn1999cl.p0008.dat,E,20.97948986930041,0.11000000000000001,0.17475342268659336,0.31326278274382974,-1.5043382739319358,1.0
726,SNIa-BL/sn2001gc.p0013.dat,E,20.992098230306397,0.12000000000000001,0.8810010592669584,0.44189284701333026,0.3136105066184246,1.0
727,SNIa-BL/sn2002bf.p0014.dat,E,21.013423403323614,0.12000000000000001,1.8638958612307028,0.13730681827995508,0.7222090681513289,1.0
728,SNIa-BL/sn2006X.p0013.dat,E,21.020837987927393,0.11000000000000001,0.09278095165131128,0.5068078096026343,-2.0,1.0
729,SNIa-CL/sn1999by.p0005.dat,E,21.032433821669862,0.11000000000000001,1.374674600029203,0.0,0.3080269445060347,1.0
730,SNIc/sn2007gr.p0007.dat,E,21.034520518803216,0.1,1.5084670209016882,0.0,0.3406492508560095,1.0
731,SNIa-BL/sn2002dp.p0013.dat,E,21.044210617862035,0.11000000000000001,3.0,0.3387912659561904,1.3661651918126683,1.0
732,SNIc/sn2007gr.p0008.dat,E,21.061713154887162,0.1,0.8644735920211033,0.11187918593702967,-0.16833224336713787,1.0
733,SNIa-SS/sn2005eu.p0023.dat,E,21.063716001198173,0.11000000000000001,2.0351107737620686,0.0,0.6333145891684017,1.0
734,SNIa-CN/sn2002fk.p0086.dat,E,21.144404974562143,0.1,3.0,0.6014784975409465,1.72061542181114,1.0
735,SNIa-BL/sn2004fu.p0015.dat,E,21.145198598111588,0.11000000000000001,2.1440758222475393,0.4490735074188192,1.1058492566929448,1.0
736,SNIa-CN/sn2003du.p0018.dat,E,21.146852881796253,0.11000000000000001,3.0,0.42536789978016554,1.4850580340861261,1.0
737,SNIc/sn1990B.p0022.dat,E,21.147671783764352,0.1,0.2125901246441576,0.047009394192030374,-2.0,1.0
738,SNIa-BL/sn2003kc.p0015.dat,E,21.184298590462173,0.11000000000000001,2.230763257081036,0.0,0.7294461967008191,1.0
739,SNIa-BL/sn2002bf.p0016.dat,E,21.187500451290084,0.11000000000000001,1.1382986090061735,0.0,0.04170573261789961,1.0
740,SNIa-BL/sn1999gh.p0008.dat,E,21.19811418338352,0.11000000000000001,2.480403152753564,0.32395612501799487,1.1704174557485663,1.0
741,SNIc-bl/sn2003jd.p0054.dat,E,21.219937575869547,0.12000000000000001,1.9331588876703565,0.0,0.4953957627388387,1.0
742,SNIa-BL/sn2007co.p0087.dat,E,21.223604990611385,0.1,2.7969335024803375,0.49352335526531127,1.7457588313299153,1.0
743,SNIa-CN/sn2006cf.p0017.dat,E,21.227433280846057,0.11000000000000001,3.0,0.22561307972744005,1.2511696543740238,1.0
744,SNIc-bl/sn2003jd.p0072.dat,E,21.25894795030619,0.12000000000000001,2.651554924267613,0.0,0.7923787759265716,1.0
745,SNIa-CL/sn2006em.p0004.dat,E,21.307837706969742,0.11000000000000001,0.5993261455962462,0.044648166601548286,-0.5441908072280256,1.0
746,SNIIn/sn2007pk.p0076.dat,E,21.356272527690695,0.09000000000000001,1.0640507313836483,0.0,0.018338966316508137,1.0
747,SNIa-BL/sn2001bg.p0014.dat,E,21.37435461211187,0.11000000000000001,3.0,0.44244529200315164,1.5582808455332107,1.0
748,SNIa-BL/sn2007le.p0016.dat,E,21.41919154578207,0.11000000000000001,0.9883042253094991,0.5107853635664854,0.6016604732257699,1.0
749,SNIa-CL/sn2006H.p0007.dat,E,21.42381649732028,0.11000000000000001,0.5584837023169001,0.0,-0.7291113875329278,1.0
750,SNIc-bl/sn1997ef.m0005.dat,E,21.45869087056289,0.13,2.474169605659812,0.0,0.8427215643539625,1.0
751,SNIc/sn2007gr.p0012.dat,E,21.465549945913885,0.1,0.9304936267379157,0.0,-0.1153216515709004,1.0
752,SNIc/sn2005az.p0021.dat,E,21.46655128776567,0.09000000000000001,0.1572615365620316,0.0,-2.0,1.0
753,SNIa-CN/sn2003kf.p0018.dat,E,21.47637312781387,0.11000000000000001,1.021299293030009,0.4559521252646876,0.5149557045640929,1.0
754,SNIa-BL/sn2005am.p0012.dat,E,21.493847507774205,0.11000000000000001,3.0,0.3902422695487529,1.4138182980666456,1.0
755,SNIa-BL/sn2002bo.p0013.dat,E,21.508327113781682,0.11000000000000001,1.4946822262304373,0.48654977532362514,0.9490114993017731,1.0
756,SNIa-BL/sn2006X.p0014.dat,E,21.513729030595353,0.12000000000000001,0.09593073413459514,0.4835707597848955,-2.0,1.0
757,SNIc-bl/sn1998bw.p0019.dat,E,21.51789591905324,0.12000000000000001,0.3815250742262082,0.0,-0.8120239185279547,1.0
758,SNIc-bl/sn1997ef.p0013.dat,E,21.51907789132701,0.11000000000000001,1.5096443914871192,0.0,0.2637590709147827,1.0
759,SNIa-BL/sn2001N.p0010.dat,E,21.519930265004923,0.12000000000000001,1.1335545689298878,0.0,0.08429652739180489,1.0
760,SNIa-BL/sn2006X.p0012.dat,E,21.564230621656318,0.11000000000000001,0.08433182949384894,0.5392578880678992,-2.0,1.0
761,SNIc-bl/sn2002ap.p0004.dat,E,21.578351852508906,0.12000000000000001,1.364271697117221,0.0,0.2533673587438852,1.0
762,SLSN-I/snSSS120810.p0041.dat,E,21.58151792954928,0.11000000000000001,1.3488626908047983,0.0,0.42461852834332414,1.0
763,SNIa-BL/sn1997do.p0015.dat,E,21.592572693020447,0.11000000000000001,2.8631680145039504,0.3928928620032689,1.4646409740989115,1.0
764,SNIc-bl/sn1998bw.p0011.dat,E,21.594957865201224,0.12000000000000001,1.2408156863679638,0.0,0.22113584987818297,1.0
765,SNIa-CN/sn2006cf.p0031.dat,E,21.59946941522258,0.1,0.5820494401231389,0.0,-0.7789801049044374,1.0
766,SNIa-BL/sn1999ej.p0011.dat,E,21.607524578677694,0.11000000000000001,3.0,0.32002771195575325,1.3111593207050098,1.0
767,SNIc-bl/sn2003jd.p0055.dat,E,21.63817386396513,0.12000000000000001,2.252992175971235,0.0,0.6449607547013948,1.0
768,SNIa-CL/sn2000dk.p0010.dat,E,21.63856223595103,0.11000000000000001,3.0,0.24847793760185444,1.2378319574555858,1.0
769,SNIa-CN/sn1996ai.p0015.dat,E,21.654622102974933,0.11000000000000001,0.18461069448593204,0.02230812528547252,-2.0,1.0
770,SNIc-bl/sn1997ef.m0006.dat,E,21.659012042374403,0.13,2.876036523031703,0.0,1.0016151452626396,1.0
771,SNIa-SS/sn1998es.p0018.dat,E,21.699601126552313,0.11000000000000001,2.545232020497133,0.3945873062421013,1.315154981003974,1.0
772,SNIa-CSM/sn2012ca.m0006.dat,E,21.77023681285109,0.1,0.7018476476157475,0.14449549826239053,-0.305767666949933,1.0
773,SNIa-BL/sn2002bf.p0013.dat,E,21.811427578741124,0.12000000000000001,2.0045716801051325,0.0902030721058638,0.73544019763481,1.0
774,SNIc/sn1994I.m0001.dat,E,21.830905139190673,0.12000000000000001,1.9611439918943823,0.0,0.6051153243752925,1.0
775,SNIa-BL/sn2006X.p0011.dat,E,21.83445588790607,0.12000000000000001,0.08769144481396435,0.5004332984792538,-2.0,1.0
776,SNIc-bl/sn1997ef.p0014.dat,E,21.931055795703017,0.11000000000000001,1.4025537803798818,0.0,0.19372091911316,1.0
777,SNIb/sn2004dk.p0049.dat,E,21.942458058286043,0.1,0.32270426324165163,0.0,-1.2938656120037444,1.0
778,SNIIb/sn1998fa.p0040.dat,E,21.95299749791635,0.1,0.4890064342118662,0.0,-0.8562522907335472,1.0
779,SNIa-CN/sn1999ek.p0012.dat,E,21.970001267755848,0.11000000000000001,0.7292592844390773,0.30148829471166655,-0.022947209785087495,1.0
780,SNIa-BL/sn1996bo.p0011.dat,E,21.97377477667361,0.11000000000000001,0.6644012955123879,0.5283656771946905,0.2515049343135616,1.0
781,SNIa-CN/sn2000fa.p0016.dat,E,21.99212694133461,0.11000000000000001,3.0,0.5430592717250038,1.719139867495736,1.0
782,SNIc/sn2007gr.p0015.dat,E,21.992270748050547,0.1,0.6800067915664388,0.0,-0.4937920529024958,1.0
783,SNIa-BL/sn2007af.p0012.dat,E,21.993587447974626,0.11000000000000001,3.0,0.39720570541891964,1.4639564832322258,1.0
784,SNIa-CL/sn2007fb.p0015.dat,E,22.003143774536294,0.11000000000000001,3.0,0.2625976191114745,1.264864190136049,1.0
785,SNIa-CN/sn2002do.p0030.dat,E,22.00684576031119,0.1,0.46051797721611837,0.0,-1.0847276585155576,1.0
786,SNIa-SS/sn2001V.p0105.dat,E,22.064207738803706,0.1,2.518595271169973,0.5923797247134631,2.0,1.0
787,SNIa-CN/sn2007F.p0018.dat,E,22.07544315781154,0.11000000000000001,3.0,0.4685948820484571,1.5732365752388993,1.0
788,SNIIn/sn2007pk.p0059.dat,E,22.10411143398096,0.09000000000000001,0.7786524731098629,0.044867452512265794,-0.13603406585835626,1.0
789,SNIa-BL/sn1997do.p0014.dat,E,22.10682998110014,0.11000000000000001,3.0,0.35705167880412514,1.4611502283165898,1.0
790,SNIc/sn2004aw.p0024.dat,E,22.1075541168128,0.11000000000000001,0.2201616149866418,0.0,-1.7512642028643208,1.0
791,SNIa-BL/sn1997bq.p0009.dat,E,22.124994845036746,0.11000000000000001,3.0,0.42587016023685775,1.5496785397393635,1.0
792,SNIc-bl/sn2007D.m0008.dat,E,22.15032649810703,0.12000000000000001,0.22438836125166242,0.0,-1.532559564976701,1.0
793,SNIb/sn2004gv.p0015.dat,E,22.152837023275254,0.1,0.6359007940660021,0.0033767104965535776,-0.5167408899463245,1.0
794,SNIa-BL/sn2001N.p0011.dat,E,22.17230987291531,0.12000000000000001,1.0744971694458554,0.0,-0.0048611512073220495,1.0
795,SNIc/sn2005az.p0018.dat,E,22.175338687924494,0.09000000000000001,0.37326656945495207,0.0,-1.172894424276618,1.0
796,SNIc/sn2007gr.p0005.dat,E,22.178639770499615,0.1,1.6512200559488959,0.0,0.4587188805015047,1.0
797,SNIa-BL/sn2007af.p0097.dat,E,22.199974376897366,0.1,3.0,0.6648807155649148,1.9020051512853473,1.0
798,SNIa-CN/sn2002fk.p0088.dat,E,22.24811619440011,0.1,3.0,0.6466039909854531,1.8078818721325938,1.0
799,SNIa-BL/sn2006X.p0010.dat,E,22.248812438155937,0.12000000000000001,0.08863346609125393,0.5124025902979731,-2.0,1.0
800,SNIa-BL/sn1995al.p0094.dat,E,22.29079501159494,0.1,2.9155278964801585,0.5754055784761251,1.8190844589825157,1.0
801,SLSN-IIn/sn2006gy.p0076.dat,E,22.318571814045054,0.09000000000000001,0.23392162895064886,0.0,-1.8461818440381683,1.0
802,SNIa-BL/sn2007bm.p0010.dat,E,22.34164195182108,0.11000000000000001,1.7282374927032649,0.19498402086321617,0.6937929255744814,1.0
803,SNIa-BL/sn2007le.p0015.dat,E,22.355733455888807,0.11000000000000001,1.1582741712050426,0.5184041753343372,0.7575558879841002,1.0
804,SNIIb/sn1993J.p0035.dat,E,22.378090188343805,0.1,0.2170510170101336,0.4634047759445753,-1.2792609983986507,1.0
805,SNIa-BL/sn1994M.p0013.dat,E,22.382051549418073,0.11000000000000001,3.0,0.44556444089225067,1.8971479272596603,1.0
806,SNIa-CN/sn1998V.p0013.dat,E,22.38304382149943,0.11000000000000001,3.0,0.4010511522043447,1.4731713768157468,1.0
807,SNIa-CSM/snPTF12efc.p0036.dat,E,22.394745047264863,0.1,2.204271077784083,0.0,0.5973003730244304,1.0
808,SNIa-BL/sn2000cf.p0015.dat,E,22.397333631935922,0.11000000000000001,3.0,0.14158058197773452,1.1368666563898606,1.0
809,SNIa-CSM/sn2005gj.p0051.dat,E,22.41740213198898,0.1,0.5530066570142645,0.0028494422528829613,-0.6720126322817378,1.0
810,SNIa-BL/sn2003W.p0049.dat,E,22.489245719341703,0.1,0.7987146387920727,0.0,-0.4181548521291226,1.0
811,SNIa-SS/sn2001az.p0020.dat,E,22.510430322115067,0.11000000000000001,1.4603511794637611,0.4408643837055405,1.076941825732518,1.0
812,SNIa-CN/sn1994D.p0073.dat,E,22.514566511380632,0.11000000000000001,2.051795585689119,0.5826933651925633,1.4071452850693107,1.0
813,SNIa-BL/sn2002bo.p0012.dat,E,22.51627012539869,0.11000000000000001,1.5347063507760506,0.5113767156171238,0.9834701983528493,1.0
814,SNIc/sn2004aw.p0003.dat,E,22.558341079186057,0.12000000000000001,0.6580956968618199,0.0,-0.5569218058130259,1.0
815,SNIa-SS/sn2007S.p0064.dat,E,22.572790456012342,0.1,1.189551355539057,0.0,0.008549929986279766,1.0
816,SNIa-CN/sn2003cg.p0011.dat,E,22.573046387965377,0.11000000000000001,0.21752007083077327,0.2661718599434488,-1.3308029902334553,1.0
817,SNIa-CN/sn2001br.p0052.dat,E,22.576543166538364,0.1,0.6024598029752695,0.0,-0.7341313468704836,1.0
818,SNIa-CN/sn2006lf.p0011.dat,E,22.60795177408049,0.11000000000000001,0.6802428990523639,0.23541490138941135,-0.1672819298949574,1.0
819,SNIa-CN/sn1995D.p0093.dat,E,22.61668313814212,0.1,3.0,0.6595947455588766,1.7889108476146016,1.0
820,SNIc-bl/sn1998bw.p0012.dat,E,22.630873157652175,0.12000000000000001,1.4412977245206056,0.0,0.4079160024944074,1.0
821,SNIc/sn2007gr.p0019.dat,E,22.663191619445413,0.1,0.4415440091982221,0.0,-1.028917652387376,1.0
822,SNIc/sn2005mf.m0002.dat,E,22.678784336695966,0.12000000000000001,1.6043159257129544,0.0,0.4579198358314296,1.0
823,SLSN-I/snSSS120810.p0059.dat,E,22.682615385298178,0.1,1.277200698648045,0.0,0.25885512161175606,1.0
824,SNIc/sn1994I.m0002.dat,E,22.68381058707309,0.12000000000000001,2.333563285473776,0.0,0.7955425743461644,1.0
825,SNIc-bl/sn2002ap.p0003.dat,E,22.73035858780255,0.12000000000000001,1.0056753930504343,0.0,0.34420587824627286,1.0
826,SNIa-SS/sn2000cx.p0061.dat,E,22.736469495250653,0.1,0.9145863678551479,0.5125322544342508,0.4260438252231866,1.0
827,SNIc/sn2004aw.p0002.dat,E,22.745040536964733,0.12000000000000001,0.8329786620462556,0.0,-0.2535963684000852,1.0
828,SNIc/sn2005az.p0025.dat,E,22.760660830121203,0.09000000000000001,0.3695011222865466,0.0,-1.2024181221363024,1.0
829,SNIa-CN/sn2003ic.p0022.dat,E,22.767279561754428,0.1,0.506650486104502,0.03402517058835943,-0.9100500684479667,1.0
830,SNIa-BL/sn1997E.p0011.dat,E,22.76753573846026,0.11000000000000001,1.2709317451288566,0.3433034849271471,0.6505678208576591,1.0
831,SNIa-CN/sn2005kc.p0010.dat,E,22.770244660616218,0.1,3.0,0.0674882164713107,1.0809796864587564,1.0
832,SNIc-bl/sn1998bw.p0063.dat,E,22.770822358728605,0.12000000000000001,1.7227161491677159,0.0,0.498898663943732,1.0
833,SNIa-BL/sn2006ac.p0013.dat,E,22.794402341531246,0.11000000000000001,3.0,0.5266642739450432,1.664970037773159,1.0
834,SNIa-BL/sn2002bf.p0012.dat,E,22.807771115465712,0.12000000000000001,1.5353489398944637,0.0,0.3493803913882875,1.0
835,SNIa-BL/sn2001N.p0009.dat,E,22.8211185106371,0.12000000000000001,1.3643228858472767,0.0,0.27287539473787237,1.0
836,SNIa-CN/sn1998bu.p0014.dat,E,22.850381652704748,0.11000000000000001,3.0,0.40774641272305584,1.4490822860033725,1.0
837,SNIb-pec/sn2007uy.p0075.dat,E,22.85311222807431,0.1,0.14484867208800817,0.13492191592421182,-2.0,1.0
838,SNII/sn1999em.p0095.dat,E,22.859455011936802,0.08,0.5328866272337488,0.4580595132891948,-0.16499205141484782,1.0
839,SNIa-BL/sn2005am.p0011.dat,E,22.87826644138429,0.11000000000000001,3.0,0.420656663906313,1.4468425705077959,1.0
840,SNIa-CN/sn2008C.p0012.dat,E,22.92776275664448,0.11000000000000001,2.138518637587174,0.0,0.7063395139267836,1.0
841,SNII/sn2002gd.p0089.dat,E,22.92987163326514,0.08,0.5187660233800214,0.2543765807405237,-0.2919936056345807,1.0
842,SNIa-BL/sn2001en.p0014.dat,E,22.953967147222343,0.11000000000000001,2.3271727450560484,0.44908856975858474,1.279993196908804,1.0
843,SNIc/sn2004fe.p0002.dat,E,22.967152311731407,0.12000000000000001,3.0,0.0,0.9574104407057886,1.0
844,SNIa-SS/sn1998es.p0017.dat,E,22.968189810444493,0.11000000000000001,2.903607206021789,0.41963981716110776,1.4956553589114172,1.0
845,SNIc-bl/sn1997ef.p0018.dat,E,22.98911167673444,0.11000000000000001,0.9323925178988515,0.0,-0.24188150943935713,1.0
846,SNII/sn2004et.p0042.dat,E,22.99552146049209,0.09000000000000001,0.15449147195694385,0.08909464998948784,-1.9396150629947613,1.0
847,SNIa-CN/sn2008C.p0042.dat,E,23.00271007595283,0.1,0.7530568762677677,0.0,-0.5092682169875546,1.0
848,SNIc-bl/sn1997ef.p0016.dat,E,23.03339136964579,0.11000000000000001,1.1295455403343406,0.0,-0.03484786864917767,1.0
849,SLSN-I/snSSS120810.p0034.dat,E,23.039694018528728,0.11000000000000001,1.7341244311713648,0.0,0.5651192139472093,1.0
850,SNIa-CN/sn1994D.p0013.dat,E,23.06732618161628,0.11000000000000001,3.0,0.46749080042783075,1.5211959638216133,1.0
851,SNIa-BL/sn2007le.p0014.dat,E,23.094546909356094,0.11000000000000001,1.3569276500357972,0.5314373335232301,0.9135515052034515,1.0
852,SNIa-BL/sn1997do.p0012.dat,E,23.09541396640391,0.11000000000000001,3.0,0.4363742189741951,1.5525462903335177,1.0
853,SNIb/sn2004gv.p0013.dat,E,23.1045514622134,0.1,0.43887804920445167,0.0,-1.0068522227821621,1.0
854,SNII/sn2004et.p0030.dat,E,23.12272088382148,0.09000000000000001,0.3426378880054964,0.0,-1.2345839701400307,1.0
855,SNIc/sn2004aw.p0026.dat,E,23.1558398339307,0.1,0.44038073131922034,0.0,-1.0659058658457208,1.0
856,SNIa-SS/sn2003fa.p0018.dat,E,23.18852447654633,0.11000000000000001,3.0,0.45090458713163745,1.5864796370458232,1.0
857,SNIa-CN/sn2006le.p0017.dat,E,23.198503808664153,0.11000000000000001,1.384601181636741,0.44868834522112766,0.7871956500856158,1.0
858,SNIb/sn2007C.p0007.dat,E,23.207211976174868,0.1,0.39595239101342344,0.0,-1.0663584188498483,1.0
859,SNIa-CN/sn1998dm.p0017.dat,E,23.217319177098375,0.11000000000000001,1.2204301050505422,0.3864899142101575,0.5612961832711298,1.0
860,SNIa-BL/sn1996bo.p0009.dat,E,23.219149387015424,0.11000000000000001,1.5039161048420016,0.5214445127970045,0.9474301534317009,1.0
861,SNIa-CN/sn2004L.p0027.dat,E,23.23554935955222,0.1,1.18881315071234,0.0,0.002718432946653154,1.0
862,SNIa-SS/sn2005eu.p0038.dat,E,23.244369412070284,0.1,0.9257134969241488,0.0,-0.26987732472185283,1.0
863,SNIa-CN/sn2003kf.p0017.dat,E,23.266100743098292,0.11000000000000001,1.4426244036613407,0.5177688337979919,0.8993588455059514,1.0
864,SNIa-CN/sn2000fa.p0014.dat,E,23.294781035858154,0.11000000000000001,3.0,0.6105546713601484,1.7800834197376756,1.0
865,SNIa-CN/sn2002fk.p0092.dat,E,23.302609468588315,0.1,2.8239905335544386,0.6635135766036059,1.7767652723400482,1.0
866,SNIa-SS/sn2007if.p0119.dat,E,23.31053068849933,0.11000000000000001,3.0,0.5310095940340148,1.758701714548939,1.0
867,SNIa-SS/sn2003fa.p0019.dat,E,23.313365344429098,0.11000000000000001,2.070298174671594,0.3652127423978322,1.0008421327317167,1.0
868,SNIa-CN/sn1998bu.p0012.dat,E,23.3193567965591,0.11000000000000001,3.0,0.39488458398037674,1.450565468810649,1.0
869,SNIc-bl/sn1997ef.p0017.dat,E,23.353660579011535,0.11000000000000001,1.3528500440676683,0.0,0.14527366570401484,1.0
870,SNII/sn2004et.p0055.dat,E,23.35749097247654,0.09000000000000001,0.12263138195772345,0.20718996309505028,-2.0,1.0
871,SNIa-CN/sn1996ai.p0002.dat,E,23.359859966019,0.08,0.16566395705608752,0.0019021254031606001,-2.0,1.0
872,SNII/sn2012aw.p0056.dat,E,23.363280735459355,0.09000000000000001,0.6958438557796138,0.26394163626787087,0.0853834295200219,1.0
873,SNIa-CN/sn2002ck.p0012.dat,E,23.36908726728562,0.11000000000000001,3.0,0.469567057045762,1.4847403978171942,1.0
874,SNIa-BL/sn1995al.p0016.dat,E,23.37318502691101,0.11000000000000001,1.388905541300996,0.5312148009796457,0.897153400261757,1.0
875,SNIIb/sn1993J.p0037.dat,E,23.3933226755484,0.1,0.18547995684163598,0.4565011511144479,-1.5231669713633536,1.0
876,SNIc/sn1994I.p0011.dat,E,23.39630650545203,0.11000000000000001,0.22444994876033644,0.09116197886116345,-1.4772824119735959,1.0
877,SNIb/sn2008D.p0062.dat,E,23.399862164150868,0.11000000000000001,0.3386231452260934,0.2767299387359763,-0.8440974936031185,1.0
878,SNIa-BL/sn1996Z.p0010.dat,E,23.40999379643643,0.11000000000000001,1.1772576072570275,0.42395818852789474,0.6990620380455876,1.0
879,SNIa-CN/sn1999ac.p0010.dat,E,23.422356220453246,0.11000000000000001,2.4210793626194196,0.2484928674884867,1.0549833846707755,1.0
880,SNIa-CN/sn2008bf.p0016.dat,E,23.42594646342777,0.11000000000000001,3.0,0.5482844386435641,1.5920471505311509,1.0
881,SNIc/sn2005mf.m0003.dat,E,23.42949718884556,0.12000000000000001,1.8946137397190275,0.0,0.6207609992920706,1.0
882,SNIa-CN/sn2003du.p0016.dat,E,23.44573758191873,0.11000000000000001,3.0,0.5689238061926343,1.65553841460816,1.0
883,SNII/sn2012aw.p0047.dat,E,23.466928598430783,0.09000000000000001,0.5845039020454752,0.211604578743074,-0.367500118023488,1.0
884,SNIc/sn1994I.m0003.dat,E,23.46724156017464,0.12000000000000001,1.899811133656925,0.0,0.7861926637131271,1.0
885,SNIc-bl/sn1997ef.p0020.dat,E,23.482855636224805,0.11000000000000001,1.0600124530563309,0.0,-0.1561271782188637,1.0
886,SNIb/sn2006ep.p0044.dat,E,23.49854921913518,0.09000000000000001,1.4831527842889674,0.0,0.29737707653695683,1.0
887,SNIa-BL/sn2002cd.p0018.dat,E,23.505294075346796,0.12000000000000001,0.06548324555060483,0.6227333968343424,-2.0,1.0
888,SNIa-BL/sn2007af.p0011.dat,E,23.579171624119297,0.11000000000000001,3.0,0.403305857131958,1.4508873729328118,1.0
889,SNIa-BL/sn1997do.p0011.dat,E,23.58427212649133,0.11000000000000001,3.0,0.4470676771800284,1.5461912088518543,1.0
890,SNIa-BL/sn2006X.p0008.dat,E,23.620364055399442,0.12000000000000001,0.09365972838764654,0.49302722807894295,-2.0,1.0
891,SNIa-CN/sn1994D.p0075.dat,E,23.63897100629104,0.1,2.2646222673327827,0.6018543666904476,1.5595011060365185,1.0
892,SNIb/sn2004gv.p0019.dat,E,23.642528365352494,0.1,0.3604050033173969,0.21414984912982238,-1.0126551019079146,1.0
893,SNIb/sn2006ep.p0008.dat,E,23.645779933137494,0.1,0.3220867962283053,0.17717059747534492,-1.129669095439936,1.0
894,SNIa-BL/sn2007le.p0013.dat,E,23.669938513788775,0.11000000000000001,1.5195219330502427,0.5246552020846631,0.994065707000825,1.0
895,SNIb/sn2004gv.p0048.dat,E,23.692609080503605,0.1,0.6330906857221686,0.43096527254009026,-0.1834166778807908,1.0
896,SNIc-bl/sn1997ef.p0021.dat,E,23.699569086944962,0.11000000000000001,0.802117133705476,0.0,-0.41906145853353927,1.0
897,SNIa-CL/sn2007fb.p0014.dat,E,23.704116142030827,0.11000000000000001,3.0,0.49718374790159703,1.510960202024306,1.0
898,SNIa-CL/sn2006hb.p0012.dat,E,23.722351322437852,0.11000000000000001,3.0,0.5634631365386712,1.551573663831398,1.0
899,SNIa-CN/sn1998V.p0012.dat,E,23.722356298431063,0.11000000000000001,3.0,0.4520167372069121,1.49531495046049,1.0
900,SNIa-BL/sn2007jg.p0013.dat,E,23.72615824862142,0.11000000000000001,2.8983261926515542,0.4781496163813857,1.5112180203958936,1.0
901,SNIb-pec/sn2009er.p0054.dat,E,23.733810454575643,0.11000000000000001,0.4292215665376179,0.0,-0.9045039104365551,1.0
902,SNIa-SS/sn2003fa.p0017.dat,E,23.740514600842516,0.11000000000000001,2.822815453961875,0.5217733484003203,1.475767049919046,1.0
903,SNIIb/sn2000H.p0004.dat,E,23.74149583775602,0.1,0.8020006271619904,0.08408074806367324,-0.12527974586257493,1.0
904,SLSN-IIn/sn2006gy.p0057.dat,E,23.758624432716942,0.09000000000000001,0.2157225345916693,0.0,-2.0,1.0
905,SNIa-BL/sn2002bo.p0010.dat,E,23.76688265270422,0.12000000000000001,1.0570650268168873,0.5039140425658073,0.5600005420025098,1.0
906,SNIa-CSM/sn2017eby.p0015.dat,E,23.781291641072183,0.1,1.8561028307114882,0.0,0.5272280422634685,1.0
907,SNIa-CN/sn2002do.p0017.dat,E,23.794715979074503,0.1,0.6364039331663343,0.0,-0.7021400579515179,1.0
908,SNIa-CN/sn2001ck.p0016.dat,E,23.79554519498543,0.11000000000000001,3.0,0.3858712825785404,1.4106567777138679,1.0
909,SNIc-bl/sn2002ap.p0001.dat,E,23.798704877303425,0.12000000000000001,2.4069018987335227,0.0,0.8792958002404571,1.0
910,SNII/sn2004et.p0032.dat,E,23.828608111969487,0.09000000000000001,0.3098758552124557,0.0,-1.308925078435708,1.0
911,SNIa-CN/sn2004L.p0020.dat,E,23.835717755784973,0.1,0.9679123832690222,0.0,-0.22342393304486605,1.0
912,SNIa-CN/sn2003cg.p0010.dat,E,23.84697320070455,0.11000000000000001,0.16841255686469989,0.3205475652244491,-1.5694659635989958,1.0
913,SNIa-CL/sn2006H.p0006.dat,E,23.86102645684074,0.12000000000000001,0.5962726642928629,0.0,-0.6129945994811348,1.0
914,SNIb-pec/sn2007uy.p0045.dat,E,23.872300156198737,0.11000000000000001,0.3555810962462046,0.0,-1.1927671457618796,1.0
915,SNII/sn2004et.p0027.dat,E,23.882370257852592,0.09000000000000001,0.4532595486698459,0.0,-0.9425373579020724,1.0
916,SNIa-CN/sn1998dx.p0013.dat,E,23.890613185344364,0.11000000000000001,3.0,0.4990549271054596,1.4537478492023421,1.0
917,SNIc/sn2004aw.p0047.dat,E,23.890681194506286,0.1,0.5620455856454187,0.0,-0.7353535567946847,1.0
918,SNIa-BL/sn2007co.p0012.dat,E,23.89348817199458,0.11000000000000001,2.6666512773322593,0.41598536274569137,1.3801504522365982,1.0
919,SNIa-CN/sn1998bu.p0011.dat,E,23.903174244174057,0.11000000000000001,2.70980183283374,0.3559689640392673,1.2855849174962661,1.0
920,SNIc/sn2007gr.p0034.dat,E,23.9069916892742,0.1,0.25007062266742314,0.36910921160004284,-1.1260370131610764,1.0
921,SNIa-SS/sn1998es.p0016.dat,E,23.923793042743252,0.11000000000000001,2.8638059124710664,0.5035971169518243,1.5715507517655445,1.0
922,SNIc/sn2007gr.m0001.dat,E,23.947739058411383,0.11000000000000001,2.502759317827135,0.0,0.8937132515446107,1.0
923,SNIIb/sn1993J.max.dat,E,23.95630577970996,0.1,1.1593385702925825,0.0,0.037022057999368974,1.0
924,SNIa-BL/sn2001gc.p0007.dat,E,24.00032815014424,0.12000000000000001,1.0065040597237398,0.4041680964449243,0.28423446790409246,1.0
925,SNIa-BL/sn2001en.p0012.dat,E,24.023559768106068,0.11000000000000001,2.9868218409648586,0.44796230751109384,1.5117485104191553,1.0
926,SNIa-BL/sn2002dj.p0010.dat,E,24.036173258069688,0.11000000000000001,3.0,0.563866441283577,1.7257079010897836,1.0
927,SNIa-BL/sn1994M.p0012.dat,E,24.04136794674952,0.11000000000000001,2.477378657019521,0.5589177390362072,2.0,1.0
928,SNIa-CL/sn1999by.p0004.dat,E,24.075767655657682,0.11000000000000001,1.5072856221539521,0.1042812211353411,0.4657124512294983,1.0
929,SNIIb/sn2006el.p0009.dat,E,24.10509489300592,0.1,0.8420917504889078,0.003217739487190278,-0.28679396103637256,1.0
930,SNIc/sn2005az.p0003.dat,E,24.16384583901712,0.1,0.6501059257692924,0.0024054432441430323,-0.5652442827814529,1.0
931,SNIa-BL/sn2007le.p0012.dat,E,24.16431369104982,0.11000000000000001,1.6910408025207948,0.5164583732904262,1.0609826723455893,1.0
932,SNIa-BL/sn1997do.p0010.dat,E,24.164965392625135,0.11000000000000001,3.0,0.4429853520174351,1.5240736999956386,1.0
933,SNIa-BL/sn2006ac.p0011.dat,E,24.170113480863506,0.11000000000000001,3.0,0.5249511313748392,1.620251514559968,1.0
934,SNIa-CL/sn2002es.p0005.dat,E,24.189890926592675,0.09000000000000001,1.8603686859719708,0.0,0.495188860763191,1.0
935,SNIb/sn2009jf.p0007.dat,E,24.24167517246746,0.11000000000000001,1.288021146430644,0.0,0.1571424716562778,1.0
936,SNIc-bl/sn1998bw.p0006.dat,E,24.244488699773928,0.13,1.9843751915053365,0.0,0.7051475424065317,1.0
937,SNIc/sn2004dn.p0052.dat,E,24.258421649198684,0.1,1.1729182371296156,0.2021564478203795,0.16802579210221655,1.0
938,SNIb-pec/sn2009er.p0053.dat,E,24.27887372027657,0.11000000000000001,0.4826643942361898,0.0,-0.7817955708664259,1.0
939,SNIa-CN/sn2006le.p0014.dat,E,24.288986459540848,0.11000000000000001,2.1767452454230143,0.4661477596018866,1.2422127107516931,1.0
940,SNIc-bl/sn2002ap.p0026.dat,E,24.300352756478468,0.11000000000000001,0.5788633953442566,0.0,-0.6873412153901999,1.0
941,SNIa-CL/sn2002eu.p0011.dat,E,24.300950747765516,0.11000000000000001,2.3015161417041865,0.18830706773956213,0.9113331038465146,1.0
942,SNII/sn2004et.p0065.dat,E,24.32344991952945,0.09000000000000001,0.10978449607469642,0.3473024120991177,-2.0,1.0
943,SNIb/sn2004gq.p0069.dat,E,24.33089248580925,0.1,0.5276774677291631,0.20069948685582445,-0.6217006546724311,1.0
944,SNIa-BL/sn2005am.p0010.dat,E,24.336924099705072,0.11000000000000001,1.8832236449936348,0.2660486927930644,0.7818557785947412,1.0
945,SNIa-BL/sn1995al.p0015.dat,E,24.356838438541338,0.11000000000000001,1.6393344640115741,0.5597821614290673,1.0749498691000994,1.0
946,SNIa-CN/sn2006le.p0015.dat,E,24.402562530822134,0.11000000000000001,1.85554342657703,0.4711169469406252,1.0743921006724777,1.0
947,SNIa-CN/sn2008C.p0010.dat,E,24.410459149832363,0.11000000000000001,2.3207638430625317,0.2686749548460833,1.2221484827023363,1.0
948,SNIa-SS/sn2001V.p0014.dat,E,24.411873049458592,0.11000000000000001,3.0,0.5647368956259418,1.6501280253470643,1.0
949,SNIa-CN/sn2006lf.p0010.dat,E,24.431022786181845,0.11000000000000001,0.6569363580513419,0.3245721527660842,-0.12660783915788243,1.0
950,SNIb/sn2006ep.p0010.dat,E,24.45587636178007,0.1,0.16357700193239144,0.2699099552250161,-1.7656597386668298,1.0
951,SNIc-bl/sn2002ap.m0000.dat,E,24.466900116354516,0.13,2.809269251609002,0.0,1.0475135958839403,1.0
952,SNIc/sn2005az.p0032.dat,E,24.46820139050134,0.09000000000000001,0.5890124262028384,0.0,-0.7011891546857202,1.0
953,SNIa-SS/sn2007S.p0013.dat,E,24.476083435293795,0.11000000000000001,2.826979500031334,0.05495119619479259,1.0480864538244181,1.0
954,SNIa-CN/sn2001ck.p0014.dat,E,24.495552740953876,0.11000000000000001,3.0,0.4347020145891244,1.4661955685745196,1.0
955,SNIa-CL/sn1998de.p0003.dat,E,24.500245804212327,0.12000000000000001,0.7274087113319144,0.30154838010609436,-0.08821784073700266,1.0
956,SNIa-BL/sn2003ch.p0015.dat,E,24.500576081275945,0.11000000000000001,3.0,0.40308595311700235,1.456385648369326,1.0
957,SNIc-bl/sn1997ef.p0046.dat,E,24.501340183157346,0.1,0.3554958614574943,0.0,-1.135870731023354,1.0
958,SNIa-BL/sn2006X.p0007.dat,E,24.507669483552576,0.12000000000000001,0.09820282211620479,0.4950860464393878,-2.0,1.0
959,SNIa-SS/sn2003fa.p0043.dat,E,24.514949244044484,0.1,0.5342778161548948,0.8230342722056914,0.4508725987114357,0.9828096774193547
960,SNIc/sn2005az.p0031.dat,E,24.517384843609808,0.09000000000000001,0.7214527544870444,0.0,-0.5025499282797061,1.0
961,SNIa-BL/sn2007af.p0102.dat,E,24.554447111263684,0.1,3.0,0.6928307120847823,1.960248133077458,1.0
962,SNIc/sn2005az.p0023.dat,E,24.557312391692854,0.09000000000000001,0.6016824034820398,0.0,-0.7193343484555095,1.0
963,SNIb-pec/sn2007uy.p0054.dat,E,24.561268964974957,0.11000000000000001,0.69262193018921,0.23542422723260054,-0.33088741713786995,1.0
964,SNIa-CN/sn1998aq.p0090.dat,E,24.564399391024047,0.11000000000000001,3.0,0.685830398266929,1.8487254285274426,1.0
965,SNIa-CN/sn2006N.p0012.dat,E,24.56936600587676,0.11000000000000001,3.0,0.8019847765505922,1.9044216138050971,1.0
966,SNII/sn1999gi.p0137.dat,E,24.57215796039889,0.09000000000000001,0.11954387836038627,0.5314050442752528,-1.872011005722309,1.0
967,SNIa-CN/sn1996ai.m0001.dat,E,24.599666281706412,0.08,0.18829247327208207,0.0,-2.0,1.0
968,SLSN-IIn/sn2006gy.p0083.dat,E,24.601269779509444,0.09000000000000001,0.2587203150202586,0.0,-1.6968977426257439,1.0
969,SNIc/sn2005az.p0030.dat,E,24.604923941036393,0.09000000000000001,0.5788730426004018,0.0,-0.7204027181285424,1.0
970,SNIb/sn2009iz.p0047.dat,E,24.608273097573775,0.09000000000000001,0.4807400661112596,0.41427736834509865,-0.3385255277122232,1.0
971,SNIc/sn2005az.m0009.dat,E,24.614796419758875,0.13,1.337510319391744,0.0,0.24602390833044685,1.0
972,SNIc-bl/sn2007bg.p0003.dat,E,24.620188072533853,0.12000000000000001,1.176516933775584,0.0,0.030146252851897835,1.0
973,SNIc/sn2005az.p0016.dat,E,24.62546846574443,0.09000000000000001,0.5586415415342626,0.0,-0.8073361097742702,1.0
974,SNIa-CN/sn1996ai.p0004.dat,E,24.63979770486491,0.08,0.1784833654629433,0.017895853684437815,-2.0,1.0
975,SNIa-BL/sn2007co.p0011.dat,E,24.64832505800522,0.11000000000000001,3.0,0.4217606567601923,1.50175868762316,1.0
976,SNIa-CN/sn2001br.p0053.dat,E,24.656239657981722,0.1,0.7610775937688374,0.0,-0.4783523821891129,1.0
977,SNIc/sn2007gr.m0004.dat,E,24.659412114468488,0.11000000000000001,3.0,0.019118796164117838,1.1150832644125743,1.0
978,SNIa-SS/sn1999aa.p0017.dat,E,24.673689801932802,0.11000000000000001,2.727017562680237,0.5849894910315995,1.5656950671308438,1.0
979,SNIc/sn2005az.m0004.dat,E,24.67969031922015,0.13,0.889396532401413,0.0,-0.18537357670922935,1.0
980,SNIa-BL/sn1998ec.p0012.dat,E,24.694148003216075,0.11000000000000001,1.7290070374325202,0.46753363003314186,0.9739794511608189,1.0
981,SNIc/sn2004dn.p0034.dat,E,24.69715449955182,0.1,0.5272873076208415,0.0,-0.8354730991276258,1.0
982,SNII/sn2012aw.p0048.dat,E,24.703498886501887,0.09000000000000001,0.6511368805515806,0.22773337309772657,-0.13735557425589356,1.0
983,SNIc-bl/sn2002ap.p0027.dat,E,24.72202343747583,0.11000000000000001,0.46107094110562685,0.0,-0.9539336952896684,0.9893963306770203
984,SNIa-BL/sn2007le.p0011.dat,E,24.754485609837232,0.11000000000000001,1.8165782029184872,0.5002686362028907,1.080505052428037,1.0
985,SNIc/sn2004fe.p0001.dat,E,24.763456360545405,0.11000000000000001,3.0,0.0,0.9688980818120091,1.0
986,SNII/sn2002gd.p0031.dat,E,24.764184782029147,0.09000000000000001,2.9222960615044746,0.022991612541696568,1.1516303083847907,1.0
987,SNIb/sn2004gq.p0072.dat,E,24.788055947352806,0.11000000000000001,0.7499620147902922,0.2011709327792247,-0.23648047028713254,1.0
988,SNIa-CN/sn2008ar.p0105.dat,E,24.819232966781733,0.1,1.5264620731165788,0.6755172072231739,2.0,1.0
989,SNIc-bl/sn2002ap.p0031.dat,E,24.8306850180699,0.11000000000000001,0.38787042031584207,0.09480975447785871,-0.9356327002230647,1.0
990,SNIb/sn2008D.p0010.dat,E,24.835888089297693,0.1,0.18135777044120688,0.0,-2.0,1.0
991,SNIa-CL/sn2007fb.p0013.dat,E,24.840632706020944,0.11000000000000001,3.0,0.46738382606615536,1.484221872814536,1.0
992,SNIa-CN/sn2006lf.p0009.dat,E,24.86229245116959,0.1,1.0811829486356719,0.24599086233821846,0.3013533335717635,1.0
993,SNII/sn2005cs.p0043.dat,E,24.88598771395669,0.08,0.857011205364498,0.14486363761028778,0.17181125972083405,1.0
994,SNIb/sn2004gq.p0041.dat,E,24.88897322223551,0.11000000000000001,0.1954831462539008,0.27883545310200997,-1.5739632467707332,1.0
995,SNIc/sn1990B.p0065.dat,E,24.915975697026706,0.1,0.39023065933784096,0.0,-1.2891539703643793,0.9919986565318439
996,SNIb/sn2009jf.p0079.dat,E,24.920399506794727,0.1,0.4374194115898315,0.5295119175329382,-0.4166240957687717,1.0
997,SNIa-BL/sn2001E.p0015.dat,E,24.930917717706425,0.12000000000000001,0.5685214893246806,0.5713132807850132,0.03256422914617876,1.0
998,SLSN-I/snLSQ12dlf.p0033.dat,E,24.934078823801997,0.11000000000000001,3.0,0.19370451220243043,1.0544300308069263,1.0
999,SNIb/sn2008D.p0008.dat,E,24.93942365031743,0.1,0.20158609584069004,0.0,-1.7518193404981042,1.0
1000,SNIc/sn2005az.p0048.dat,E,24.945320215296597,0.1,0.6614577767552248,0.10025531078925844,-0.4275445018394879,1.0
1001,SNII/sn1999em.p0026.dat,E,24.9484259324532,0.09000000000000001,1.6260951538725605,0.18998925936726183,0.5275182884876483,0.9984825891281872
1002,SNIc-bl/sn2002ap.m0001.dat,E,24.980828792168836,0.13,2.5943297635783584,0.0,0.9341061691819764,1.0
1003,SNIa-CN/sn2002jy.p0018.dat,E,24.98255066011398,0.11000000000000001,3.0,0.5809215186090877,1.7179456006625737,1.0
1004,SNIc/sn2005az.max.dat,E,25.002674543879426,0.1,0.9232815846712006,0.0,-0.16167843092487216,1.0
1005,SNII/sn2012aw.p0046.dat,E,25.019005856246988,0.09000000000000001,0.6032274564889599,0.2316150771585587,-0.2765416524618931,1.0
1006,SLSN-I/sn2012il.p0055.dat,E,25.03506545848478,0.11000000000000001,0.6222869319180557,0.0,-0.345456184111661,1.0
1007,SNII/sn2004et.p0022.dat,E,25.036014867573346,0.09000000000000001,0.691310350816403,0.0,-0.5126774294397684,1.0
1008,SNIc/sn2004gt.p0019.dat,E,25.058259021167174,0.1,0.2339614524880979,0.3132757720059021,-1.3249666932620705,1.0
1009,SNIa-CN/sn1999ek.p0009.dat,E,25.05978181303987,0.1,0.936633401099075,0.24230358016858392,0.11091756476603701,1.0
1010,SNIa-CN/sn2003cg.p0009.dat,E,25.063049105452762,0.1,0.22691496584011187,0.3078835758046283,-1.28685572113417,1.0
1011,SNIa-CL/sn1998bp.p0076.dat,E,25.068315598705286,0.1,0.7648993684038764,0.0,-0.510710717184762,1.0
1012,SNIa-CN/sn2003cg.p0001.dat,E,25.06884886309269,0.08,0.3727167368560966,0.22572276626585916,-0.8708629930655859,1.0
1013,SNIa-BL/sn2002dp.p0010.dat,E,25.0752877736351,0.11000000000000001,3.0,0.4560419928765595,1.4703235673800799,1.0
1014,SNIa-CN/sn1995D.p0015.dat,E,25.0760730060511,0.11000000000000001,3.0,0.5945616548609957,1.6173198885929754,1.0
1015,SNIa-BL/sn1999gh.p0007.dat,E,25.093718084065703,0.12000000000000001,2.6362524760579635,0.4005392439003708,1.2492393962916553,1.0
1016,SNIa-SS/sn2007S.p0012.dat,E,25.10155808280086,0.11000000000000001,2.442928996115006,0.2717546445770604,1.109691719820049,1.0
1017,SNIa-BL/sn2001N.p0032.dat,E,25.109081113571477,0.1,0.8158045773179857,0.0,-0.40014153047617124,1.0
1018,SNIa-BL/sn2006ac.p0010.dat,E,25.109210108493812,0.12000000000000001,3.0,0.5070238330571585,1.5744342489263747,1.0
1019,SNIa-SS/sn1999dq.p0088.dat,E,25.11955923423634,0.1,1.477518360329517,0.0,0.2526532987803225,1.0
1020,SNIa-BL/sn2007af.p0010.dat,E,25.13604882188702,0.11000000000000001,3.0,0.46042264619921214,1.5159021788918854,1.0
1021,SNIa-CL/sn2005ke.p0003.dat,E,25.143715166305572,0.12000000000000001,1.1656917796454709,0.10792369617223714,0.232675795197954,1.0
1022,SNII/sn2012aw.p0062.dat,E,25.15704802801772,0.09000000000000001,0.29749395089693614,0.39271868082318667,-0.8497242408302751,1.0
1023,SNIb/sn2007ag.m0001.dat,E,25.17358996259879,0.11000000000000001,0.7523459343393587,0.0,-0.47507446768426764,1.0
1024,SNIb/sn2006ep.p0012.dat,E,25.178634902103823,0.1,0.11669608155742994,0.3211578396745219,-2.0,1.0
1025,SNIa-BL/sn2001bf.p0013.dat,E,25.186185711875666,0.1,2.7390072411914757,0.4310835614329879,1.3209679441139768,1.0
1026,SNIa-CN/sn2002fk.p0095.dat,E,25.200523604940507,0.1,3.0,0.7456332658733238,1.9688306283637194,1.0
1027,SNIa-CN/sn2003cg.m0001.dat,E,25.202637612082935,0.08,0.43447473982701684,0.0,-1.0205700265739193,1.0
1028,SNIIb/sn2000H.p0003.dat,E,25.210016160720773,0.1,1.1759900591522692,0.12009656062803027,0.12794431873445467,1.0
1029,SNIa-BL/sn1996Z.p0008.dat,E,25.21707515031264,0.11000000000000001,0.7661829513066557,0.46555155306353063,0.3201637754512333,1.0
1030,SNII/sn2006ov.p0093.dat,E,25.227059787938668,0.08,0.19110940473676524,0.41860900291416964,-1.3212365421718208,1.0
1031,SNIc/sn1994I.m0004.dat,E,25.22961048122162,0.12000000000000001,2.1220842184618522,0.0,0.669668790874413,1.0
1032,SNIa-CL/sn2002jg.p0009.dat,E,25.238647122035694,0.11000000000000001,1.0871005843042176,0.24434468487462863,0.22666005338363437,1.0
1033,SNII/sn1999gi.p0152.dat,E,25.26278324731137,0.09000000000000001,0.09870050611415412,0.5729490304104684,-2.0,1.0
1034,SNIa-BL/sn2001bg.p0010.dat,E,25.26757849750262,0.11000000000000001,3.0,0.48034733597845175,1.573411212576711,1.0
1035,SNIIb/sn2008ax.p0004.dat,E,25.272265615645267,0.1,0.6579348243462143,0.1881606020892056,-0.28163184329267,1.0
1036,SNIc/sn2005az.m0002.dat,E,25.316662770316643,0.13,1.0150419272778497,0.0,-0.03769384673282649,1.0
1037,SNIa-CN/sn2003cg.p0003.dat,E,25.317436642226735,0.08,0.26545727783077616,0.2636990231924882,-1.2089905959829534,1.0
1038,SNIa-SS/sn2001V.p0013.dat,E,25.32811406284918,0.11000000000000001,3.0,0.5743538830066756,1.6348207240032255,1.0
1039,SNIb/sn2007C.p0001.dat,E,25.347124185109713,0.11000000000000001,0.5234918100985857,0.0,-0.8333390350305363,1.0
1040,SNII/sn2012aw.p0077.dat,E,25.357400008470247,0.09000000000000001,0.23193954503035674,0.48366753798233686,-1.1389534463940434,0.9820094155442092
1041,SLSN-I/sn2010gx.p0029.dat,E,25.361018227745472,0.12000000000000001,3.0,0.0,1.1003814055048617,1.0
1042,SNII/sn1999em.p0063.dat,E,25.365663483107834,0.09000000000000001,0.3778181367477398,0.3883862825314842,-0.5121994879417955,1.0
1043,SNIa-CN/sn2001fh.p0009.dat,E,25.376917411094922,0.1,0.7201801493762748,0.0,-0.46914653852536176,1.0
1044,SNIa-CN/sn2008C.p0091.dat,E,25.380062825216314,0.1,1.9276828528522185,0.0,0.5723073745170375,1.0
1045,SNIa-CN/sn1999ac.p0009.dat,E,25.382884560615924,0.12000000000000001,2.400351743558416,0.30764368793922053,1.128005117198893,1.0
1046,SLSN-II/sn2019xfs.p0122.dat,E,25.38324436098884,0.09000000000000001,0.18978371965509475,0.28116017397696147,-1.5066372405532067,1.0
1047,SNIa-CN/sn2003cg.m0000.dat,E,25.395751173463196,0.08,0.3317329512401335,0.2094970687777286,-1.0460445443405755,1.0
1048,SNIa-BL/sn2006X.p0006.dat,E,25.396893039151593,0.13,0.10319101963377157,0.4599541629048406,-2.0,1.0
1049,SNIa-CL/sn2002es.p0004.dat,E,25.398967623773473,0.09000000000000001,1.8376845156797734,0.0,0.4619491243346129,1.0
1050,SNIb/sn2007C.m0001.dat,E,25.414840247635865,0.11000000000000001,0.6394236309057885,0.013780093438146006,-0.5784751614463485,1.0
1051,SNII/sn1999em.p0075.dat,E,25.422974296444618,0.08,0.26519558863166154,0.41270570685334773,-0.874284879824131,1.0
1052,SNIb/sn2008D.p0012.dat,E,25.42359429024083,0.1,0.17031408670088394,0.05110478632726942,-2.0,1.0
1053,SNIa-CN/sn2002fk.p0097.dat,E,25.445765355710115,0.1,3.0,0.7060734692731682,1.906512976569775,1.0
1054,SNIb/sn2005hg.p0026.dat,E,25.447518698518763,0.09000000000000001,0.18236962198943682,0.4268027161068276,-1.5515549282619494,1.0
1055,SNIc/sn2004fe.m0001.dat,E,25.44903138869973,0.11000000000000001,2.6967553706564678,0.0,0.8126861823686232,1.0
1056,SNIc/sn2004fe.m0000.dat,E,25.45203467065722,0.11000000000000001,3.0,0.11070082167304816,0.9985752946858477,1.0
1057,SLSN-I/snPTF11rks.p0013.dat,E,25.46975494975139,0.13,2.1590010920990625,0.0979964888687912,0.7627187153869213,1.0
1058,SNIc/sn2004dn.p0031.dat,E,25.479608939377396,0.1,0.24357806932353165,0.10908153837188762,-1.5193747494436602,1.0
1059,SNIa-CN/sn2006le.p0013.dat,E,25.48294147699196,0.11000000000000001,1.8780620080807795,0.44360514901039017,1.0354321107017819,1.0
1060,SNIIn/sn2007pk.p0045.dat,E,25.498204290070507,0.09000000000000001,0.7728530907880461,0.0,-0.34122641999478187,1.0
1061,SNIa-BL/sn1997do.p0008.dat,E,25.51986297650392,0.11000000000000001,3.0,0.4572589801214839,1.4970401593074372,1.0
1062,SNIa-BL/sn2002cd.p0015.dat,E,25.53454108448164,0.12000000000000001,0.11186710531874708,0.6712199618297029,-1.4012476237158409,1.0
1063,SNIa-SS/sn2007if.p0009.dat,E,25.538375462747158,0.1,3.0,0.23931780637978695,1.093951365018355,0.9700129032258064
1064,SNIa-SS/sn1999aa.p0016.dat,E,25.54503432373192,0.11000000000000001,3.0,0.609583206208219,1.6558478020518739,1.0
1065,SNIa-CN/sn2001cp.p0017.dat,E,25.557644912008822,0.11000000000000001,2.0340795593598693,0.5651703428608786,1.2700433520011536,1.0
1066,SNIa-BL/sn1996bo.p0007.dat,E,25.561212693449583,0.11000000000000001,1.0599779280951869,0.5505192750913777,0.563443891045615,1.0
1067,SNIa-CN/sn2003cg.p0002.dat,E,25.574667144627497,0.08,0.3046349501919682,0.26014429649235343,-1.0586804390655327,1.0
1068,SNIa-SS/sn2006gr.p0012.dat,E,25.589335381128926,0.11000000000000001,3.0,0.3602991992036374,1.3782869494395293,1.0
1069,SNIa-CSM/sn2019fcg.m0002.dat,E,25.59013307614072,0.1,2.388215340495016,0.0,0.7290725703197526,1.0
1070,SNIa-CL/sn2007hj.p0007.dat,E,25.602966781764017,0.12000000000000001,1.5069178751560361,0.30169165405065923,0.6069935215717082,1.0
1071,SNIa-SS/sn2005eq.p0017.dat,E,25.60338464367828,0.11000000000000001,3.0,0.5132268273755748,1.5784888247128177,1.0
1072,SNII/sn2004et.p0078.dat,E,25.619403786132153,0.09000000000000001,0.09070240272173918,0.5068162992470369,-2.0,1.0
1073,SNIa-CL/sn2007al.p0004.dat,E,25.62457808383801,0.12000000000000001,0.6313973843504403,0.0,-0.6081413666263339,1.0
1074,SNIa-CSM/sn2011km.p0012.dat,E,25.631311360411793,0.11000000000000001,3.0,0.1388264797404459,1.272014772237289,1.0
1075,SNII/sn2005cs.p0060.dat,E,25.634273921447882,0.08,0.39299243503692327,0.29248837778811665,-0.6302073302905382,1.0
1076,SNII/sn2002gd.p0018.dat,E,25.634716261476065,0.09000000000000001,2.845003307402953,0.0,1.0129484966544147,1.0
1077,SNII/sn2009N.p0061.dat,E,25.63632564880149,0.08,0.15356741445153346,0.33519243967921736,-1.7129681815340034,1.0
1078,SNII/sn2005cs.p0061.dat,E,25.6383969512854,0.08,0.37521642551390455,0.2919016920579662,-0.6307549104352951,1.0
1079,SNIa-BL/sn2006X.p0005.dat,E,25.642963417806985,0.13,0.10170204937313501,0.46927239695788986,-2.0,1.0
1080,SNIc/sn2005az.p0027.dat,E,25.666110483147207,0.09000000000000001,0.6435180685969752,0.0,-0.6337672575126077,1.0
1081,SNIc/sn2004aw.p0001.dat,E,25.668953013284362,0.12000000000000001,0.8252732789993275,0.0,-0.27984688092083965,1.0
1082,SNIa-BL/sn1995al.p0013.dat,E,25.685533541432285,0.11000000000000001,2.037153643471792,0.5779481615231686,1.336988059641252,1.0
1083,SNIa-BL/sn2003ch.p0014.dat,E,25.688271648466902,0.11000000000000001,3.0,0.5757879893015142,1.6714999781281479,1.0
1084,SNIa-BL/sn2007le.p0010.dat,E,25.70361555238517,0.11000000000000001,1.9137936317540098,0.4847082008376073,1.1091865068407811,1.0
1085,SNIa-BL/sn2002bf.p0011.dat,E,25.705828489916083,0.12000000000000001,1.2557774936440451,0.0,0.11289998698714723,1.0
1086,SNIa-CN/sn2000ce.p0009.dat,E,25.7063529726916,0.1,1.382864760948571,0.2770954815291455,0.4592400947044135,1.0
1087,SNIa-CN/sn2003kf.p0016.dat,E,25.70759692783761,0.11000000000000001,1.3015767150869069,0.5289344691340144,0.7328646933992801,1.0
1088,SNIa-BL/sn2001en.p0010.dat,E,25.722056475040358,0.11000000000000001,2.957365004638186,0.4651585826062869,1.5137877721055188,1.0
1089,SNIa-BL/sn2004dt.p0109.dat,E,25.729229158534388,0.11000000000000001,2.3989326460991447,0.9293688228775802,2.0,1.0
1090,SNIa-SS/sn2003fa.p0016.dat,E,25.737036631859716,0.11000000000000001,3.0,0.5031343409767315,1.4955074593617115,1.0
1091,SNIIb/sn1993J.m0003.dat,E,25.742268663448286,0.1,1.8122557537829527,0.0,0.528062357536734,1.0
1092,SNIa-SS/sn2000cx.p0067.dat,E,25.742281640735694,0.1,1.9473261820671801,0.6321679992786987,1.3197275720708674,1.0
1093,SNIc-bl/sn2002ap.p0030.dat,E,25.746621743899812,0.11000000000000001,0.6211815494838431,0.06183371748272944,-0.5437895841079303,1.0
1094,SNIa-CN/sn2000fa.p0011.dat,E,25.74847877867436,0.11000000000000001,3.0,0.5787246784984382,1.6625852471163596,1.0
1095,SNIc/sn2007gr.m0006.dat,E,25.75405692401603,0.11000000000000001,3.0,0.11296541697831615,1.2021105472969043,1.0
1096,SLSN-IIn/sn2006gy.p0052.dat,E,25.7663554288139,0.08,0.24948684593646975,0.0,-1.8650024892397656,1.0
1097,SNIIb/sn2008bo.p0021.dat,E,25.768693339990264,0.09000000000000001,0.578390187741917,0.2708733549925848,-0.5363232784020291,1.0
1098,SNIa-SS/sn1998es.p0014.dat,E,25.77716634472758,0.11000000000000001,3.0,0.5452598270662883,1.6272169088726864,1.0
1099,SNIa-CN/sn2008bf.p0013.dat,E,25.79311071177922,0.11000000000000001,3.0,0.5720560255553634,1.5621331296213827,1.0
1100,SNIIb/sn2008ax.p0006.dat,E,25.79660221487767,0.1,0.2902301024407766,0.3076110543551388,-1.0308270709909109,1.0
1101,SNIa-CN/sn1995E.p0009.dat,E,25.81122555016772,0.1,0.5127517609600558,0.3621480382566371,-0.08817767295852136,1.0
1102,SNIa-CN/sn1998dm.p0014.dat,E,25.815397155604828,0.11000000000000001,1.9078462326149186,0.4712213375620364,1.0645693906228941,1.0
1103,SNIb/sn2007ag.p0009.dat,E,25.817210390020424,0.1,0.15521399762107074,0.0,-1.9578289203023023,1.0
1104,SNII/sn1999gi.p0139.dat,E,25.831394967969366,0.09000000000000001,0.08629596128892665,0.6450646231927115,-2.0,1.0
1105,SNIIb/sn2006el.p0012.dat,E,25.872335474876454,0.1,0.5137417432546487,0.1600700414861901,-0.6977553207178724,1.0
1106,SNIc/sn2005az.m0008.dat,E,25.885155928702964,0.13,1.0699793827083062,0.0,0.0001931135206197887,1.0
1107,SLSN-II/sn2018lqi.p0089.dat,E,25.88544539996763,0.09000000000000001,0.8339233034095969,0.0,-0.1145497207310659,1.0
1108,SNIa-CL/sn2006H.p0004.dat,E,25.9244338336713,0.12000000000000001,0.5141010941570788,0.0,-0.792050604917445,1.0
1109,SNIa-CN/sn2000fa.p0099.dat,E,25.936667350899537,0.1,1.3896209593807543,0.8765316630193312,2.0,1.0
1110,SNIa-CN/sn2003cg.m0002.dat,E,25.938978623641077,0.08,0.4317161733130328,0.0,-1.0512596429530399,1.0
1111,SNIa-CN/sn2006le.p0011.dat,E,25.940847439192048,0.11000000000000001,2.397878208353064,0.39097875637820023,1.191176435858546,1.0
1112,SNIa-BL/sn2001gc.p0005.dat,E,25.9549814066936,0.13,0.9268426757822107,0.4469783640301795,0.2254186732414948,1.0
1113,SNIa-CN/sn2003kf.p0015.dat,E,25.959585370755548,0.11000000000000001,1.6047855333348644,0.5837077256430997,1.0499010766449988,1.0
1114,SNIIb/sn2006el.p0011.dat,E,25.96915254862545,0.1,0.5982220698180513,0.18801477743902337,-0.5224123832170952,1.0
1115,SLSN-II/snCSS121015.p0063.dat,E,25.973356580720537,0.1,2.116015971981431,0.0,0.660853466024507,1.0
1116,SLSN-I/sn2011kf.p0024.dat,E,25.990667954988638,0.12000000000000001,3.0,0.37325278467034123,1.0726549118178232,1.0
1117,SNIc-bl/sn1997ef.m0009.dat,E,26.00021418792829,0.13,3.0,0.20167635555889646,1.2355244301539519,1.0
1118,SNIa-CL/sn2006hb.p0011.dat,E,26.01394616998652,0.11000000000000001,2.9187568688644685,0.5803911858497132,1.5801862874934733,1.0
1119,SNIa-CN/sn1998bu.p0010.dat,E,26.016316267326246,0.1,3.0,0.41148100326216114,1.454426806175399,1.0
1120,SNII/sn2002gd.p0023.dat,E,26.018269041211944,0.09000000000000001,2.1507998357651488,0.0,0.7435031675027954,1.0
1121,SNIIb/sn2000H.p0002.dat,E,26.020765621412288,0.1,1.5106957954804974,0.248839643144362,0.48642076330953776,1.0
1122,SNIc-bl/sn2002ap.m0002.dat,E,26.031026431541967,0.13,2.8145064296577917,0.0,1.1361730293200991,1.0
1123,SNIa-SS/sn2003fa.p0015.dat,E,26.064834130139786,0.11000000000000001,3.0,0.5965409830688846,1.629749079009411,1.0
1124,SNII/sn2005cs.p0033.dat,E,26.07227041317688,0.1,0.6641885846059323,0.2602158019735445,0.030668868729045583,1.0
1125,SNIa-BL/sn2006ac.p0009.dat,E,26.07933304620321,0.12000000000000001,2.8816026803620822,0.5152586101776553,1.5261762721563799,1.0
1126,SNIa-CN/sn2003cg.p0008.dat,E,26.097048971423426,0.1,0.2198831802936927,0.34833031174357887,-1.2914537708228293,1.0
1127,SNIb/sn2005hg.p0016.dat,E,26.149150202075617,0.1,0.21529465446736656,0.44027806875868675,-1.264208379392921,1.0
1128,SNIb/sn2009iz.p0005.dat,E,26.168774014420173,0.1,1.3200372052826561,0.24834643130777417,0.33873960400760383,1.0
1129,SNIIb/sn2000H.p0001.dat,E,26.170183764897118,0.11000000000000001,1.3370877491669713,0.31487653936913396,0.4168424868477863,1.0
1130,SNIa-BL/sn2002bf.p0007.dat,E,26.189649721471064,0.13,1.8572215433383983,0.2524507093543967,0.7924578212232618,1.0
1131,SNIa-CN/sn1998V.max.dat,E,26.191860540415753,0.08,2.987435853818584,0.495682503256926,1.4212809492835288,1.0
1132,SNIa-BL/sn1999ej.p0008.dat,E,26.20361532786771,0.1,3.0,0.49262716476199114,1.4403769051995943,1.0
1133,SNIc/sn2005az.p0029.dat,E,26.207200715126632,0.09000000000000001,0.7500289733147506,0.0,-0.4683131081300539,1.0
1134,SNIa-CN/sn2003cg.m0005.dat,E,26.21009862246288,0.09000000000000001,0.39126583145852717,0.0,-1.166327096714888,1.0
1135,SNIb-pec/sn2007uy.m0003.dat,E,26.210266858808417,0.13,1.0377851743774538,0.14623508260761253,0.08759545939725719,1.0
1136,SNIIb/sn2008ax.p0038.dat,E,26.21174359164324,0.1,0.14418295071583745,0.5130840025264221,-1.641854327152252,1.0
1137,SNIa-BL/sn2001gc.p0004.dat,E,26.2248485677666,0.13,1.1235552709507777,0.46254190539693246,0.45971151211698197,1.0
1138,SNII/sn2005cs.p0035.dat,E,26.23559511853661,0.08,0.895585168590885,0.1423489836326972,0.06639203910596411,1.0
1139,SNIb/sn2008D.p0003.dat,E,26.241636805813894,0.11000000000000001,0.34400254901319793,0.0,-1.26078243665291,1.0
1140,SNIa-SS/sn1999aa.p0015.dat,E,26.24326343417664,0.11000000000000001,3.0,0.6350220693614405,1.6816108784910528,1.0
1141,SNIa-CL/sn2007al.p0005.dat,E,26.245424709153696,0.1,1.053198550375689,0.0,-0.050296697544699696,1.0
1142,SNIa-CN/sn1994D.p0011.dat,E,26.25482372711619,0.11000000000000001,3.0,0.6048062397985999,1.6210548212736973,1.0
1143,SNIb/sn2005bf.p0024.dat,E,26.257227848668276,0.09000000000000001,0.12733298803485657,0.3901795656983989,-2.0,1.0
1144,SNIa-CN/sn1996bl.p0013.dat,E,26.263960621003427,0.11000000000000001,0.873866254372405,0.459105334593567,0.22555688315317737,1.0
1145,SNIa-CN/sn1999ek.p0003.dat,E,26.26996173879344,0.08,0.8652547599369977,0.27785835495612604,-0.01942114768227288,1.0
1146,SNIa-BL/sn2006cp.p0009.dat,E,26.270265316513814,0.11000000000000001,2.9648423115785105,0.5510307285146017,1.6026134760585597,1.0
1147,SNIa-BL/sn2004as.p0009.dat,E,26.279188064813326,0.12000000000000001,2.8704569566691696,0.4342628118715154,1.3920379663579976,1.0
1148,SNIa-CN/sn2003cg.p0007.dat,E,26.284920982422907,0.09000000000000001,0.28158688362569634,0.29026204809138045,-1.102281180932049,1.0
1149,SNIa-CN/sn1996ai.max.dat,E,26.309936558176638,0.07,0.16800992870343928,0.11136453124687164,-2.0,1.0
1150,SLSN-I/snLSQ12dlf.p0020.dat,E,26.329755148257608,0.12000000000000001,2.997446560565129,0.3096365939846022,0.986280492930124,1.0
1151,SNII/sn1999em.p0024.dat,E,26.337231916024336,0.09000000000000001,1.9761184744740676,0.15182671314911148,0.7340125914187089,1.0
1152,SNIa-CN/sn1998V.p0001.dat,E,26.338446507335142,0.08,3.0,0.4518824306473219,1.358696711063133,1.0
1153,SNIa-BL/sn2001E.p0008.dat,E,26.368154270836424,0.11000000000000001,1.3232731871577161,0.4762241974001243,0.6763125671763439,1.0
1154,SNIc/sn1994I.m0005.dat,E,26.37871669807856,0.13,2.190197468484141,0.0,0.8585707845971767,1.0
1155,SNIa-SS/sn2008Z.p0017.dat,E,26.396030399475816,0.11000000000000001,1.9103449746322523,0.5448853091580821,1.1746540149916287,1.0
1156,SNII/sn2004et.p0104.dat,E,26.400417805647958,0.08,0.0766820737822308,0.6316898788868097,-2.0,1.0
1157,SNIa-BL/sn2007kk.p0010.dat,E,26.402617436526857,0.11000000000000001,2.6200298383372522,0.5153124757177069,1.3850826167072425,1.0
1158,SNIa-CN/sn2002jy.p0016.dat,E,26.410692580445442,0.11000000000000001,3.0,0.606328661630695,1.72131819478063,1.0
1159,SNIc-bl/sn1998bw.p0004.dat,E,26.4144138818494,0.13,2.276480666622167,0.0,0.863704608095634,1.0
1160,SNIc/sn2007gr.m0007.dat,E,26.419016188447014,0.11000000000000001,3.0,0.20060858355983363,1.2243246040478526,1.0
1161,SNIb/sn2009jf.p0001.dat,E,26.43854492004836,0.11000000000000001,2.2964190141977516,0.0,0.7638552138256993,1.0
1162,SNIc-bl/sn1997ef.p0026.dat,E,26.438645125059704,0.1,0.6647376326800759,0.0,-0.6087814378897369,1.0
1163,SNIa-BL/sn2006X.p0004.dat,E,26.44560210138121,0.13,0.10048682574786426,0.4852165052347194,-2.0,1.0
1164,SNIa-CN/sn1998V.p0002.dat,E,26.449028476306538,0.08,2.7389032647709253,0.48605482651438814,1.3089704413707346,1.0
1165,SNIb/sn2005bf.p0028.dat,E,26.47354524553827,0.09000000000000001,0.2251668789295045,0.43928252338011214,-1.2764909884887774,1.0
1166,SLSN-I/snPTF12dam.p0088.dat,E,26.48071406906734,0.11000000000000001,3.0,0.06858272654677264,0.9243614752228096,1.0
1167,SNIa-CN/sn1999ek.m0001.dat,E,26.48232179828795,0.08,1.0948235624186395,0.20271761588581855,0.13780678294269177,1.0
1168,SNIa-CL/sn2003Y.m0005.dat,E,26.497685676980034,0.13,1.5832718691239618,0.03670583554762723,0.38750155031249317,1.0
1169,SNIa-SS/sn2006gr.p0009.dat,E,26.49794654177795,0.11000000000000001,3.0,0.32356503355731203,1.2473850212244562,1.0
1170,SNIc/sn2007gr.m0005.dat,E,26.49953806224191,0.11000000000000001,3.0,0.3768480304943395,1.3716850848913462,1.0
1171,SNIa-CN/sn2003kf.p0014.dat,E,26.499630327863187,0.11000000000000001,1.7184030094564477,0.5728885632822742,1.1144327624193495,1.0
1172,SNIIb/sn2006T.p0015.dat,E,26.51090464660053,0.09000000000000001,0.10507783868695919,0.41062851223698177,-2.0,1.0
1173,SNIc/sn1994I.p0023.dat,E,26.525708098405687,0.11000000000000001,1.0997368786295036,0.2394127097126503,0.194228039456955,1.0
1174,SNIa-BL/sn2001da.p0008.dat,E,26.528549339323106,0.1,2.8403180526733767,0.37086922401359346,1.3315214902890005,1.0
1175,SNIc/sn2004aw.max.dat,E,26.5306094890181,0.13,1.0710698487659047,0.0,-0.037782624645289184,1.0
1176,SNIa-CN/sn2006le.p0003.dat,E,26.54119190394016,0.09000000000000001,3.0,0.3698306070400671,1.2775202995445631,1.0
1177,SNIa-CN/sn2003cg.m0004.dat,E,26.543691918036707,0.09000000000000001,0.3437775601335072,0.05488237760179341,-1.2457469731310942,1.0
1178,SNIa-CN/sn2003cg.m0003.dat,E,26.55187116508308,0.08,0.3729170997648948,0.03883815615467872,-1.1693143674928121,1.0
1179,SNII/sn2006bp.p0073.dat,E,26.557545075253614,0.09000000000000001,0.1019512799733827,0.5629871306243699,-1.9928400336965852,0.9575449217526346
1180,SNIa-SS/sn2005eq.p0014.dat,E,26.559363594983154,0.11000000000000001,2.275341409578661,0.4582567979597521,1.233447904878881,1.0
1181,SNIa-CL/sn2003Y.m0006.dat,E,26.560255753824794,0.13,1.5643185942805216,0.013395623069719148,0.36384784013152294,1.0
1182,SNIIb/sn2008ax.p0046.dat,E,26.561537398553313,0.1,0.19908657824482617,0.4948853948656445,-1.2444687763403688,1.0
1183,SNIc/sn2005az.p0061.dat,E,26.562371528464503,0.1,1.596130087745063,0.0,0.3238864723302595,1.0
1184,SNIa-SS/sn2002de.p0002.dat,E,26.59127885721228,0.08,3.0,0.11825197639694497,1.0286175616987538,1.0
1185,SNIa-SS/sn2001V.p0011.dat,E,26.599288866058597,0.11000000000000001,2.328008970694886,0.6283501977844411,1.413164992114876,1.0
1186,SNIIb/sn2000H.p0056.dat,E,26.599866456849888,0.1,0.6552876706026728,0.26142756953631546,-0.3383579100014023,1.0
1187,SNIa-BL/sn2007bm.p0007.dat,E,26.600405574404704,0.09000000000000001,1.2304600612470975,0.2171615791095632,0.4206724121955169,1.0
1188,SNIa-CN/sn2007ca.p0004.dat,E,26.604420115321826,0.08,3.0,0.24600043303496302,1.1739697597311267,1.0
1189,SNIa-SS/sn2008ae.p0003.dat,E,26.6054650720768,0.1,2.4460912119205944,0.0,0.7568773945099807,1.0
1190,SNIa-SS/sn2008Z.p0080.dat,E,26.606023030671643,0.1,1.0899566222883883,0.06137625461490732,-0.01648211423965152,1.0
1191,SNIa-CN/sn2007fs.p0004.dat,E,26.631611466939418,0.08,3.0,0.35048858300979013,1.3536223751551935,1.0
1192,SNIa-BL/sn2007nq.p0009.dat,E,26.63359070653932,0.11000000000000001,3.0,0.6585024490932465,1.6107169391520766,1.0
1193,SNIb/sn2005bf.p0022.dat,E,26.64433330295224,0.09000000000000001,0.29821974093737885,0.401111020126372,-1.0295436476565965,1.0
1194,SNIIb/sn2008ax.p0067.dat,E,26.650228350940573,0.1,0.1701919742596135,0.5748047491890259,-1.3031770885584202,1.0
1195,SNIb/sn2004gq.p0078.dat,E,26.65889612071837,0.1,0.3689963069157783,0.47564805929953974,-0.7033833794631271,1.0
1196,SNIa-CN/sn1998bu.p0009.dat,E,26.665514690343144,0.1,3.0,0.4101101942262189,1.4129567015003404,1.0
1197,SNIc/sn2005az.p0056.dat,E,26.677660287145287,0.1,1.1263005801104549,0.0,-0.017457800901569672,1.0
1198,SNII/sn2006ov.p0115.dat,E,26.6812407256252,0.08,0.11154543080623405,0.5509640577255704,-1.8589979597780424,1.0
1199,SNIa-CN/sn2005hc.p0011.dat,E,26.687913839324246,0.11000000000000001,3.0,0.4978303429776533,1.4784027147105692,1.0
1200,SLSN-I/snPTF12dam.p0058.dat,E,26.703218545554925,0.12000000000000001,3.0,0.07477165001456437,0.9688567772432988,1.0
1201,SNIa-CN/sn2003kf.p0101.dat,E,26.70556076700886,0.1,1.5693133359194213,0.7425764280601962,1.4061806619977624,1.0
1202,SNIa-BL/sn2002cd.p0002.dat,E,26.72087698434622,0.1,0.43992559447600144,0.45298900076921056,-0.47880088920550573,1.0
1203,SNIa-CN/sn2006le.p0004.dat,E,26.737252145607293,0.09000000000000001,3.0,0.3303803382539948,1.2472514697702504,1.0
1204,SNIa-BL/sn2001E.p0003.dat,E,26.74498971980611,0.1,1.975204081722599,0.4080589581960887,0.9521067975001298,1.0
1205,SNIIn/sn2004ay.p0420.dat,E,26.74947738916777,0.12000000000000001,0.42353839727684706,0.460218136508663,-0.4948029359351341,1.0
1206,SNIb/sn2005hg.p0012.dat,E,26.752592585000205,0.1,0.24427296485838743,0.4332612925020423,-1.152862118577513,1.0
1207,SNIa-CN/sn2000fa.p0002.dat,E,26.75575106387358,0.09000000000000001,3.0,0.3460135153280289,1.2836814501289793,1.0
1208,SNIa-CN/sn2003it.p0010.dat,E,26.75937451343635,0.11000000000000001,3.0,0.6468478474975735,1.6016629712682628,1.0
1209,SNIa-CN/sn2000ce.p0007.dat,E,26.76142021120475,0.09000000000000001,1.216798241019782,0.24553185006845216,0.30215591200512926,1.0
1210,SNIa-CL/sn1999by.p0003.dat,E,26.76870503957254,0.12000000000000001,1.0232194797694236,0.1945674580243336,0.49720860148056434,1.0
1211,Gap/sn2015dl.p0004.dat,E,26.77101080191736,0.07,0.2216701144384029,0.0,-1.8558094408926666,1.0
1212,SNIa-CN/sn1998co.p0036.dat,E,26.773432001832063,0.1,1.3957227994025654,0.0,0.15490650376484288,1.0
1213,SNIa-BL/sn2002cd.max.dat,E,26.780116392194216,0.1,0.4586744000834374,0.44109620120210935,-0.4818680770699659,1.0
1214,SNIa-BL/sn2007le.p0008.dat,E,26.782002404364597,0.11000000000000001,1.5416083393015403,0.504445919612105,0.8535726265290333,1.0
1215,SNIa-CN/sn2004L.p0035.dat,E,26.783023657113475,0.1,0.8601657019695438,0.0,-0.37021441563610785,1.0
1216,SLSN-IIn/sn2006gy.p0107.dat,E,26.78431379713983,0.09000000000000001,0.26635679085199604,0.0,-1.6576431648634324,1.0
1217,SNII/sn1999em.p0123.dat,E,26.784640947567098,0.09000000000000001,0.06506240712721763,0.7816678999827248,-2.0,1.0
1218,SNIa-BL/sn2001ay.p0009.dat,E,26.79289012036326,0.11000000000000001,3.0,0.5051803981903917,1.421439727213023,1.0
1219,SNII/sn1999gi.p0096.dat,E,26.81353294737417,0.08,0.11250542488621855,0.5418442321619902,-1.7343091847078966,1.0
1220,SNIc/sn2007gr.m0009.dat,E,26.82313102652472,0.11000000000000001,3.0,0.010656685784268082,1.0735349679285693,1.0
1221,SNIc/sn1990B.p0072.dat,E,26.828691758259456,0.1,0.4565575528264804,0.10209679885728047,-0.9632520228038305,0.9919986565318439
1222,SNIb/sn2009jf.m0001.dat,E,26.831549005245993,0.11000000000000001,2.260514418973341,0.0,0.7338384137185823,1.0
1223,SNIIb/sn1996cb.p0066.dat,E,26.831879105663532,0.09000000000000001,0.9821808189980071,0.43680207739309646,0.16617319755929122,1.0
1224,SNIIb/sn1996cb.p0055.dat,E,26.848823156092557,0.09000000000000001,0.7222538104095105,0.4856657173859237,-0.09084496324301822,1.0
1225,SNIa-SS/sn2003fa.p0014.dat,E,26.85906700133701,0.11000000000000001,3.0,0.5630300750548152,1.524383381383467,1.0
1226,SNII/sn2012aw.p0040.dat,E,26.86500956897697,0.09000000000000001,0.6982718368144888,0.30186189529041535,-0.00971530923023566,1.0
1227,SNIIb/sn2008bo.m0007.dat,E,26.875392792635584,0.1,1.117007464885167,0.3012137678462072,0.20834426906856268,1.0
1228,SNIIb/sn2008bo.m0001.dat,E,26.87844374309221,0.1,3.0,0.2702130036558845,1.1285816880100226,1.0
1229,SNIIb/sn2008bo.m0010.dat,E,26.8877756135661,0.1,0.6550893993604738,0.34788937728770086,-0.2714440344035288,1.0
1230,SNIa-BL/sn2002cd.p0003.dat,E,26.898566488140226,0.1,0.4326631891767046,0.46123843556478544,-0.47511512081776786,1.0
1231,SNIb/sn2004gq.p0070.dat,E,26.901058259579287,0.11000000000000001,0.16544192178411507,0.4500231424638717,-1.5758638453612384,1.0
1232,SNIa-BL/sn1995al.p0010.dat,E,26.925737711712245,0.11000000000000001,2.059927103065095,0.572629736242757,1.3036425498817905,1.0
1233,SNIb/sn2005bf.p0025.dat,E,26.92662265682422,0.09000000000000001,0.32286602079436005,0.398168274664691,-0.9422915384457776,1.0
1234,SNIc/sn1994I.p0021.dat,E,26.93144053030614,0.11000000000000001,1.1060105051439701,0.04031475092876036,0.0001742476632987558,1.0
1235,SNII/sn1999gi.p0168.dat,E,26.93522405361119,0.09000000000000001,0.08737637417788514,0.6902939280456422,-1.9577844435960035,1.0
1236,SNIc/sn1994I.p0032.dat,E,26.94356612819623,0.11000000000000001,0.46782792981737864,0.2563745707380114,-0.5976679079051199,1.0
1237,SNIc-bl/sn1997ef.m0010.dat,E,26.94424378963999,0.13,2.8411695113771427,0.22567945380414833,1.2029618576547765,1.0
1238,SNIa-CN/sn2006lf.p0005.dat,E,26.948604392678128,0.09000000000000001,0.8915490501607864,0.2374794933793883,-0.0064050719942130825,1.0
1239,SNIc-bl/sn1997ef.p0048.dat,E,26.952401384577826,0.1,0.3861394218431521,0.015182868762519333,-1.102182777891997,1.0
1240,SNIa-BL/sn2004as.p0008.dat,E,26.965719653252453,0.12000000000000001,2.085338257457678,0.47743156738914294,1.1120021059882192,1.0
1241,SNIa-CN/sn2002fk.p0103.dat,E,26.981762762162226,0.1,2.89840762225954,0.7544832774032744,2.0,1.0
1242,SNIa-CN/sn1999gd.p0008.dat,E,26.983101183891833,0.1,2.1373424883368033,0.35835690704776063,0.9810073983231898,1.0
1243,SNIa-SS/sn2006gz.p0011.dat,E,26.983255515807535,0.11000000000000001,3.0,0.208852596604607,1.109572581832957,1.0
1244,SNII/sn2009N.p0071.dat,E,26.99251596276328,0.08,0.22011047962517707,0.38246383190898425,-1.3575516293813026,1.0
1245,SNIIb/sn2008bo.p0016.dat,E,26.997550959398122,0.09000000000000001,0.3768195369382059,0.37806784617039524,-0.8191872913950228,1.0
1246,SNIa-SS/sn1999dq.p0001.dat,E,27.000435843974095,0.08,3.0,0.32008522504547154,1.2203300378738144,1.0
1247,SNIa-SS/sn2002de.p0004.dat,E,27.002039496070214,0.09000000000000001,3.0,0.10922440221490153,1.043335854686102,1.0
1248,SNIc/sn2004aw.m0001.dat,E,27.008916866013934,0.13,1.0913552639072506,0.0,0.05415311154684437,1.0
1249,SNIb/sn2009jf.m0002.dat,E,27.015642815945576,0.11000000000000001,2.5653014307433892,0.0,0.8615937510384053,1.0
1250,SNII/sn2009N.p0088.dat,E,27.02410702161737,0.08,0.10307494827337153,0.44774843914552254,-2.0,1.0
1251,SNII/sn2009N.p0091.dat,E,27.042196228475035,0.08,0.11515189441052348,0.5105416969740489,-1.8644734707933173,1.0
1252,SNIa-CN/sn2000fa.p0001.dat,E,27.055810850663242,0.09000000000000001,3.0,0.6020158509638818,1.5404938005374569,1.0
1253,SNIa-BL/sn2002cd.m0004.dat,E,27.05648907974861,0.1,0.547052729064666,0.377378616542831,-0.39296337821968536,1.0
1254,SNIIb/sn1996cb.p0091.dat,E,27.056992625854377,0.1,2.0618643401785417,0.5112190042780128,1.0651914729087906,1.0
1255,SNIa-CN/sn2006lf.p0006.dat,E,27.063154349752587,0.09000000000000001,0.9362589869807032,0.19713782516136946,0.031771131608343994,1.0
1256,SNIa-BL/sn1999gh.p0006.dat,E,27.065575904799015,0.12000000000000001,1.9992039411855353,0.4825955163509892,1.0434424118488839,1.0
1257,SNIIb/sn2008ax.p0045.dat,E,27.08781645249303,0.1,0.12222642903718661,0.5436265583900438,-1.6859320001675835,1.0
1258,SNII/sn1999em.p0047.dat,E,27.090244105392916,0.09000000000000001,0.2589919827988519,0.3690646283762299,-1.284195383015099,0.9984825891281872
1259,SNIa-SS/sn2007if.p0006.dat,E,27.096116614621057,0.1,3.0,0.41904066030615716,1.415670289915671,1.0
1260,SLSN-I/sn2011ke.p0050.dat,E,27.098354019265493,0.11000000000000001,2.96869144342937,0.0,1.0488992708092517,1.0
1261,SNIIb/sn2008bo.p0093.dat,E,27.110454785893104,0.1,0.3067523386232537,0.6088587822064756,-0.6248860113407664,1.0
1262,SNIIb/sn2000H.p0047.dat,E,27.12097763386692,0.1,0.40539556026139484,0.30988093646536485,-0.6994594244325382,1.0
1263,SNII/sn2005cs.p0105.dat,E,27.12969271843369,0.08,0.08298803646381595,0.6680058705242627,-2.0,1.0
1264,SNIa-CN/sn2001G.p0012.dat,E,27.1324280368637,0.11000000000000001,2.878661710570722,0.5865258081696908,1.5487326302234663,1.0
1265,SNIc/sn1994I.p0025.dat,E,27.142943857402038,0.11000000000000001,0.38243263871476146,0.49041600366664123,-0.46804627707943114,1.0
1266,SNIa-BL/sn1999cl.m0001.dat,E,27.145156889156468,0.09000000000000001,0.2939719654154395,0.38890557664143366,-1.035490977382051,1.0
1267,SNIb/sn2007kj.m0001.dat,E,27.149574213968407,0.11000000000000001,2.6554226251276396,0.40935597775942256,1.1822316494550844,1.0
1268,SNIa-CL/sn2003Y.m0003.dat,E,27.153797603685604,0.13,1.1826035920982092,0.2968652087022084,0.3239291904823952,1.0
1269,SNIa-SS/sn2001V.p0010.dat,E,27.16938169565711,0.11000000000000001,3.0,0.552059832351438,1.5419738408970474,1.0
1270,SNIa-BL/sn2001ep.p0008.dat,E,27.177226931332807,0.11000000000000001,1.4205450412232015,0.44650454255312827,1.0873064211701562,1.0
1271,SNIc-bl/sn1997ef.m0011.dat,E,27.177506333141597,0.13,3.0,0.24212334879026604,1.3243168523809108,1.0
1272,SNIa-CL/sn2002es.p0002.dat,E,27.181083215067996,0.09000000000000001,2.3081693479452468,0.0,0.7250587962315885,1.0
1273,SNIIn/sn2005gl.p0037.dat,E,27.185919181108744,0.09000000000000001,1.2386390514034138,0.18962067516398853,0.5050766144012143,1.0
1274,SNII/sn1999em.p0021.dat,E,27.194755183136444,0.09000000000000001,3.0,0.24823138950269516,1.2213239890151302,1.0
1275,SLSN-I/sn2007bi.p0369.dat,E,27.195988857415998,0.13,1.2797893694269211,0.690408608224918,0.9527677872723733,1.0
1276,SNIa-CN/sn2007ca.p0013.dat,E,27.199816919437936,0.11000000000000001,1.687266864376821,0.5033633414925957,0.9695328531150639,1.0
1277,SNIa-SS/sn1999dq.p0002.dat,E,27.20394901314195,0.08,3.0,0.296004566430754,1.198254535783482,1.0
1278,SNIa-CN/sn2007A.p0004.dat,E,27.220550731460733,0.08,3.0,0.3903699519502731,1.2800760688870092,1.0
1279,SNII/sn2009N.p0096.dat,E,27.22372289080767,0.08,0.11588417306796746,0.5403583440654065,-1.7550737456612089,1.0
1280,SNIa-CN/sn2008ar.p0003.dat,E,27.22492426735522,0.08,3.0,0.47425042635486236,1.400661433365926,1.0
1281,SNIc/sn2004gt.p0048.dat,E,27.225065237191117,0.1,2.6914137538143943,0.0,0.727960815664454,1.0
1282,SNIa-SS/sn2001az.p0018.dat,E,27.22597348343757,0.11000000000000001,2.28606597162741,0.32850772297897884,1.042931642919017,1.0
1283,SLSN-I/sn2011ke.p0044.dat,E,27.227630170253043,0.12000000000000001,1.5634845039931526,0.0,0.3302397738198415,1.0
1284,SNIa-BL/sn2001N.p0004.dat,E,27.228583161696562,0.13,1.1145895823940084,0.42793291964692753,0.3354155742080802,1.0
1285,SNIb/sn2009iz.p0012.dat,E,27.23293577585087,0.1,0.48704584984807936,0.5006329922842402,-0.3418923880757016,1.0
1286,SNII/sn1999gi.p0089.dat,E,27.240490846081915,0.08,0.2511283020326398,0.4930937814149022,-1.0542784764086255,1.0
1287,SNIIb/sn1993J.p0031.dat,E,27.241980486031423,0.1,0.09556674324161288,0.5779291361505621,-2.0,1.0
1288,SNIa-CSM/sn2002ic.p0020.dat,E,27.248863040426187,0.1,3.0,0.20677445007832046,1.079002326744565,1.0
1289,SNIa-BL/sn2007le.p0007.dat,E,27.258843855375623,0.11000000000000001,1.1324621855992647,0.5287051469093675,0.5732682465854426,1.0
1290,SNIa-SS/sn1999aa.p0014.dat,E,27.25963779216267,0.11000000000000001,3.0,0.6614541581381996,1.6774850753533224,1.0
1291,SNIIb/sn2008ax.p0008.dat,E,27.269367646248114,0.1,0.15898848242837238,0.47156654374696855,-1.546824112556877,1.0
1292,SNIa-CL/sn2007fb.p0011.dat,E,27.273170793887036,0.11000000000000001,3.0,0.45412355659451353,1.4308247410167243,1.0
1293,SNIa-CN/sn1998co.p0007.dat,E,27.277591011515995,0.1,3.0,0.2874539430328835,1.2533120245573377,1.0
1294,SNIa-CN/sn2001cp.m0001.dat,E,27.28081712724827,0.08,3.0,0.46489137576408635,1.3365033450029244,1.0
1295,SNIb-pec/sn2007uy.p0013.dat,E,27.293918327451397,0.11000000000000001,0.12299044614382312,0.15623579929728634,-2.0,1.0
1296,SNIa-CN/sn1998bu.m0002.dat,E,27.295236247648514,0.08,3.0,0.3529874169462878,1.280908651759167,1.0
1297,SNIIb/sn2008ax.p0113.dat,E,27.29874318644736,0.1,0.24483696306559102,0.6173136954506261,-0.7143001985630169,1.0
1298,SNIa-BL/sn1996Z.p0006.dat,E,27.2997629102639,0.11000000000000001,0.7336978183384077,0.5122415657987295,0.2431624129606189,1.0
1299,SNIc-bl/sn1997ef.p0075.dat,E,27.317644656772075,0.1,0.27173307176223455,0.4825606142507204,-0.8406514079205978,1.0
1300,SNIb/sn2004gq.p0024.dat,E,27.3279915835787,0.11000000000000001,0.10637823483619593,0.49164949431911326,-1.954977079881743,1.0
1301,SNIa-CN/sn2008bf.p0011.dat,E,27.332052342094677,0.11000000000000001,3.0,0.6176728410985068,1.5816577652550923,1.0
1302,Gap/snLSQ13zm.p0042.dat,E,27.334443033521815,0.09000000000000001,1.4140191285679704,0.024638817026861343,0.3088825678830189,1.0
1303,SNIa-CN/sn2001fe.max.dat,E,27.342470999925528,0.08,3.0,0.5558241094566546,1.4450532847927824,1.0
1304,SNIa-CN/sn2001cp.p0001.dat,E,27.366167851359698,0.08,3.0,0.4314243199409371,1.311394855311585,1.0
1305,SNIa-BL/sn1994M.p0002.dat,E,27.369769635034718,0.09000000000000001,2.983188122366975,0.34934070809404866,1.3117317868458778,1.0
1306,SNIc/sn2005az.p0064.dat,E,27.381781085994295,0.1,1.1804032901281059,0.13223120758834345,0.13597801847838203,1.0
1307,SNIa-BL/sn1999cl.m0002.dat,E,27.384178790491152,0.09000000000000001,0.2931762187273457,0.3819246689925711,-1.0649080250946243,1.0
1308,SNIa-SS/sn1999dq.max.dat,E,27.38776250502321,0.08,3.0,0.33836117269615723,1.2218823027459045,1.0
1309,SNIc-bl/sn1998bw.p0003.dat,E,27.40033775153144,0.13,3.0,0.0,1.1582100820735073,1.0
1310,SNIa-BL/sn1999cl.p0001.dat,E,27.40213041083632,0.09000000000000001,0.20006955080845926,0.41999094530521935,-1.377446450381448,1.0
1311,SNIb/sn2004gq.p0020.dat,E,27.406694252536077,0.11000000000000001,0.0983419812848858,0.536180762405562,-1.9813841341814067,1.0
1312,SNIa-SS/sn1999dq.p0003.dat,E,27.415761917527625,0.08,3.0,0.2651691897517793,1.1954624493575126,1.0
1313,SNIb/sn2005bf.p0029.dat,E,27.42065208817766,0.09000000000000001,0.2721448645728318,0.42236036298141455,-1.1350142832229535,1.0
1314,SNIb/sn2005hg.m0003.dat,E,27.4308910156794,0.11000000000000001,2.0071914064111143,0.2529668153531857,0.7295634447939565,1.0
1315,SNII/sn1999gi.p0085.dat,E,27.454504155661343,0.08,0.20117532371888885,0.5254263112371054,-1.250989071010886,1.0
1316,SNIa-BL/sn2002bf.p0006.dat,E,27.461602826288928,0.13,1.6786456439746125,0.2157053164550185,0.6150745056262533,1.0
1317,SNIa-CN/sn2004L.p0005.dat,E,27.461928782022312,0.09000000000000001,3.0,0.0,0.9657077306381572,1.0
1318,SNIa-CN/sn2006le.p0006.dat,E,27.464403078955108,0.09000000000000001,3.0,0.32193021433639585,1.2776355194857103,1.0
1319,SNIb/sn2005hg.m0002.dat,E,27.483346635004143,0.11000000000000001,1.6128004699898346,0.25072015399195224,0.5536571003880162,1.0
1320,SNIb/sn2009iz.p0011.dat,E,27.485785266137206,0.1,0.43550393188556236,0.5238183677209767,-0.46677033913124893,1.0
1321,SLSN-II/snCSS121015.p0053.dat,E,27.486208082443586,0.1,2.7826075191975956,0.0,0.8939759593563099,1.0
1322,SNIa-BL/sn2007kk.p0001.dat,E,27.49415790361741,0.09000000000000001,3.0,0.556978075504522,1.4480224977679828,1.0
1323,SNIa-BL/sn2007co.p0009.dat,E,27.495907843749297,0.11000000000000001,2.2031702239916267,0.4876250697307595,1.1877830939514062,1.0
1324,SNIb/sn2005hg.m0001.dat,E,27.501222133602383,0.1,2.211163681842847,0.1690917465204007,0.7922448423554993,1.0
1325,SNIa-BL/sn2007kk.p0005.dat,E,27.5047716600454,0.09000000000000001,2.8964558293438483,0.5109348070821205,1.4157686132772371,1.0
1326,SNIc/sn1994I.p0024.dat,E,27.50619665872373,0.11000000000000001,1.0061260646272716,0.3669241535124264,0.1940572889375554,1.0
1327,SLSN-I/sn2011ke.p0029.dat,E,27.516395138659778,0.12000000000000001,2.3276587488408076,0.0,0.7717094171578563,1.0
1328,SNIa-SS/sn2007if.p0007.dat,E,27.516660601001668,0.11000000000000001,3.0,0.26333621445700756,1.1210884340904153,0.9893567155425217
1329,SLSN-I/snPTF12dam.p0048.dat,E,27.528326978067717,0.11000000000000001,3.0,0.446097060960714,1.1837603793539422,1.0
1330,SNIb/sn2007C.p0036.dat,E,27.528390616082817,0.1,0.13217912275335933,0.36551781859130517,-1.8322568821513139,1.0
1331,SNII/sn2009N.p0076.dat,E,27.532663162917586,0.08,0.177271202832738,0.4715562357875944,-1.4839785822110412,1.0
1332,Gap/sn2007sv.p0022.dat,E,27.543939824958507,0.08,2.925140071336654,0.0,0.9056044395277969,0.9681877059561549
1333,SNIa-CN/sn2002ck.max.dat,E,27.54469814970639,0.08,3.0,0.5596395820130307,1.4629865101521413,1.0
1334,SNIb/sn2007C.p0063.dat,E,27.54809014752605,0.1,0.08988519697231667,0.5396940461286109,-2.0,1.0
1335,SNII/sn2002gd.p0083.dat,E,27.551738939836692,0.08,0.24919023518663833,0.23619126988880879,-1.2549045292412762,1.0
1336,SNIIb/sn2006el.p0015.dat,E,27.553287659380462,0.1,0.4359416855759792,0.2610946455702095,-0.7845618867986324,1.0
1337,SNIa-CN/sn2004bg.p0013.dat,E,27.555502880854473,0.11000000000000001,3.0,0.6980642802842348,1.7322417304070208,1.0
1338,SNIa-SS/sn2007S.m0001.dat,E,27.555621876114166,0.08,3.0,0.15372370664118767,1.0699295442528802,1.0
1339,SNIc/sn1994I.p0022.dat,E,27.561867691860883,0.11000000000000001,1.0182170070255547,0.18877522705974178,0.04309190423079579,1.0
1340,SNIa-CN/sn1998dm.p0012.dat,E,27.562406851845537,0.11000000000000001,1.3452948606551753,0.49236902241688907,0.6984618166138161,1.0
1341,SNIa-SS/sn2007S.p0006.dat,E,27.57148330304149,0.09000000000000001,3.0,0.06620187982113217,1.0468000814690104,1.0
1342,SNIa-CN/sn2006le.p0009.dat,E,27.578095614398965,0.1,2.7111408812536317,0.3775319238612617,1.2818818014174092,1.0
1343,SNIa-BL/sn2007kk.p0009.dat,E,27.579253666013564,0.11000000000000001,2.3967484025525745,0.5649743710326611,1.3255579853907813,1.0
1344,SNIa-CN/sn2006le.p0008.dat,E,27.580805409804682,0.1,3.0,0.3857251441719553,1.3580178744417695,1.0
1345,SNIa-BL/sn2002cd.m0005.dat,E,27.58243939767664,0.1,0.5879136188937742,0.3417721850925576,-0.37965656379891516,1.0
1346,SNIa-CN/sn2002ck.p0002.dat,E,27.583261513151136,0.08,3.0,0.5397363170176612,1.442839351892136,1.0
1347,SNIa-SS/sn2006cz.m0002.dat,E,27.584751528740632,0.08,3.0,0.3183212240552034,1.195475510297424,0.9924939589442816
1348,SNIa-CN/sn1998bu.m0003.dat,E,27.586454276642378,0.08,3.0,0.3040555762002056,1.227662481891071,1.0
1349,SNIa-CN/sn2008ar.p0004.dat,E,27.59127897459055,0.08,3.0,0.4474090501319458,1.3760454825693507,1.0
1350,SNII/sn2009N.p0104.dat,E,27.592001874821516,0.08,0.11360417858013425,0.6663154476564596,-1.6757576133455723,1.0
1351,SNIa-CN/sn2000fa.p0004.dat,E,27.604797627869164,0.09000000000000001,3.0,0.32205184245906326,1.2517041344621405,1.0
1352,SNIb/sn2005bf.m0020.dat,E,27.624253117736373,0.1,1.783263410942311,0.3175440223922385,0.9049661760082877,1.0
1353,SNIa-CN/sn2000fa.p0009.dat,E,27.639498232509574,0.11000000000000001,2.6967709124321986,0.4010519781948035,1.28340020341945,1.0
1354,SNIc-bl/sn1997ef.m0012.dat,E,27.647385524590565,0.13,3.0,0.23450385897987966,1.2918131761849438,1.0
1355,Gap/sn2015dl.p0003.dat,E,27.66249496859381,0.07,0.30597661401401277,0.0,-1.4689288432338656,1.0
1356,SNII/sn1999br.p0101.dat,E,27.664199656164687,0.08,0.242667461325664,0.3188001901828642,-1.2376662034303783,1.0
1357,SNIa-CN/sn1995D.p0012.dat,E,27.665284368491776,0.11000000000000001,3.0,0.7049643603355693,1.6824117035914794,1.0
1358,SNIa-CL/sn2007al.p0003.dat,E,27.66785569640819,0.12000000000000001,0.7290956748989942,0.0,-0.4927514104674844,1.0
1359,SNIa-CN/sn1997dt.max.dat,E,27.672052269491303,0.09000000000000001,2.1841397018500786,0.0355745058676971,0.6608736115281454,1.0
1360,SNIa-CN/sn2000dg.m0001.dat,E,27.678799354775887,0.08,3.0,0.17547057677991731,1.062031804138381,1.0
1361,SNIa-SS/sn2002de.p0003.dat,E,27.688742204416382,0.08,3.0,0.05413083331834493,0.9927297295796274,1.0
1362,SNIa-BL/sn2003ch.m0000.dat,E,27.695390570204466,0.08,3.0,0.5135045456204028,1.4235830794534667,1.0
1363,SNIc/sn2007gr.m0010.dat,E,27.696122446614773,0.11000000000000001,3.0,0.3157489531239775,1.0770552211456221,1.0
1364,SNIa-BL/sn2001gc.p0003.dat,E,27.700609967646976,0.13,0.9072138981761727,0.532528330415396,0.26707249142930206,1.0
1365,SNIc/sn2004fe.m0006.dat,E,27.70207774275171,0.11000000000000001,3.0,0.09136985095900055,0.9875240106872472,1.0
1366,SNIb/sn2007C.p0060.dat,E,27.705256000020555,0.1,0.3948218697692663,0.37040604765276497,-0.7865781850185902,1.0
1367,SNIa-BL/sn1994M.p0003.dat,E,27.71097313059466,0.09000000000000001,3.0,0.3722374649773505,1.3194053656939602,1.0
1368,SNIa-SS/sn2005eq.p0001.dat,E,27.724066806331507,0.08,3.0,0.4871426226368718,1.3356593248607855,1.0
1369,SNIa-CN/sn1994D.m0000.dat,E,27.731182139404517,0.08,3.0,0.4774045732517904,1.4237021034496231,1.0
1370,SLSN-IIn/sn2006gy.p0138.dat,E,27.732241667958874,0.09000000000000001,0.3541210984803362,0.0,-1.443248634775616,1.0
1371,SNIa-BL/sn2001da.p0002.dat,E,27.740789994374563,0.09000000000000001,3.0,0.40426936457167584,1.3561561638078992,1.0
1372,SNIa-CL/sn2007bc.p0007.dat,E,27.744256120025337,0.1,2.8881241512391838,0.5247284733929929,1.443276550374768,1.0
1373,SNIa-CL/sn2003iv.p0007.dat,E,27.749454693567476,0.1,3.0,0.5114439444041196,1.4248538047069452,1.0
1374,SNIIb/sn2004ff.m0004.dat,E,27.76293035542129,0.1,1.3001187080196763,0.30872581429075246,0.4548895833415189,1.0
1375,SNIa-CN/sn2003cg.m0006.dat,E,27.76654143465677,0.09000000000000001,0.2588810042632408,0.03746690092498069,-1.6470709680685003,1.0
1376,SNIIb/sn2006el.p0010.dat,E,27.772319330795433,0.1,0.6311447161444931,0.22171022984150346,-0.4579286615077511,1.0
1377,SNIa-BL/sn2007kk.p0002.dat,E,27.77471582696928,0.09000000000000001,2.5839213291569867,0.5718188458175544,1.3388329944615531,1.0
1378,SNIa-BL/sn2002ha.p0002.dat,E,27.779867156796733,0.08,3.0,0.3847216997613565,1.528357503263988,1.0
1379,SNIa-CN/sn2002ck.m0001.dat,E,27.78264083824016,0.08,3.0,0.47694931163860627,1.3575882509143788,1.0
1380,SNIa-CN/sn2005cf.p0004.dat,E,27.786482524398796,0.08,3.0,0.5050342623568501,1.4215402679034619,1.0
1381,SNII/sn1999gi.p0110.dat,E,27.793012766110152,0.08,0.1299169023387046,0.6017806260774107,-1.512865925123745,1.0
1382,SNIa-SS/sn2008ae.p0002.dat,E,27.799003686565268,0.1,3.0,0.0,0.9501567141157841,1.0
1383,SNIa-SS/sn2006S.p0003.dat,E,27.810630546614018,0.08,3.0,0.5907555344555299,1.4597916140578018,1.0
1384,SNIa-CN/sn2003it.p0009.dat,E,27.813659497232827,0.1,3.0,0.5950485955553784,1.5494459524407989,1.0
1385,SNIIb/sn2006T.m0011.dat,E,27.81432302855346,0.1,0.6931377371140145,0.23719586049296063,-0.2901142632344167,1.0
1386,SNIa-CN/sn1996X.p0008.dat,E,27.816463399819625,0.11000000000000001,3.0,0.6148333665114437,1.6409537082197465,1.0
1387,SNIa-BL/sn2002ha.p0010.dat,E,27.818885185942086,0.11000000000000001,3.0,0.5631548776233862,1.5431254588215813,1.0
1388,SNIa-BL/sn2006sr.p0001.dat,E,27.825913580355614,0.09000000000000001,3.0,0.48149764312413823,1.3460547525505695,1.0
1389,SNIa-CL/sn2007hj.p0006.dat,E,27.82772795234859,0.12000000000000001,1.3639932310583518,0.4106122866157476,0.5796601820986784,1.0
1390,SNIa-CN/sn2005kc.p0007.dat,E,27.829839226703847,0.09000000000000001,2.8325979499964142,0.2197053631693517,1.1159723618490178,1.0
1391,SNIb/sn2005bf.p0032.dat,E,27.832082167272056,0.09000000000000001,0.2434442654245279,0.5249457592131909,-1.1178888138917007,1.0
1392,SNIa-BL/sn2001da.p0003.dat,E,27.840492484320357,0.09000000000000001,3.0,0.37973930442964415,1.3402078950029503,1.0
1393,SNIa-CN/sn1999gd.p0001.dat,E,27.842931957863883,0.08,2.267480380485125,0.2737089404858713,0.9193282625908781,1.0
1394,SNIIb/sn2000H.p0030.dat,E,27.843601590909405,0.1,0.30785280917758095,0.6400324466223972,-0.531626671535861,1.0
1395,SNIa-BL/sn2005am.p0005.dat,E,27.843967211597224,0.09000000000000001,3.0,0.49830564626230417,1.411839955030555,1.0
1396,SNII/sn2009N.p0126.dat,E,27.84400265264863,0.09000000000000001,0.05580185498605966,0.8072846087110848,-2.0,1.0
1397,SLSN-II/snCSS121015.p0052.dat,E,27.849813485974277,0.09000000000000001,2.953001949817344,0.0,0.9271521822934885,1.0
1398,SNIa-CN/sn2003kf.p0011.dat,E,27.853680250976254,0.11000000000000001,1.919468447635483,0.5534808994692245,1.1586208519998153,1.0
1399,SNIc/sn2004dn.p0054.dat,E,27.86224916164018,0.1,0.27094770523933787,0.4799550139226125,-1.043284313982345,1.0
1400,SNIa-BL/sn1994M.p0004.dat,E,27.866496113774453,0.09000000000000001,3.0,0.49856833603435635,1.4523826251341236,1.0
1401,SNIIb/sn2008ax.p0009.dat,E,27.872635734567616,0.09000000000000001,0.12600582122404294,0.46814055696939616,-1.8112789550566526,1.0
1402,SNIa-CN/sn1996C.p0002.dat,E,27.875393820606575,0.08,3.0,0.4896199452774447,1.3916714656454643,1.0
1403,SNIa-SS/sn1998es.p0002.dat,E,27.87660718838602,0.08,3.0,0.5459798045950254,1.411503758448356,1.0
1404,SNIa-CN/sn2000cp.m0003.dat,E,27.87812619292886,0.09000000000000001,1.9087914058665816,0.010962825665233199,0.490360385841262,1.0
1405,SNIIb/sn2008ax.p0034.dat,E,27.88406227546583,0.1,0.08731670802296958,0.5922161498494121,-1.9926973822013463,1.0
1406,SNIa-BL/sn2005am.p0008.dat,E,27.886097335978967,0.1,3.0,0.4994692201791087,1.4933232790980928,1.0
1407,SNII/sn2013am.p0028.dat,E,27.88691033493678,0.09000000000000001,0.15157100446640076,0.3478045298806419,-2.0,1.0
1408,SNIa-CN/sn2001G.p0091.dat,E,27.887229152546432,0.1,1.2371604551882922,0.0,0.08601468614713179,1.0
1409,SNIa-SS/sn2008A.p0001.dat,E,27.88726782505146,0.1,3.0,0.16401213788837288,1.10826796534316,1.0
1410,SNIc-bl/sn2006aj.p0198.dat,E,27.895992536217907,0.13,0.9361816855841263,0.07715108780853881,-0.031151510241016686,1.0
1411,SNIa-CN/sn2002jy.p0003.dat,E,27.90981837332631,0.08,3.0,0.5443901157167146,1.4563820969598047,1.0
1412,SNIa-CN/sn1997dt.p0002.dat,E,27.915003617881236,0.08,2.2554286485669426,0.1135404327459567,0.7718880727639545,1.0
1413,SNIa-SS/sn1999gp.p0003.dat,E,27.91624052414675,0.08,3.0,0.4465375085729633,1.3309596218122774,1.0
1414,SNIa-BL/sn2001bg.p0005.dat,E,27.92446375130394,0.09000000000000001,3.0,0.5210382215915551,1.529692536348908,1.0
1415,SNIa-CN/sn2005cf.p0003.dat,E,27.926209134636647,0.08,3.0,0.5326850970910035,1.4455874579372745,1.0
1416,SNII/sn1999em.p0137.dat,E,27.939835255768337,0.09000000000000001,0.04871272481804267,0.8687728457735854,-2.0,1.0
1417,SNIb/sn2004dk.p0017.dat,E,27.94058545745105,0.1,0.12668859085660653,0.38428640784910634,-1.9272142214196948,1.0
1418,SNIa-CN/sn1999ef.p0010.dat,E,27.941265271758482,0.11000000000000001,3.0,0.5513218128891143,1.5274820292556692,1.0
1419,SNIa-SS/sn2006cz.m0001.dat,E,27.95000126029779,0.09000000000000001,3.0,0.4998728994742543,1.3468271988447023,1.0
1420,SNIa-CN/sn2003it.p0007.dat,E,27.950497319939707,0.09000000000000001,3.0,0.4234695604784144,1.3234997414826777,1.0
1421,SNIa-SS/sn2001eh.p0003.dat,E,27.952297212997745,0.08,3.0,0.5758456916608851,1.4724427978923478,1.0
1422,SNIa-CN/sn2006le.p0007.dat,E,27.96179383759469,0.1,2.9686349388782065,0.37487472108997294,1.32613330469487,1.0
1423,SNII/sn2013am.p0032.dat,E,27.962132014599767,0.08,0.15696019042466622,0.3236648384774675,-2.0,1.0
1424,SNIa-SS/sn2006S.p0001.dat,E,27.962506556599827,0.08,3.0,0.5132700929972469,1.3645033881054665,1.0
1425,SNII/sn2004et.p0090.dat,E,27.963429225462203,0.08,0.07190236827995798,0.6430144972731426,-2.0,1.0
1426,SNIb/sn2007C.p0041.dat,E,27.965846539931363,0.1,0.2325250565224074,0.3940118854462029,-1.2804441338490913,1.0
1427,SNIa-CN/sn2005bo.m0000.dat,E,27.976459596170926,0.08,2.985831468705866,0.23361082415379178,1.1282565011754784,1.0
1428,SNIc/sn1994I.p0038.dat,E,27.977048702613253,0.11000000000000001,1.3054513241411272,0.0011038858485298113,0.16980963040218663,1.0
1429,SNIa-SS/sn2006S.p0004.dat,E,27.97833062309058,0.08,3.0,0.4888373621544116,1.4911244375449018,1.0
1430,SNIa-CN/sn1998co.p0004.dat,E,27.980464045492795,0.09000000000000001,3.0,0.1274109790563277,1.0981730698004923,1.0
1431,SNIa-BL/sn2003ch.p0006.dat,E,27.984361383978182,0.08,3.0,0.40571019312895873,1.713547317959435,1.0
1432,SNIa-CN/sn2006lf.p0007.dat,E,27.98750738188633,0.1,0.6612913358932643,0.3451055877517319,-0.20986877220674788,1.0
1433,SNIIb/sn2000H.m0001.dat,E,27.98877238509023,0.11000000000000001,1.3795708998048783,0.4228769654487497,0.5567266879564565,1.0
1434,SNIa-CN/sn2005el.p0002.dat,E,27.99446814341723,0.08,3.0,0.5141144703451689,1.392949539908801,1.0
1435,SNIa-CN/sn2002ck.p0004.dat,E,27.99636028419721,0.09000000000000001,3.0,0.47308028445540123,1.376908196808514,1.0
1436,SNIb/sn2009jf.m0005.dat,E,27.997947941354752,0.11000000000000001,3.0,0.13060406457297172,1.0425428163412118,1.0
1437,SNIa-CN/sn2001fe.p0003.dat,E,27.99945767744175,0.09000000000000001,3.0,0.6207250842911258,1.5598421156575912,1.0
1438,SNIa-BL/sn1994M.p0005.dat,E,28.000738126762467,0.09000000000000001,3.0,0.47454621241577566,1.458127053050443,1.0
1439,SNIa-CSM/sn1999E.p0007.dat,E,28.001730448296637,0.1,0.36029750537302746,0.30599999734373723,-0.9118359312339098,1.0
1440,SNIa-CN/sn2001ck.p0006.dat,E,28.00886502641536,0.09000000000000001,3.0,0.48719938659802053,1.65006821057518,1.0
1441,SNIa-BL/sn1994M.p0007.dat,E,28.009731293870047,0.09000000000000001,3.0,0.4635283296399477,1.441589724995932,1.0
1442,SNIIb/sn2008ax.p0079.dat,E,28.012399697105913,0.1,0.20410326079712907,0.6778525551873361,-0.7987559394906845,1.0
1443,SNII/sn2002gd.p0053.dat,E,28.01257607765354,0.09000000000000001,0.6101279788409499,0.31135684873982605,-0.3043155439074845,1.0
1444,SNIa-BL/sn1999ej.p0003.dat,E,28.013881581337927,0.08,3.0,0.4763619346525784,1.3836459499850222,1.0
1445,SNIa-BL/sn1995al.p0008.dat,E,28.01647281740512,0.11000000000000001,2.2818396510167145,0.541627347796199,1.2990199002579095,1.0
1446,SNIa-BL/sn2001en.p0008.dat,E,28.02660805535457,0.11000000000000001,2.442207106011221,0.5825368239289642,1.4164220102877363,1.0
1447,SNIa-CN/sn1996X.p0001.dat,E,28.027258847242198,0.08,3.0,0.5564968159449375,1.5142846827712833,1.0
1448,SNIa-CN/sn2003it.p0004.dat,E,28.02873866222332,0.08,3.0,0.43152410050238954,1.3233376068482563,1.0
1449,SNIa-CN/sn2003ic.m0002.dat,E,28.029300676521043,0.09000000000000001,3.0,0.588635346381247,1.4486049265818535,1.0
1450,SNIa-CN/sn2007F.p0003.dat,E,28.041792048679216,0.08,3.0,0.6026394803460278,1.492013670425222,1.0
1451,SNIb/sn2007C.p0027.dat,E,28.052767094666308,0.1,0.10279301794046103,0.4353409226329068,-2.0,1.0
1452,SNIa-BL/sn2007co.m0000.dat,E,28.05341109971291,0.09000000000000001,3.0,0.49276742489550707,1.401386801290886,1.0
1453,SNIa-CSM/sn2011km.m0002.dat,E,28.064605696186625,0.08,3.0,0.32090359924997053,1.2515516257814043,1.0
1454,SNIa-SS/sn1999gp.p0005.dat,E,28.067970630406613,0.08,3.0,0.3871692183737298,1.2923704205351005,1.0
1455,SNIb/sn2004gq.p0016.dat,E,28.08686969706794,0.11000000000000001,0.10989290661023124,0.5277323506574761,-1.8741710228066237,1.0
1456,SNIa-CN/sn1996C.p0005.dat,E,28.10013873694823,0.09000000000000001,3.0,0.37405734023991866,1.3106006357176039,1.0
1457,SNIa-BL/sn2007kk.p0004.dat,E,28.102133551960158,0.09000000000000001,3.0,0.5056246409660123,1.4351640558401852,1.0
1458,SNIa-CN/sn2005el.p0004.dat,E,28.104343724346947,0.08,3.0,0.4863968689994314,1.3618440058998063,1.0
1459,SNII/sn2002gd.p0110.dat,E,28.107432345969983,0.08,0.991891142263281,0.30418733718670626,0.18382389277887143,1.0
1460,SNIa-BL/sn2002cd.m0006.dat,E,28.10841610011581,0.1,0.6410291115623127,0.3382712802309717,-0.3131849440170793,1.0
1461,SNIIb/sn2008ax.p0080.dat,E,28.112752281456967,0.1,0.14408858761897222,0.7093511827700697,-1.2748882227167757,1.0
1462,SNIa-CN/sn1998aq.p0003.dat,E,28.114282212441566,0.08,3.0,0.6368904555458382,1.591020403304533,1.0
1463,SNIa-BL/sn1994T.p0005.dat,E,28.11856438611264,0.12000000000000001,0.7546669378000098,0.6424072946886409,0.3219158456247528,1.0
1464,SNIa-BL/sn2003ch.p0005.dat,E,28.11861832844084,0.08,3.0,0.5851731983966014,1.5119367950752287,1.0
1465,SNIa-CN/sn2008ar.p0001.dat,E,28.123119395996014,0.08,3.0,0.5555519406636062,1.4876490282507417,1.0
1466,SNIa-BL/sn1999cl.m0003.dat,E,28.127067639584403,0.09000000000000001,0.28368513106660437,0.3908420497285192,-1.104523014148528,1.0
1467,SNIa-CN/sn2003it.p0006.dat,E,28.12753498301056,0.09000000000000001,3.0,0.4514046596753939,1.3535831229400435,1.0
1468,SNIa-CN/sn2005mc.p0006.dat,E,28.131390977766813,0.12000000000000001,0.9138926985516133,0.5135883568018538,0.2861580157969462,1.0
1469,SNIa-CN/sn2005cf.p0005.dat,E,28.136654889525044,0.08,3.0,0.4765060143115006,1.4101984541068568,1.0
1470,SNIIb/sn1996cb.p0039.dat,E,28.14184804166943,0.09000000000000001,0.10804749119366414,0.5758333226129019,-1.960849348986318,1.0
1471,SNIa-CN/sn2001fe.m0002.dat,E,28.143039753455213,0.08,3.0,0.5984823388926344,1.504210506078921,1.0
1472,SNIc/sn1994I.p0026.dat,E,28.147555532534895,0.11000000000000001,0.7625489051708279,0.3991870202294059,-0.03409445130326687,1.0
1473,SNIIb/sn2008bo.m0003.dat,E,28.149215876910624,0.1,2.0088881520274233,0.3079538514311203,0.7546413958430025,1.0
1474,SNIb-nIIb-n/sn2005la.p0032.dat,E,28.14938510288213,0.1,1.4907405244310787,0.5389719724785235,0.7040120697276102,1.0
1475,SNIa-BL/sn2003ch.p0001.dat,E,28.15698683130832,0.08,3.0,0.5567108220517969,1.4787733313102027,1.0
1476,SNIIn/sn1998S.p0071.dat,E,28.16032525144992,0.09000000000000001,0.20080217728791977,0.5088998943812886,-1.1918820208570933,1.0
1477,SNIa-BL/sn1996Z.p0004.dat,E,28.16291899623947,0.09000000000000001,1.1542375592428313,0.4089417525528215,0.5664516267602662,1.0
1478,SNIa-CN/sn2004L.p0003.dat,E,28.165142172441996,0.08,3.0,0.0,0.9530904215465597,1.0
1479,SLSN-I/snLSQ12dlf.p0043.dat,E,28.176793075398148,0.1,1.2279238955197969,0.29834754878950526,0.3973125184400942,1.0
1480,SNIa-CN/sn2005na.p0003.dat,E,28.179964135729577,0.08,3.0,0.44418027300237933,1.3052765177578882,1.0
1481,SNIa-CL/sn2006hb.p0010.dat,E,28.18481511915347,0.12000000000000001,3.0,0.48375204638160846,1.464615650634284,1.0
1482,SNIa-BL/sn2001da.max.dat,E,28.188783881838482,0.09000000000000001,3.0,0.45698013736084486,1.416984001055023,1.0
1483,SNIIn/sn2005cp.p0053.dat,E,28.19261269209157,0.1,1.571920281375074,0.0,0.30802742100848324,1.0
1484,SNIa-BL/sn2006br.max.dat,E,28.194999858475867,0.09000000000000001,0.7162195744700701,0.0,-0.4947117158809578,1.0
1485,SNIa-SS/sn2006gz.p0010.dat,E,28.19828041598172,0.11000000000000001,3.0,0.26460860823272137,1.1514468009835235,1.0
1486,SNIa-CN/sn2002ef.m0003.dat,E,28.205501150553527,0.08,2.97707697028743,0.0,0.9441986084262793,1.0
1487,SNIa-BL/sn2006sr.p0003.dat,E,28.20574615015922,0.09000000000000001,3.0,0.4675837642685301,1.3709896203743832,1.0
1488,SNIa-CN/sn2001ck.p0005.dat,E,28.20906661843844,0.09000000000000001,3.0,0.512029655994699,1.4281252560626405,1.0
1489,SNIb-pec/sn2007uy.m0005.dat,E,28.216880237552868,0.13,1.0726548242492593,0.2830104188880251,0.33451243788949486,1.0
1490,SNIc/sn2005az.m0006.dat,E,28.218990360952887,0.13,1.445576230573589,0.0,0.2460422929271181,1.0
1491,SNIa-CN/sn2006al.p0005.dat,E,28.22433937315218,0.09000000000000001,3.0,0.5332709172690194,1.4153676668184845,0.9611115542521995
1492,SNIa-BL/sn1999cl.m0004.dat,E,28.229721546419455,0.09000000000000001,0.29015575626964857,0.37156946223810344,-1.1461496782429335,1.0
1493,SNIa-CN/sn2002fk.p0010.dat,E,28.238038234966098,0.11000000000000001,3.0,0.5474575727595075,1.5516472965097279,1.0
1494,SNII/sn2013am.p0022.dat,E,28.241974729960845,0.09000000000000001,0.17381926408120654,0.356985639041699,-1.804613013705432,1.0
1495,SNIb/sn2007C.m0005.dat,E,28.248283606062078,0.12000000000000001,0.7329476376160078,0.11115683201814253,-0.3479203035448861,1.0
1496,SNIa-BL/sn2004ef.p0002.dat,E,28.25148317120211,0.09000000000000001,3.0,0.44955871765475697,1.3648562963955737,1.0
1497,SNIa-SS/sn2001eh.p0004.dat,E,28.25436648013721,0.09000000000000001,3.0,0.5571977154279742,1.4504844729736708,1.0
1498,SNIa-CN/sn2003it.p0001.dat,E,28.255412750695676,0.09000000000000001,3.0,0.41610495645404194,1.310233248571799,1.0
1499,SNIb/sn2009iz.p0013.dat,E,28.258692696441933,0.1,0.2668035263107617,0.5985025765956448,-0.9080450733480405,1.0
1500,SNII-flash/sniPTF14flu.p0069.dat,E,28.26024728426709,0.09000000000000001,1.0456224063953299,0.0,0.09484094544780994,1.0
1501,SLSN-I/sn2012il.p0043.dat,E,28.263258460918834,0.11000000000000001,2.8797068798295915,0.0,0.9545221337246186,1.0
1502,SNIa-BL/sn2006sr.p0004.dat,E,28.265606565954727,0.09000000000000001,3.0,0.468966401693569,1.3733672426052437,1.0
1503,SNIa-CN/sn2007ca.p0006.dat,E,28.266956446806404,0.08,2.944377929085823,0.20983090511391608,1.1521118924500704,1.0
1504,SNIa-BL/sn2004ef.p0006.dat,E,28.269614019872975,0.1,2.981229074327416,0.4354776434641458,1.4231563425030602,1.0
1505,SNIa-BL/sn2004ef.p0003.dat,E,28.270628101419693,0.09000000000000001,3.0,0.4792203421728763,1.4063620371818955,1.0
1506,SNIa-CN/sn2003kf.m0003.dat,E,28.27104726510934,0.08,3.0,0.30609560888503584,1.218552375636346,1.0
1507,SNIa-CN/sn2006al.p0009.dat,E,28.275993062444027,0.11000000000000001,2.4827464940511943,0.42802338596186607,1.1474239265069799,1.0
1508,SNIa-BL/sn2007kk.p0006.dat,E,28.276864212203726,0.1,3.0,0.5714609765847939,1.516026862333503,1.0
1509,SNIa-BL/sn2006sr.p0002.dat,E,28.288567247009965,0.09000000000000001,3.0,0.4878117434965297,1.365068078020729,1.0
1510,SNIc/sn2004aw.m0003.dat,E,28.28943194596252,0.13,1.6377239629376878,0.0,0.47327326931476354,1.0
1511,SNIa-BL/sn2007co.p0008.dat,E,28.29389764261177,0.12000000000000001,1.8834072698607671,0.5210438152263027,1.0388187900519055,1.0
1512,SNIa-SS/sn2007S.p0008.dat,E,28.294072535371434,0.09000000000000001,2.873911885945733,0.16074564797241125,1.1428516354453042,1.0
1513,SNIa-CN/sn2002jy.max.dat,E,28.29663183642017,0.08,3.0,0.567369066995178,1.477108025805482,1.0
1514,SNIa-CN/sn2006N.p0009.dat,E,28.29850248860502,0.1,3.0,0.19099648988798185,1.1670170743948896,1.0
1515,SNIa-BL/sn2003ch.p0003.dat,E,28.301368575319874,0.08,3.0,0.6395679596436749,1.6054961927642268,1.0
1516,SNIa-BL/sn2006X.p0002.dat,E,28.302080323356375,0.13,0.09793374830292156,0.5372306197325434,-2.0,1.0
1517,SNIc/sn2004fe.m0007.dat,E,28.308388989288453,0.12000000000000001,3.0,0.18355514161512657,1.187956505024353,1.0
1518,SNIa-BL/sn2001bg.p0004.dat,E,28.31560649476956,0.09000000000000001,3.0,0.5309299624809722,1.5183670853055873,1.0
1519,SNIa-BL/sn1997bp.p0004.dat,E,28.319293422547176,0.13,1.1673003836376328,0.5866841208949751,0.6724795196110063,1.0
1520,SNIa-BL/sn2007le.p0005.dat,E,28.32101055343044,0.09000000000000001,3.0,0.4195312474142698,1.4264334453014305,1.0
1521,SNIa-BL/sn2008af.p0006.dat,E,28.321687187798908,0.09000000000000001,3.0,0.5408459682205978,1.4827326638339688,1.0
1522,SNIa-BL/sn2008L.p0006.dat,E,28.330094404215842,0.09000000000000001,3.0,0.46022009563859756,1.3772822062400127,1.0
1523,SLSN-I/sn2011ke.p0020.dat,E,28.339335591364527,0.12000000000000001,3.0,0.24411564460933058,1.0067217340615584,1.0
1524,SNIa-CN/sn2004L.p0032.dat,E,28.34106043934895,0.1,1.3954463077222583,0.0,0.14748479514989832,1.0
1525,SNIa-CN/sn2008ar.p0005.dat,E,28.353721549054054,0.09000000000000001,3.0,0.6261631331349617,1.5830885681569034,1.0
1526,SNIa-CN/sn2005cf.p0002.dat,E,28.353790173878586,0.08,3.0,0.5896483415037523,1.5128508409006922,1.0
1527,SNIa-CN/sn2003du.p0002.dat,E,28.356234591929418,0.08,3.0,0.6292644845200782,1.5846776047692,1.0
1528,SNIa-BL/sn2006ac.p0007.dat,E,28.359917993841343,0.12000000000000001,2.3048572221197,0.595389258235683,1.3340244641310737,1.0
1529,SNIa-BL/sn2006cp.p0007.dat,E,28.369842561288372,0.12000000000000001,1.9938232579486062,0.5988695762132238,1.1855603158623171,1.0
1530,SNIa-BL/sn1999cc.m0001.dat,E,28.37111530462826,0.09000000000000001,3.0,0.5960479258353871,1.5545740298213382,1.0
1531,SNIa-BL/sn2004ef.p0001.dat,E,28.37231188960224,0.09000000000000001,3.0,0.46641232567616103,1.3812786885187385,1.0
1532,SNIa-CN/sn1994D.p0083.dat,E,28.375336233573464,0.11000000000000001,1.4636003495903709,0.8057816811587944,2.0,1.0
1533,SNIIb/sn1993J.p0096.dat,E,28.37763882528354,0.1,0.22063772260476466,0.7773554837705995,-0.6105835104296324,1.0
1534,SNII/sn2009N.p0085.dat,E,28.37834376767407,0.08,0.193585523394391,0.49401528022401997,-1.3564684019439988,1.0
1535,SNIa-CN/sn2004bk.p0006.dat,E,28.382497496637036,0.1,3.0,0.4692639465266584,1.3796438587736295,1.0
1536,SNIa-CSM/sn2011km.p0303.dat,E,28.38568551201813,0.1,0.7382863620849601,0.17674364671535958,-0.2743411063737267,1.0
1537,SLSN-II/sn2020bfe.p0071.dat,E,28.386439873224834,0.1,1.4529613061161626,0.0,0.2983212707118727,1.0
1538,SNIa-CN/sn1994S.p0001.dat,E,28.390156209013906,0.08,3.0,0.6209582162173773,1.5962461019895766,1.0
1539,SNIa-CN/sn1994ae.p0001.dat,E,28.396382779512404,0.08,3.0,0.7368672293463228,1.6589581077437892,0.9527113196480936
1540,SNIa-CN/sn1998bu.m0004.dat,E,28.397128473753185,0.08,3.0,0.3000462726723472,1.229517675297828,1.0
1541,SNIa-BL/sn1999ej.p0001.dat,E,28.39801011938136,0.08,3.0,0.5008336410985595,1.4342187174194057,1.0
1542,SNIa-BL/sn1998ef.p0001.dat,E,28.402399291055836,0.09000000000000001,2.9651973933735634,0.3632668427194634,1.268963334938,1.0
1543,SNII/sn1999em.p0037.dat,E,28.404339251482874,0.09000000000000001,0.5975886455816076,0.40873670301926124,-0.09213387161655384,0.9820094155442092
1544,SNIa-CN/sn2002jy.p0001.dat,E,28.40607536147331,0.08,3.0,0.6100730275504591,1.534324158646263,1.0
1545,SNII/sn1999br.p0039.dat,E,28.40904666274386,0.08,0.49500709595158,0.2555505251314929,-0.3814410798004511,1.0
1546,SNIa-CN/sn2003it.p0002.dat,E,28.411871485096306,0.09000000000000001,3.0,0.43164986511469844,1.3381803868021445,1.0
1547,SNIc/sn1994I.p0030.dat,E,28.41258976187563,0.11000000000000001,0.725780018933847,0.39371441701572785,-0.13835734532893854,1.0
1548,SNIa-BL/sn2001da.m0001.dat,E,28.412712991358593,0.09000000000000001,3.0,0.317072275643731,1.595916577431615,1.0
1549,SNIa-BL/sn2004as.p0007.dat,E,28.42229607148537,0.13,1.950535595929557,0.46581195405678294,0.9980047726041348,1.0
1550,SNIa-CN/sn2002G.m0003.dat,E,28.422603564009087,0.09000000000000001,3.0,0.13104693646254775,1.07574578897888,1.0
1551,SNIa-BL/sn2007co.p0002.dat,E,28.422842385994226,0.09000000000000001,3.0,0.41587635758283265,1.346438980709022,1.0
1552,SNIa-SS/sn1998es.p0001.dat,E,28.4251463847004,0.08,3.0,0.5336639754923472,1.4005313855175647,1.0
1553,SNIa-CN/sn1998eg.m0001.dat,E,28.427305996774443,0.08,3.0,0.45389451680590925,1.3518239492643929,1.0
1554,SNIc-bl/sn1998bw.p0124.dat,E,28.43070415901215,0.13,0.3967984617697875,0.7929966983432404,0.1599845548696444,1.0
1555,SNIa-CL/sn1998bp.p0001.dat,E,28.433643032873828,0.08,3.0,0.35241086353696366,1.275868052856679,1.0
1556,SNIa-BL/sn2007kk.p0008.dat,E,28.43859243421838,0.11000000000000001,1.4700352338666465,0.6603775364860542,0.9356640023094248,1.0
1557,SNIa-CN/sn1998aq.p0004.dat,E,28.440818644013888,0.08,3.0,0.6555579930063082,1.6198365298031223,1.0
1558,SNIa-SS/sn2001eh.m0000.dat,E,28.447631907243068,0.08,3.0,0.5517291593876357,1.4336104162245065,1.0
1559,SNIa-BL/sn2005am.p0002.dat,E,28.449923253890194,0.09000000000000001,3.0,0.5379280864388526,1.4384620760667188,1.0
1560,SNIa-CN/sn2007A.m0002.dat,E,28.4501286998701,0.08,3.0,0.3308832195489878,1.1919269149774525,1.0
1561,SNIa-CL/sn2007fb.p0006.dat,E,28.453202986814933,0.09000000000000001,3.0,0.4318622334384963,1.344749945674457,1.0
1562,SNII/sn2009N.p0084.dat,E,28.45364399699268,0.08,0.2105719702627577,0.47713268188793395,-1.3549164330181256,1.0
1563,SNIa-BL/sn2007kk.p0003.dat,E,28.453944328380484,0.09000000000000001,3.0,0.4935838041582495,1.3975874680734686,1.0
1564,SNIa-CN/sn1995E.m0001.dat,E,28.457939834437838,0.08,1.2835126571065063,0.42242253685514175,0.48427828205208767,0.9510675659824045
1565,SNIa-BL/sn2005am.p0007.dat,E,28.46141553685034,0.09000000000000001,3.0,0.5214993518468323,1.4779859736653589,1.0
1566,SNIa-CN/sn2005na.p0001.dat,E,28.473263085983948,0.08,3.0,0.5925352822576229,1.4787725428490384,1.0
1567,SNIa-BL/sn2007co.p0001.dat,E,28.478478067462312,0.09000000000000001,3.0,0.5157500085290323,1.434392947590994,1.0
1568,SNIa-CN/sn1996X.max.dat,E,28.481538545294,0.08,3.0,0.5973280120283138,1.566082049742851,1.0
1569,SNIa-CN/sn1998aq.p0002.dat,E,28.486435372871412,0.08,2.5677153421791923,0.6839086102512026,1.5102847604751517,1.0
1570,SNIa-CN/sn2006N.p0001.dat,E,28.486555638455716,0.09000000000000001,3.0,0.27328808633775153,1.1540005708620233,1.0
1571,SNII/sn1999gi.p0031.dat,E,28.490258097011484,0.09000000000000001,0.624653537107862,0.37076588600977206,-0.27332619117039847,1.0
1572,SNIb/sn2004gq.p0015.dat,E,28.49319251180342,0.11000000000000001,0.07987543966029771,0.7793490844841471,-1.7634374832637851,1.0
1573,SNIa-CN/sn2000E.p0118.dat,E,28.49666910405017,0.1,2.5942560184036823,0.7891550178271931,2.0,1.0
1574,SNIa-CN/sn2002aw.p0001.dat,E,28.49685247575833,0.08,3.0,0.46424750715664387,1.367221767385674,1.0
1575,SNII/sn2006bp.p0057.dat,E,28.49842286898364,0.09000000000000001,0.16952080345075343,0.5268940117069325,-1.4836855234121638,0.9575449217526346
1576,SNIa-BL/sn2006br.p0003.dat,E,28.50272334570688,0.09000000000000001,0.41099259202581145,0.4174715334992606,-0.6325029148351768,1.0
1577,SNII/sn2004et.p0016.dat,E,28.51044068125396,0.1,0.8318836417547126,0.22636082616295214,-0.2041748369524446,1.0
1578,SNIa-CL/sn2005ke.p0001.dat,E,28.511939611845865,0.12000000000000001,1.2290440923795625,0.30360815361841254,0.4297088944280383,1.0
1579,SNIa-BL/sn2002he.p0006.dat,E,28.51195880110977,0.09000000000000001,3.0,0.6065800505626333,1.535926330885745,1.0
1580,SNIb/sn2004gq.p0084.dat,E,28.51307134251223,0.1,0.07979683044109874,0.6440928634684424,-2.0,1.0
1581,SNIa-BL/sn2003ch.p0002.dat,E,28.51395463950735,0.08,3.0,0.4164191638462507,1.3141598528293685,1.0
1582,SNIIn/sn2000eo.p0017.dat,E,28.519370740027593,0.09000000000000001,1.110779886974482,0.0,-0.04577487845178861,1.0
1583,SNIa-SS/sn2008Z.p0012.dat,E,28.519803061920342,0.11000000000000001,2.509454385555935,0.49473955144013965,1.2820047709425684,1.0
1584,SNIa-SS/sn2002de.m0002.dat,E,28.52597050455195,0.08,3.0,0.17369538836078838,1.061997276619214,1.0
1585,SNIa-BL/sn2004ef.m0000.dat,E,28.52977761233684,0.09000000000000001,3.0,0.4890745924233509,1.3964812358385177,1.0
1586,SNIa-SS/sn2001eh.p0009.dat,E,28.53170344901286,0.11000000000000001,3.0,0.47479654766490875,1.6894844513279164,1.0
1587,SNIa-CN/sn2001fh.p0004.dat,E,28.534250425368114,0.08,0.717276409559065,0.0,-0.54195128143591,1.0
1588,SNIa-BL/sn2002bf.p0005.dat,E,28.536545902649983,0.13,1.3058799589694998,0.0,0.1316173381517493,1.0
1589,SNIa-CN/sn2006al.p0003.dat,E,28.537182504851692,0.09000000000000001,3.0,0.542592952218477,1.405834400148834,0.9611115542521995
1590,SNIa-CN/sn2003it.m0000.dat,E,28.538673905344318,0.09000000000000001,2.885138855123784,0.4642963994878552,1.3258841437809639,1.0
1591,SNIIb/sn1996cb.p0035.dat,E,28.54189839698251,0.09000000000000001,0.09938843630239094,0.5861810527647262,-2.0,1.0
1592,SNIa-BL/sn2003cq.max.dat,E,28.545556547790476,0.09000000000000001,3.0,0.5681544972361905,1.5226985425110833,1.0
1593,SNIa-SS/sn2002de.m0003.dat,E,28.546214731787487,0.08,3.0,0.10999709112000335,1.0240140581271477,1.0
1594,SNIc/sn2004gt.p0018.dat,E,28.549174503823657,0.1,0.6311803574132078,0.06489640781626661,-0.63562550913918,1.0
1595,SNIc/sn2004ge.p0006.dat,E,28.550062884248817,0.1,0.40847859590215496,0.0,-1.0804821530907105,1.0
1596,SNIa-BL/sn2003ch.p0004.dat,E,28.550486877900255,0.08,3.0,0.6191839867863764,1.5776044806486669,1.0
1597,SNIa-CN/sn2004bg.p0011.dat,E,28.553995007576606,0.11000000000000001,3.0,0.6848022432338193,1.7005264821067978,1.0
1598,SNIa-SS/sn2006S.max.dat,E,28.55814135816191,0.08,3.0,0.5134442162982537,1.373131208255646,1.0
1599,SNIb/sn2005hg.m0004.dat,E,28.55955488744175,0.11000000000000001,1.2383656166094588,0.35004833057421675,0.36746833687871516,1.0
1600,SNII/sn1999br.p0019.dat,E,28.56346464728759,0.08,0.40913250339729923,0.7595415452865794,0.12430642933642608,1.0
1601,SNIa-CN/sn2002fk.p0003.dat,E,28.563627530660884,0.08,3.0,0.5768097764754878,1.5231375545723247,1.0
1602,SNIa-BL/sn2000cf.p0004.dat,E,28.56381933159878,0.08,3.0,0.616796616144115,1.5621970342754774,1.0
1603,SNII/sn2013am.p0026.dat,E,28.56417320882896,0.09000000000000001,0.17982926117232315,0.42792112086278816,-1.7226902358459562,1.0
1604,SNIa-BL/sn2007bd.p0002.dat,E,28.565202048934843,0.09000000000000001,3.0,0.42269492148513327,1.30053678217257,1.0
1605,SNIa-CN/sn2001br.m0000.dat,E,28.565810690828283,0.09000000000000001,3.0,0.2430650072411299,1.1641020739259675,1.0
1606,SNIa-BL/sn2004fu.p0002.dat,E,28.566352122118488,0.09000000000000001,1.4448767153203534,0.4812441009742361,0.7113465467640412,1.0
1607,SNIa-CN/sn2003it.p0003.dat,E,28.566923210137503,0.09000000000000001,3.0,0.36543744644194076,1.2621531860707347,1.0
1608,SNIIb/sn2008ax.p0011.dat,E,28.572048760646858,0.1,0.08449107968101952,0.6024622537111728,-2.0,1.0
1609,SNIa-CN/sn2001G.p0005.dat,E,28.57255047131951,0.09000000000000001,3.0,0.5581394017565551,1.4890586091671674,1.0
1610,SNIc/sn2005az.p0086.dat,E,28.573844643192228,0.1,0.0915089758585034,0.8032601331122339,-1.4040598835544251,1.0
1611,SNIa-SS/sn2002de.p0009.dat,E,28.583302162927076,0.11000000000000001,2.383467193531062,0.3280547832368895,1.0351344611722193,1.0
1612,SNII/sn1999gi.p0034.dat,E,28.58759845917449,0.09000000000000001,0.4104782570647061,0.3795676583867543,-0.7431950316625763,1.0
1613,SNIa-CN/sn1994ae.p0002.dat,E,28.587640989612975,0.08,3.0,0.7601508954854201,1.7035787877608863,0.9541048680351906
1614,SNIa-BL/sn2002he.p0004.dat,E,28.596755721441188,0.09000000000000001,3.0,0.5892300376187785,1.5323043688139923,1.0
1615,SNIIb/sn2008bo.p0054.dat,E,28.608887900279626,0.1,0.5613997458268645,0.4905365691115972,-0.31987722807568586,1.0
1616,SNIa-CN/sn2004bg.p0003.dat,E,28.627003383935094,0.08,3.0,0.570876859135664,1.5024753355302596,1.0
1617,SNIa-CN/sn1998dx.m0001.dat,E,28.629261448451533,0.08,3.0,0.5798210462759241,1.4494432610177452,1.0
1618,SNIa-CN/sn2006cf.p0004.dat,E,28.630418663161006,0.08,3.0,0.5031319478624294,1.384405697161427,0.9938399999999998
1619,SNIa-BL/sn2005am.p0003.dat,E,28.63162143558556,0.09000000000000001,3.0,0.5521467414148481,1.4369699501807234,1.0
1620,SNIa-CN/sn2005ki.p0001.dat,E,28.632365013223833,0.08,3.0,0.5382404330379856,1.413831189350646,1.0
1621,SNIa-CSM/sn2002ic.p0016.dat,E,28.634797095766174,0.1,3.0,0.33817973338436813,1.2661059203330858,1.0
1622,SNIa-BL/sn2007co.p0003.dat,E,28.63510681814106,0.09000000000000001,3.0,0.4462405483458597,1.391780333290229,1.0
1623,SNIa-CN/sn1999ef.p0007.dat,E,28.64193462226214,0.1,3.0,0.5668301108825962,1.5092160432289745,1.0
1624,SNIa-BL/sn2006sr.m0001.dat,E,28.641963240909817,0.09000000000000001,3.0,0.44502952761926234,1.305341238139022,1.0
1625,SNIa-CN/sn2002aw.m0001.dat,E,28.646785988873656,0.08,3.0,0.2044276225598095,1.1152341961327537,1.0
1626,SNIa-SS/sn2001eh.p0005.dat,E,28.65296366992614,0.09000000000000001,3.0,0.5774749787237813,1.4874417109687943,1.0
1627,SNIa-CN/sn2003du.p0001.dat,E,28.65565901148676,0.08,3.0,0.6499872846679153,1.6186045635345414,1.0
1628,SNIa-CN/sn2007ca.p0012.dat,E,28.660265531362942,0.11000000000000001,1.59853542079339,0.5353600683157408,0.9250679556704076,1.0
1629,SNIa-CL/sn2007ci.m0001.dat,E,28.666278872194127,0.09000000000000001,3.0,0.6421577934599915,1.567320741517745,1.0
1630,SNIa-CN/sn1994ae.max.dat,E,28.676404548897967,0.08,3.0,0.7583498562303845,1.6911361182266953,0.9522489149560116
1631,SNIa-BL/sn1993ac.p0011.dat,E,28.677794922875133,0.13,1.5550657916913788,0.6294360173077009,0.9474286672804904,0.996464428152492
1632,SNIa-CN/sn2006D.p0005.dat,E,28.678135366314557,0.08,3.0,0.5213532636539974,1.4917495395536866,1.0
1633,SNIa-CN/sn1996C.p0008.dat,E,28.68563300917539,0.1,3.0,0.5993180721441518,1.9415490816600764,1.0
1634,SNIIb/sn1996cb.p0095.dat,E,28.689806623776114,0.1,1.747594911533653,0.5480216677949382,0.901473857009417,1.0
1635,SNIa-BL/sn2003cq.p0002.dat,E,28.6904577971881,0.09000000000000001,3.0,0.5017145427831189,1.4496074490091209,1.0
1636,SNIa-CN/sn2001br.p0003.dat,E,28.69134289320884,0.09000000000000001,1.7102405907304516,0.3803956372421533,1.2167915453301945,1.0
1637,SNIa-SS/sn1999gp.p0007.dat,E,28.692458721091562,0.09000000000000001,3.0,0.3272875824903282,1.245593870529315,1.0
1638,SNIa-BL/sn1998dh.m0001.dat,E,28.69410955206969,0.09000000000000001,3.0,0.5532769499127215,1.5207903587902396,1.0
1639,SNIa-CN/sn2005cf.p0001.dat,E,28.697174694325533,0.08,3.0,0.5878426005393084,1.5208650174518188,1.0
1640,SNIa-SS/sn2008A.max.dat,E,28.698718329401952,0.11000000000000001,3.0,0.2488545546825643,1.1639651829446382,1.0
1641,SNIa-SS/sn1999dq.p0005.dat,E,28.70083759002371,0.09000000000000001,2.9429385418093905,0.4279815321562542,1.3300326419106732,1.0
1642,SNIa-SS/sn1999gp.max.dat,E,28.70612519678656,0.08,3.0,0.2409076349493256,1.122940703416801,1.0
1643,SNIa-CN/sn2004L.p0002.dat,E,28.707767772385196,0.08,3.0,0.0,0.9470292629811622,1.0
1644,SNIa-BL/sn2001ay.p0007.dat,E,28.712178263131246,0.11000000000000001,3.0,0.599382272807881,1.5250104271609455,1.0
1645,SNIa-CN/sn2008bf.p0003.dat,E,28.717846892084495,0.09000000000000001,3.0,0.6274661484938013,1.518324423089001,1.0
1646,SLSN-IIn/sn2006gy.p0088.dat,E,28.71865706414414,0.09000000000000001,0.28838957472285637,0.0,-1.7052955381751405,1.0
1647,SNII/sn1999em.p0034.dat,E,28.722362461311043,0.09000000000000001,0.31840785920901904,0.44411574549009336,-0.9869188132757314,0.9984825891281872
1648,SNIa-CN/sn1998aq.p0005.dat,E,28.72520324239327,0.09000000000000001,3.0,0.6618269170668991,1.6445522764444853,1.0
1649,SNIa-CN/sn2008Q.m0000.dat,E,28.726923898828687,0.09000000000000001,3.0,0.5382044326719116,1.4158827189373826,1.0
1650,SNIa-CN/sn2008ar.p0007.dat,E,28.729603669558372,0.1,3.0,0.5241808121769075,1.4675984444752617,1.0
1651,SNIc/sn2004fe.m0005.dat,E,28.72979157590317,0.12000000000000001,3.0,0.32374824680298775,1.14423125901795,1.0
1652,SNIa-CL/sn2007ba.p0006.dat,E,28.731535280158234,0.1,3.0,0.8111583328875694,2.0,1.0
1653,SNIa-BL/sn2007co.p0006.dat,E,28.73179622047975,0.09000000000000001,3.0,0.48634573102926965,1.4761620962539999,1.0
1654,SNIa-CN/sn2006al.p0004.dat,E,28.733067023755808,0.09000000000000001,3.0,0.545998757125506,1.4214538394806993,0.9623102346041056
1655,SNIa-CN/sn2003it.p0008.dat,E,28.740799823837207,0.09000000000000001,3.0,0.48070838241146807,1.3873024813117065,1.0
1656,SNIa-CN/sn1998eg.p0004.dat,E,28.74355806265627,0.08,3.0,0.41274876711946995,1.320328128430235,1.0
1657,SNIa-CN/sn1998aq.p0001.dat,E,28.745662886321433,0.08,3.0,0.6852316398352062,1.6857033733565363,1.0
1658,SNIa-CN/sn2007fs.p0005.dat,E,28.748240986621273,0.09000000000000001,3.0,0.5544855759527673,1.478018660368754,1.0
1659,SNIc/sn2004gt.p0022.dat,E,28.75189399684655,0.1,0.8222654614631967,0.06393835830036053,-0.44416983693946943,1.0
1660,SNIa-CN/sn1996X.p0002.dat,E,28.759379573291675,0.08,3.0,0.6034121686242231,1.5709798106670254,1.0
1661,SNIa-CN/sn1998dx.p0006.dat,E,28.763903124947948,0.09000000000000001,3.0,0.6152084300990992,1.5239633992655957,1.0
1662,SNII/sn2005cs.p0277.dat,E,28.76960261403753,0.09000000000000001,0.06611395905577887,0.7309357189493155,-2.0,1.0
1663,SNIa-CN/sn2001fe.p0006.dat,E,28.773629167640316,0.1,3.0,0.6265153641525928,1.576310705454397,1.0
1664,SNIa-CN/sn1998dx.p0008.dat,E,28.777107239966746,0.1,3.0,0.685964301514817,1.6135488759043901,1.0
1665,SNIa-BL/sn2001bf.p0009.dat,E,28.778413045804804,0.1,2.323459335550997,0.39738636278529627,1.6433908466662583,1.0
1666,SNIa-CN/sn1998dx.p0002.dat,E,28.778739049462708,0.08,3.0,0.5882930678756526,1.4661253134076269,1.0
1667,SNIa-CL/sn2006hb.p0009.dat,E,28.778782411575186,0.13,2.8432110360786678,0.3823762188900373,1.2874938070782374,1.0
1668,SNIa-CL/sn1998de.m0000.dat,E,28.77891687278298,0.13,0.6558488268278826,0.47318909441498724,-0.07045804819570144,1.0
1669,SNIa-CL/sn2007ba.p0005.dat,E,28.780662897107806,0.09000000000000001,2.7701109862124516,0.5105500012352373,1.4116201027473614,1.0
1670,SNIa-CN/sn1995E.p0001.dat,E,28.78067599747294,0.09000000000000001,1.2743359410267772,0.501503399126011,0.5618443151103887,0.9673446920821115
1671,SNIc/sn2004gt.p0016.dat,E,28.782715041275857,0.1,0.901525800634243,0.0,-0.32804928924021226,1.0
1672,SNIa-BL/sn2002ha.p0006.dat,E,28.78388272968627,0.09000000000000001,3.0,0.542399592394736,1.4883758642473375,1.0
1673,SNIa-BL/sn2005am.p0004.dat,E,28.783979714714192,0.09000000000000001,3.0,0.5263321628126502,1.4343217117434142,1.0
1674,SNIa-CN/sn2006N.p0003.dat,E,28.784411693958802,0.08,3.0,0.21029633224494163,1.111214168948557,1.0
1675,SNIc/sn1994I.m0006.dat,E,28.78801232926353,0.13,3.0,0.16415265625273784,1.0911073573162442,1.0
1676,SNIa-BL/sn2007co.p0007.dat,E,28.788276447498234,0.09000000000000001,2.736055864433503,0.5340539409466032,1.4622135205407536,1.0
1677,SNIa-BL/sn1996bo.p0005.dat,E,28.78850267566051,0.11000000000000001,0.6140952372256855,0.6268104721226938,0.019281097284856715,1.0
1678,SNIa-BL/sn1995al.p0006.dat,E,28.793362887052588,0.1,2.920875384023262,0.5171103076931556,1.5074540197668516,1.0
1679,SNIc-bl/sn2002ap.p0120.dat,E,28.798882527305423,0.13,0.08284249901640472,0.9630851476349789,-0.9208957018515691,1.0
1680,SNIa-CSM/sn2012ca.p0098.dat,E,28.801330998169327,0.1,0.11396739548924602,0.9414651604843489,-1.05542646676206,1.0
1681,SNIa-SS/sn2003hu.max.dat,E,28.812476991771792,0.08,3.0,0.32758599974421443,1.1484381714092688,0.9635113196480938
1682,SNIa-CN/sn2006N.p0007.dat,E,28.816117549290098,0.09000000000000001,3.0,0.10560922346576279,1.0633644568231937,1.0
1683,SNIb/sn1998dt.p0007.dat,E,28.819981715349357,0.11000000000000001,0.3307488967467446,0.5734826600197298,-0.6057206714583809,1.0
1684,SNIa-CN/sn1996X.m0001.dat,E,28.82322746051752,0.08,3.0,0.5452328254557739,1.4916724338468215,1.0
1685,SNIIb/sn2000H.m0002.dat,E,28.82597667293612,0.11000000000000001,1.6208289272081156,0.4680453749949253,0.7541473965612578,1.0
1686,SNIa-CSM/sn2011km.p0006.dat,E,28.83258725648702,0.11000000000000001,2.582771331790937,0.05887342874920798,0.8496063036476882,1.0
1687,SNIa-SS/sn2001eh.m0002.dat,E,28.836477897610166,0.08,3.0,0.5285087698844232,1.4034750893270291,1.0
1688,SNIa-BL/sn1997bp.m0000.dat,E,28.84348425869699,0.1,2.1270191079302534,0.6230941789058532,1.2873448274835742,1.0
1689,SNIa-BL/sn2006cj.p0008.dat,E,28.84533187564761,0.11000000000000001,3.0,0.7801711869669065,1.7420648516891974,0.9999326392961875
1690,SNIa-CN/sn1995E.p0006.dat,E,28.846998469659766,0.09000000000000001,1.295802239084028,0.4706726239624026,0.5808424085542547,0.9705923167155425
1691,SNIa-CN/sn2008bf.p0004.dat,E,28.84772321444726,0.09000000000000001,3.0,0.6248475875182138,1.5205779159149377,1.0
1692,SNIa-CN/sn2003kf.p0009.dat,E,28.847882413190774,0.1,3.0,0.49165902678442996,1.4802013181180689,1.0
1693,SNIa-CN/sn2006et.p0006.dat,E,28.852994982303997,0.13,1.7086923758153767,0.47421188914614826,0.8639391131189956,1.0
1694,SNIa-CN/sn1998aq.p0006.dat,E,28.85923125858511,0.09000000000000001,3.0,0.6582236449332266,1.6369544775140503,1.0
1695,SNIa-CL/sn2003iv.p0003.dat,E,28.86184742267372,0.08,3.0,0.4719497142219863,1.3645078022327641,1.0
1696,SNIIb/sn2006el.p0016.dat,E,28.862312191623047,0.1,1.3589759200463618,0.0,0.10964953174195016,1.0
1697,SLSN-II/sn2020bfe.p0074.dat,E,28.86880483870386,0.1,1.6914189785495946,0.0,0.42070480122014653,1.0
1698,SNIa-BL/sn2007cg.p0008.dat,E,28.869032203445087,0.12000000000000001,0.2893364315308786,0.5301040637261697,-0.9013248137321543,1.0
1699,SNIa-CN/sn2006N.p0005.dat,E,28.87509885520718,0.09000000000000001,3.0,0.16215139313266494,1.0931666128412525,1.0
1700,SNIa-BL/sn1994M.p0006.dat,E,28.882520875994498,0.09000000000000001,3.0,0.5595241609934722,1.540963563693813,1.0
1701,SNIa-CN/sn1996X.p0007.dat,E,28.885327113615354,0.1,3.0,0.6419647434874631,1.6704622589767848,1.0
1702,SNII/sn1999em.p0004.dat,E,28.88940656250721,0.1,3.0,0.5810073149319372,1.4432702225629424,1.0
1703,SNIa-CN/sn2002jy.p0006.dat,E,28.889541392031546,0.08,3.0,0.5895173219557025,1.5391087763284248,1.0
1704,SNIa-BL/sn1999cl.m0005.dat,E,28.89024708609739,0.09000000000000001,0.25270788039420866,0.3859995905954818,-1.2779642244410425,1.0
1705,SNIa-SS/sn2001eh.p0006.dat,E,28.89773110787761,0.09000000000000001,3.0,0.5494410169740397,1.453601772263002,1.0
1706,SNIa-BL/sn2001da.m0002.dat,E,28.900750635019502,0.09000000000000001,3.0,0.3494076286614171,1.292224030192675,1.0
1707,SNIa-CL/sn2007al.p0002.dat,E,28.901588136527785,0.13,1.9118400582367723,0.0,0.5816317873307315,1.0
1708,SNIa-CN/sn1998co.p0001.dat,E,28.90885304154977,0.09000000000000001,3.0,0.3855319853470185,1.3089256922538859,1.0
1709,SNIa-CN/sn1998aq.max.dat,E,28.91142891024812,0.08,3.0,0.6647333749767016,1.6460865363415982,1.0
1710,SNIa-SS/sn2007S.m0003.dat,E,28.912501040666434,0.08,3.0,0.19407346808408676,1.070061918047373,1.0
1711,SNIa-CN/sn2002fk.p0005.dat,E,28.91579829417113,0.08,3.0,0.600393900796213,1.5795099936497201,1.0
1712,SNIb/sn2004dk.p0020.dat,E,28.91702510008147,0.1,0.11010606861842169,0.4748888075245093,-2.0,1.0
1713,SNIa-BL/sn1997bp.p0001.dat,E,28.92293533260481,0.1,1.9220149692692925,0.6360237053483329,1.2159229415694082,1.0
1714,SNIa-BL/sn2006cj.p0004.dat,E,28.927341106702848,0.09000000000000001,3.0,0.4172139589340429,1.2596025630268126,0.9601462170087974
1715,SNIc/sn1994I.p0028.dat,E,28.930037590689693,0.11000000000000001,0.5914886107029915,0.712269641155786,0.06896436973586507,1.0
1716,SNIb/sn2005hg.m0005.dat,E,28.933024078086405,0.11000000000000001,1.5143669233112746,0.3839427797768773,0.559202369510474,1.0
1717,SNIIb/sn1996cb.p0175.dat,E,28.93437524881246,0.13,0.7899716344370801,0.8051774523705147,0.6640247477208382,1.0
1718,SNIa-CN/sn2000dg.max.dat,E,28.940079126132623,0.09000000000000001,3.0,0.14759163726767874,1.0529024672250618,1.0
1719,SNIa-BL/sn2001en.p0002.dat,E,28.94064828935325,0.09000000000000001,3.0,0.48398023552878816,1.4199550335299578,1.0
1720,SNIb/sn1998dt.p0004.dat,E,28.9411767007241,0.11000000000000001,0.8532742186552804,0.44912744723628656,0.0830144029252746,1.0
1721,SNIa-CN/sn2006N.p0002.dat,E,28.943345132012826,0.09000000000000001,3.0,0.2913414451077609,1.1763536266205408,1.0
1722,SNIa-CN/sn2008bf.p0005.dat,E,28.955073413316786,0.09000000000000001,3.0,0.6195068558426388,1.5263840442420147,1.0
1723,SNIa-CL/sn2007ci.m0002.dat,E,28.95798213623205,0.09000000000000001,3.0,0.6411532373928012,1.5669554934102345,1.0
1724,SNIa-SS/sn2008Z.p0008.dat,E,28.964336998036472,0.09000000000000001,3.0,0.41825692174321605,1.3047283123896398,1.0
1725,SNIa-CN/sn2006N.p0006.dat,E,28.964513067032165,0.09000000000000001,3.0,0.2660755965878644,1.187570793301365,1.0
1726,SNIIb/sn1996cb.p0031.dat,E,28.964709974370308,0.09000000000000001,0.09775121657683399,0.5969001144514611,-2.0,1.0
1727,SNIa-SS/sn1998ab.p0008.dat,E,28.9652118921972,0.1,3.0,0.5429247292949356,1.4438391959946275,0.9846096774193547
1728,SNIa-BL/sn2007af.p0116.dat,E,28.9682222654165,0.1,2.284809285891859,0.8440262253899177,2.0,1.0
1729,SNIa-BL/sn1997bp.p0002.dat,E,28.975447291398815,0.1,1.881616368273075,0.6455422463286578,1.213955885011775,1.0
1730,SNIa-SS/sn2003fa.p0012.dat,E,28.980477567572017,0.11000000000000001,3.0,0.6746886450893668,1.6218981951940148,1.0
1731,SNIa-CN/sn2006et.p0002.dat,E,28.983291929640796,0.08,3.0,0.6525521797307549,1.5984140671469462,1.0
1732,SNIa-CN/sn2003it.m0001.dat,E,28.98834690287291,0.09000000000000001,3.0,0.3824182225202597,1.281595758779381,1.0
1733,SNIIn/sn2008B.p0083.dat,E,28.996664479471143,0.09000000000000001,0.2145720314772302,0.590568209110019,-1.0038848600857393,1.0
1734,SNIIb/sn2008bo.p0045.dat,E,28.996832602366062,0.1,0.8839911167166866,0.40569603787468295,0.01886897026016047,1.0
1735,SNIa-BL/sn2004fu.p0004.dat,E,28.999623480103075,0.09000000000000001,1.68999814433393,0.5078091516375695,0.8916585826322141,1.0
1736,SNIa-SS/sn2003fa.p0007.dat,E,29.002282769252183,0.08,3.0,0.6393272110333453,1.5539128242633968,1.0
1737,SNIa-CN/sn2000dg.p0003.dat,E,29.003248083236628,0.09000000000000001,3.0,0.3087449959553397,1.196560811706656,1.0
1738,SNIIn/snOGLE-2013-SN-019.p0006.dat,E,29.006538240144778,0.09000000000000001,0.4948917176750874,0.5480610781667411,-0.25393241718699505,0.9530541018688924
1739,SNIa-CN/sn2008bf.p0001.dat,E,29.00739681809805,0.09000000000000001,3.0,0.6374258800355557,1.5266976444109108,1.0
1740,SNIa-BL/sn1998ec.p0038.dat,E,29.013421690468693,0.12000000000000001,0.05957745341723192,0.8413843154314793,-1.9921882679820215,0.9668893841642228
1741,SNIa-BL/sn1999cc.p0002.dat,E,29.017002435511493,0.09000000000000001,3.0,0.608352128497429,1.5603835353386684,1.0
1742,SNIa-CN/sn2007A.m0003.dat,E,29.026311052040235,0.08,2.858813133869974,0.3941744199787732,1.2154674288626992,1.0
1743,SNIc/sn1994I.p0037.dat,E,29.027655086949885,0.11000000000000001,0.7142461136653937,0.5354092572140596,0.027347350379666964,1.0
1744,SNIa-CN/sn1994ae.p0003.dat,E,29.031513310039827,0.08,3.0,0.7726141560405307,1.7324281228794882,0.9522489149560116
1745,SNIa-CSM/sn1999E.p0028.dat,E,29.03211742653498,0.1,0.3321092402965098,0.5582621914420678,-0.7066654204638416,1.0
1746,SNIa-CN/sn1997dt.m0005.dat,E,29.048616801608244,0.09000000000000001,1.9133688327433436,0.0761802164461442,0.5303326062919471,1.0
1747,SNIa-BL/sn1997bp.m0001.dat,E,29.049444864794378,0.1,1.6171008852755069,0.627667641422371,1.0081988347180775,1.0
1748,SNIa-CN/sn1998co.max.dat,E,29.050616309892796,0.09000000000000001,2.7026723776667967,0.3382305311097731,1.1526693664936594,1.0
1749,SNIIb/sn2008ax.m0014.dat,E,29.05484904158375,0.11000000000000001,0.45450923720438063,0.5590703078837674,-0.32372183726992604,1.0
1750,SNIa-CN/sn1995E.p0004.dat,E,29.05625145497965,0.09000000000000001,1.1100546900993606,0.46773556043338416,0.38085507743354485,0.9696653372434014
1751,SNIb/sn2009iz.p0021.dat,E,29.063769551640362,0.1,0.15858465005773836,0.6289969953879357,-1.4093436678974762,1.0
1752,SNIa-CN/sn2007fs.p0003.dat,E,29.064499388932663,0.08,3.0,0.7116098178312005,1.679438385593274,1.0
1753,SNIa-CL/sn2007bc.p0006.dat,E,29.065590696728393,0.09000000000000001,3.0,0.5292085247239923,1.46908912737156,1.0
1754,SNIa-CN/sn1999ef.p0008.dat,E,29.072053726854016,0.11000000000000001,2.852737155568776,0.5486603420606447,1.442266736992707,1.0
1755,SLSN-I/snPTF10hgi.p0100.dat,E,29.083108029940934,0.1,3.0,0.27286992800656984,1.0898270980627953,1.0
1756,SNIa-CN/sn2006al.p0006.dat,E,29.08417806126635,0.09000000000000001,3.0,0.6478018081403673,1.548277629486468,0.9587173900293253
1757,SNIa-BL/sn1996bo.p0003.dat,E,29.084361478992932,0.09000000000000001,1.5471975545471799,0.5363980240222975,0.8570040152040913,1.0
1758,SNIa-SS/sn2003fa.p0011.dat,E,29.086976981622293,0.11000000000000001,3.0,0.6195677873563951,1.5563091942145717,1.0
1759,SNIa-BL/sn2003ch.p0007.dat,E,29.09149770868392,0.08,3.0,0.601076300260562,1.5521349970361191,1.0
1760,SNIa-BL/sn2000cf.p0003.dat,E,29.092052448999794,0.08,3.0,0.7005878607594019,1.6670493442783962,1.0
1761,SNIa-BL/sn1997bp.p0003.dat,E,29.092717162791935,0.1,1.6845677557531735,0.6517118097890023,1.1360854271436502,1.0
1762,SNIIb/sn2008ax.p0023.dat,E,29.093390592415073,0.1,0.07969530590275377,0.651599314545605,-2.0,1.0
1763,SNIa-BL/sn2006X.p0001.dat,E,29.104615202330933,0.13,0.09150375103831662,0.5839568302863686,-2.0,1.0
1764,SNIc-bl/sn2006aj.p0002.dat,E,29.10884843262616,0.13,1.8816679097379507,0.0,0.5704144987313846,1.0
1765,SNIIn/sn1997cy.p0084.dat,E,29.109355242291855,0.1,0.6539030011935184,0.7924029871739899,0.5396731642668324,1.0
1766,SNIa-SS/sn1999aa.m0000.dat,E,29.111734521056512,0.08,3.0,0.6022449913101855,1.5298345105425202,1.0
1767,SNIa-BL/sn2002cs.p0003.dat,E,29.11429932183107,0.09000000000000001,3.0,0.4302839515209169,1.3372522090778338,1.0
1768,SNIa-CL/sn2000dk.p0004.dat,E,29.116798937154567,0.09000000000000001,3.0,0.49776733500339515,1.4279479799920232,1.0
1769,SNII/sn2009N.p0039.dat,E,29.119254542249966,0.09000000000000001,0.3029302863000754,0.4714909322813217,-0.8521392599221667,1.0
1770,SNIa-CL/sn1998bp.max.dat,E,29.127538137509134,0.08,3.0,0.40436117322484244,1.324162340973363,1.0
1771,SNIa-CN/sn2005hc.p0006.dat,E,29.128067228393185,0.09000000000000001,3.0,0.49400627244112844,1.3976303662494045,1.0
1772,SNIa-CN/sn2000E.p0120.dat,E,29.134457788252924,0.1,2.2562042928140342,0.7973437266335107,1.908077677084381,1.0
1773,SNIa-CL/sn2007fb.p0002.dat,E,29.13868102243346,0.09000000000000001,3.0,0.4794700224806315,1.3618315839831445,1.0
1774,SNIa-BL/sn2007kk.m0001.dat,E,29.14048258587818,0.09000000000000001,3.0,0.5418218700352343,1.427789466491765,1.0
1775,SNIa-CN/sn1998dm.p0007.dat,E,29.145593741389703,0.08,3.0,0.4555809590941016,1.4155170535377362,1.0
1776,SNIb/sn2005bf.m0009.dat,E,29.146336938193212,0.1,3.0,0.35813895215222274,1.201884127813676,1.0
1777,SNIa-CN/sn2002fk.p0008.dat,E,29.147528540955584,0.1,3.0,0.6144848206563148,1.6169691578572343,1.0
1778,SNIa-CN/sn1994ae.p0010.dat,E,29.164330792941495,0.11000000000000001,3.0,0.6534350055333354,1.6549060078813496,1.0
1779,SNIb/sn2009iz.m0010.dat,E,29.16998365576402,0.11000000000000001,2.5729572994099414,0.35987329060439766,1.0522060958724582,1.0
1780,SNIIb/sn2008ax.p0012.dat,E,29.181723199332282,0.1,0.07919558209431073,0.6509929924118646,-2.0,1.0
1781,SNIIb/sn2008ax.m0012.dat,E,29.181937376386948,0.11000000000000001,0.5759841055380018,0.5417483833380055,-0.20019962783545744,1.0
1782,SNIa-BL/sn2001N.p0003.dat,E,29.189484663438247,0.13,1.0923004393286515,0.21138841594713334,0.1420125988395958,1.0
1783,SNIa-SS/sn2008Z.p0010.dat,E,29.20206644854159,0.11000000000000001,2.673741891749036,0.4818751325528623,1.2908184833210838,1.0
1784,SNIa-CN/sn2006cf.p0002.dat,E,29.21618434359132,0.08,3.0,0.4649773213929495,1.32801326136422,0.9941440469208213
1785,SNIa-BL/sn1998dh.m0004.dat,E,29.224959706857582,0.09000000000000001,3.0,0.49244787258581524,1.4469057145997408,1.0
1786,SNIa-SS/sn2001az.m0003.dat,E,29.226838505617103,0.08,3.0,0.4121659210872913,1.2792677894581135,1.0
1787,SNIa-BL/sn2001ep.p0007.dat,E,29.23060458706749,0.11000000000000001,1.5008905525678236,0.5950584096424216,0.8931233902887065,1.0
1788,SNIa-BL/sn2007co.m0001.dat,E,29.23672902055409,0.09000000000000001,3.0,0.44131204078403186,1.3436493578769935,1.0
1789,SNIa-CSM/sn2017ifu.p0051.dat,E,29.239302239599212,0.1,3.0,0.04530735112717014,0.95026816578735,1.0
1790,SNII/sn2012aw.p0029.dat,E,29.24081511968916,0.1,0.8011429095757077,0.5003069977612926,0.2165282698058664,1.0
1791,SNIa-BL/sn1999cc.m0003.dat,E,29.240947078581343,0.09000000000000001,3.0,0.5724115244598581,1.5294676130758311,1.0
1792,SNIa-CN/sn2004at.p0002.dat,E,29.24688782864253,0.08,3.0,0.6065943878664894,1.550879975146465,1.0
1793,SNIa-CN/sn2005cf.m0000.dat,E,29.2475635239947,0.08,3.0,0.5853341692505234,1.519099930887152,1.0
1794,SNIc/sn1994I.p0040.dat,E,29.247685476904323,0.11000000000000001,1.2447065273403808,0.5934763028486157,0.6216072649215537,1.0
1795,SNIa-CN/sn2006N.p0008.dat,E,29.251117734821086,0.1,2.683976092155211,0.2832834863988327,1.1215832018716547,1.0
1796,SNIa-BL/sn2007co.p0005.dat,E,29.25181272885622,0.09000000000000001,3.0,0.48792717018227977,1.4458559059516476,1.0
1797,SNIa-CL/sn2002eu.p0008.dat,E,29.255078526232094,0.09000000000000001,2.933464438012374,0.4089571534608336,1.3350349402384187,1.0
1798,SLSN-IIn/snPTF10qaf.p0006.dat,E,29.255964501844723,0.09000000000000001,2.5482361415660573,0.0,0.7436979873810067,1.0
1799,SNIa-CN/sn2008ar.m0003.dat,E,29.262968516866973,0.09000000000000001,3.0,0.4507724379476783,1.3574873196702697,1.0
1800,SNIIb/sn1998fa.p0050.dat,E,29.271656079781785,0.11000000000000001,0.3730483186498709,0.2675968906089445,-1.0115494335958046,1.0
1801,SNIa-CN/sn2005hc.p0005.dat,E,29.284052178074013,0.09000000000000001,3.0,0.5275351746533579,1.4227952651567255,1.0
1802,SNIb/sn1998dt.p0011.dat,E,29.284262693690998,0.11000000000000001,0.1321522205243698,0.6462275227502097,-1.5718574196309585,1.0
1803,SNII/sn2009N.p0040.dat,E,29.286535369876397,0.09000000000000001,0.30206465071298694,0.48083807443527116,-0.8385346387351712,1.0
1804,SLSN-I/snPTF10hgi.p0113.dat,E,29.286681111279705,0.1,2.988752860751962,0.18305117631175508,1.1971998853236532,1.0
1805,SNIa-BL/sn2001en.p0004.dat,E,29.288529012807512,0.09000000000000001,3.0,0.5318269949291984,1.5064402184857417,1.0
1806,SNIa-CN/sn2008Q.m0001.dat,E,29.292318008556713,0.09000000000000001,3.0,0.556877447353446,1.4596861484120511,1.0
1807,SNIa-BL/sn2001ay.p0004.dat,E,29.304245147794564,0.11000000000000001,3.0,0.6016867171140959,1.5141098982547585,1.0
1808,SNIa-BL/sn2001en.p0005.dat,E,29.309818034433814,0.09000000000000001,3.0,0.5417070779737899,1.524707402081873,1.0
1809,SNIa-BL/sn2003W.m0000.dat,E,29.312422603571605,0.1,2.643959285309678,0.3455214757888448,1.1800460204494225,1.0
1810,SNIa-CL/sn2007bc.p0004.dat,E,29.318036142654222,0.08,3.0,0.5180696321558181,1.4396257806258679,1.0
1811,SNIa-CN/sn1997Y.p0007.dat,E,29.318446562575133,0.09000000000000001,1.936749602208525,0.3499434926633827,0.9408870515351071,1.0
1812,SNIa-SS/sn1999gp.m0002.dat,E,29.328886657375392,0.08,3.0,0.46466607520410635,1.3477613660354275,1.0
1813,SNIb/sn2007C.m0006.dat,E,29.33106726754378,0.12000000000000001,0.9878536026394477,0.13167782717100499,-0.018543617783801366,1.0
1814,SNIc-bl/sn1997ef.p0080.dat,E,29.335278881028273,0.1,0.3493835685108769,0.5544489663293041,-0.6933575919402424,1.0
1815,SNIa-CN/sn1998aq.m0001.dat,E,29.33666144156568,0.08,3.0,0.6653729230095929,1.6557378061173122,1.0
1816,SNII/sn2009N.p0038.dat,E,29.337038549848934,0.09000000000000001,0.32858859290971115,0.48187344399724735,-0.7103120165990694,1.0
1817,SNIc/sn1994I.p0036.dat,E,29.33845460246184,0.11000000000000001,1.6788457968937924,0.7106065503898494,1.0532110055731023,1.0
1818,SNIa-CN/sn2008ar.m0001.dat,E,29.340543092767028,0.08,3.0,0.4846938518978592,1.3810353298516185,1.0
1819,SNIa-BL/sn2007nq.p0006.dat,E,29.341584625598227,0.09000000000000001,3.0,0.5865345236861881,1.4992626163727603,1.0
1820,SNIa-SS/sn2005eq.max.dat,E,29.342313440605203,0.08,3.0,0.5627022220483793,1.4339831574959887,1.0
1821,SNIa-CN/sn2003du.m0002.dat,E,29.347070533216105,0.08,3.0,0.5930926349825054,1.5537025660776258,1.0
1822,SNIa-BL/sn2007co.p0004.dat,E,29.347431122678504,0.09000000000000001,3.0,0.517796391128951,1.4607988663422558,1.0
1823,SNIa-SS/sn1998es.m0001.dat,E,29.351119846320216,0.08,3.0,0.5444892095124846,1.4311967188687904,1.0
1824,SNIa-SS/sn2006S.m0001.dat,E,29.351858957314864,0.08,3.0,0.5275084570859727,1.3972636448045148,1.0
1825,SNIc-bl/sn1998bw.p0001.dat,E,29.352150524925122,0.13,2.954388276416964,0.07910252043927689,1.2137567765077963,1.0
1826,SNIa-CN/sn2000cp.m0001.dat,E,29.35425335458487,0.08,2.078890348535493,0.024429269393949203,0.595294241581036,1.0
1827,SNIa-BL/sn2003cq.m0002.dat,E,29.356508040096006,0.09000000000000001,3.0,0.5509615228976206,1.5029381638537764,1.0
1828,SNIa-SS/sn2006cz.m0004.dat,E,29.358702628467427,0.08,3.0,0.5621145812399598,1.413983857056384,0.9931020527859238
1829,SNIa-CN/sn2002er.p0004.dat,E,29.35915065704428,0.09000000000000001,2.1694837557862137,0.45514427720459383,1.09160482164492,1.0
1830,SNIa-BL/sn2002bo.m0002.dat,E,29.35935026789783,0.09000000000000001,2.4834723675669554,0.5112429144312272,1.3250408227918098,1.0
1831,SNIc-bl/sn1997ef.m0014.dat,E,29.363296087993938,0.13,3.0,0.4652508419827675,1.494212738331044,1.0
1832,SLSN-II/sn2020hgr.p0092.dat,E,29.368111020522708,0.09000000000000001,0.4406632074214208,0.338011601972463,-0.48468890572376866,1.0
1833,SNIa-CN/sn2006N.m0001.dat,E,29.371061416590607,0.09000000000000001,3.0,0.2086725449124703,1.0898796090672997,1.0
1834,SNIa-BL/sn2006cj.p0005.dat,E,29.37262553895591,0.09000000000000001,2.8865863087513524,0.0,0.8787091386255287,0.9598457478005864
1835,SNIa-SS/sn2006gr.m0001.dat,E,29.37405172686227,0.09000000000000001,3.0,0.5742479199446829,1.4506863206199454,1.0
1836,SNIc/sn2004gt.p0081.dat,E,29.37567679456767,0.13,3.0,0.2067667337872089,0.9728777353732714,1.0
1837,SNIa-BL/sn1999cc.m0000.dat,E,29.37791382641494,0.09000000000000001,3.0,0.5331587415904182,1.4742968213651577,1.0
1838,SNIa-BL/sn2004as.m0000.dat,E,29.381418932033338,0.09000000000000001,3.0,0.5501557427206646,1.5198108764231553,1.0
1839,SNII/sn2013am.p0016.dat,E,29.38503344043057,0.09000000000000001,0.24312447435266626,0.41521474789658663,-1.3093935208533167,1.0
1840,SNIIb/sn1996cb.p0027.dat,E,29.390124398314242,0.09000000000000001,0.09285684735733774,0.6285606253195115,-2.0,1.0
1841,SNIIb/sn2000H.p0019.dat,E,29.395773911744616,0.1,0.08437615486561875,0.6418929829569685,-2.0,1.0
1842,SNIa-CN/sn2002jy.p0007.dat,E,29.39841255819808,0.09000000000000001,3.0,0.5490533582813455,1.4990995952343276,1.0
1843,SNIIb/sn2008ax.p0015.dat,E,29.404840420504677,0.09000000000000001,0.084758216604363,0.5851001473795423,-2.0,1.0
1844,SNIa-BL/sn2006ac.p0006.dat,E,29.411915346634814,0.09000000000000001,3.0,0.6332047223415872,1.6489943660259943,1.0
1845,SNIa-BL/sn2002hd.p0001.dat,E,29.417108653955445,0.09000000000000001,3.0,0.6362855405051564,1.593596679406161,1.0
1846,SNIa-CN/sn1995D.p0010.dat,E,29.421767218734246,0.11000000000000001,3.0,0.7297229930372582,1.7090460166550865,1.0
1847,SLSN-I/snPTF11rks.p0006.dat,E,29.425243232834077,0.13,2.9803504670790923,0.05057824974936936,0.8984258459014256,1.0
1848,SNIIn/sn2007pk.p0021.dat,E,29.427297299351967,0.1,2.5657461752757618,0.23531557678775147,1.0142605654313979,1.0
1849,SNIa-BL/sn2007cg.p0006.dat,E,29.430996812701114,0.1,0.9659092580356347,0.1492229150420378,-0.07924348297527015,1.0
1850,SNIb/sn2005hg.m0006.dat,E,29.436797092865056,0.11000000000000001,1.4470686897843394,0.43954927974130337,0.5663552690443623,1.0
1851,SNIa-BL/sn2007bd.p0008.dat,E,29.442238815504695,0.1,3.0,0.5172290567871424,1.4629105816825434,1.0
1852,SNIa-BL/sn2007af.p0002.dat,E,29.444708303143774,0.08,3.0,0.6078972108472877,1.5702012050788938,1.0
1853,SNIIb/sn2008ax.m0013.dat,E,29.444957398455287,0.11000000000000001,0.4112128362922516,0.616569235443059,-0.44351052801616003,1.0
1854,SNIb/sn2004dk.m0018.dat,E,29.451492509739104,0.11000000000000001,0.9003625806708493,0.32263058110580206,0.05056287806645843,1.0
1855,SNIc/sn2004gt.p0043.dat,E,29.45228603209827,0.1,2.716085433259882,0.0,0.7433886098792576,1.0
1856,SNIa-CN/sn1994ae.p0004.dat,E,29.454601956292947,0.09000000000000001,3.0,0.7288431405780276,1.6652199271666166,0.9666318768328445
1857,SNIa-CN/sn2003ic.p0007.dat,E,29.45687438965233,0.11000000000000001,2.005394772752448,0.0,0.5579960766945257,1.0
1858,SNIa-CN/sn1994D.m0003.dat,E,29.45703302699582,0.09000000000000001,3.0,0.561652415089431,1.5338740484392945,1.0
1859,SNII/sn1999em.p0162.dat,E,29.459937292301284,0.09000000000000001,0.04222522240186326,0.9530728795514296,-2.0,1.0
1860,SNIa-CSM/sn2012ca.p0096.dat,E,29.46348000651402,0.1,0.1457155733944921,0.9058785742705254,-0.8568329005570625,1.0
1861,SNIb-pec/sn2007uy.m0006.dat,E,29.46581797248351,0.13,0.9962445899938351,0.35066733248284565,0.20967969713487394,1.0
1862,SNIa-CL/sn2007ci.m0004.dat,E,29.47312100379853,0.09000000000000001,3.0,0.6042648972690767,1.5181199943643309,1.0
1863,SNIa-CL/sn1998bp.m0001.dat,E,29.47682069567876,0.08,3.0,0.4187835396585685,1.352765521367684,1.0
1864,SNIa-CN/sn2004at.p0001.dat,E,29.480664462895074,0.08,3.0,0.6531577457364711,1.6210097233951446,1.0
1865,SNIb/sn1998dt.p0012.dat,E,29.48327387832216,0.11000000000000001,0.10900371330926073,0.6731010506960212,-1.745492327865443,1.0
1866,SNIa-BL/sn2003cq.m0001.dat,E,29.484832826878336,0.09000000000000001,3.0,0.5452895168205383,1.4923613665934932,1.0
1867,SNIb/sn2005bf.m0007.dat,E,29.48562384767392,0.1,2.9572713008968115,0.28292989912081107,1.1079145800882026,1.0
1868,SNIa-BL/sn2001ay.m0002.dat,E,29.490145798655675,0.1,3.0,0.6693753784204087,1.6056329166030658,1.0
1869,SLSN-I/snLSQ12dlf.p0015.dat,E,29.49430862634469,0.12000000000000001,3.0,0.45664477213646126,1.081024503802818,1.0
1870,SNIa-BL/sn2007af.p0004.dat,E,29.49436619108018,0.08,3.0,0.5620263178754055,1.5213420973134224,1.0
1871,SNIIb/sn2008bo.p0025.dat,E,29.494910357865418,0.1,0.6560044192043661,0.40500166323778153,-0.321629376073433,1.0
1872,SNIa-CN/sn2002G.m0004.dat,E,29.496150312649583,0.09000000000000001,2.777536748428408,0.008824566696349671,0.882749911189229,1.0
1873,SNIa-BL/sn2006cj.m0000.dat,E,29.499111873570783,0.09000000000000001,3.0,0.9778039309937845,2.0,0.9595484750733139
1874,SNIa-BL/sn2003cq.p0001.dat,E,29.5041828605804,0.09000000000000001,3.0,0.5867675641098424,1.5427609139730125,1.0
1875,SNIa-BL/sn2006cp.p0006.dat,E,29.504559114751913,0.12000000000000001,1.6875682833334769,0.6670646150048501,1.0842395476992948,1.0
1876,SNII/sn2013am.p0019.dat,E,29.518237761462597,0.09000000000000001,0.19531298176769948,0.4495939830887657,-1.5831679499370157,1.0
1877,Gap/sn2015dl.p0026.dat,E,29.528876465294523,0.1,0.18239251241499443,0.21112878600088586,-1.9038936386240757,1.0
1878,SNIb/sn2009jf.m0009.dat,E,29.53293173423595,0.11000000000000001,2.835081733281165,0.3400030017771668,1.1499663136985236,1.0
1879,SNIa-CSM/sn1999E.p0142.dat,E,29.537188335924554,0.1,0.12067101017708154,0.753566529629354,-1.4042663260793888,1.0
1880,SNIa-CSM/sn1999E.p0024.dat,E,29.54214269822974,0.1,0.4509615524893353,0.5907594163612621,-0.3675382018490911,1.0
1881,SNIa-SS/sn2002de.p0006.dat,E,29.545581476758258,0.09000000000000001,0.5923800219604709,0.0,-0.7655706728625147,1.0
1882,SNIb/sn2004gq.p0017.dat,E,29.54983540950448,0.11000000000000001,0.06492667311329847,0.8657807567290678,-1.815986075671184,1.0
1883,SNIa-BL/sn2002dp.p0007.dat,E,29.552766792695948,0.09000000000000001,2.4630483728720636,0.5743377821800097,1.3856065048436716,1.0
1884,SNIb/sn1998dt.p0017.dat,E,29.554489389700244,0.1,0.10043062855990943,0.6328042539254043,-1.8930772123056867,1.0
1885,SNIa-SS/sn2006gz.p0009.dat,E,29.56059035130404,0.11000000000000001,3.0,0.38146138158857323,1.2733266377721657,1.0
1886,SNIIn/sn1998S.p0074.dat,E,29.5652410477361,0.09000000000000001,0.25201947783242945,0.6473744532347668,-0.8306080828679592,1.0
1887,SNII/sn1999gi.p0026.dat,E,29.565686424988222,0.09000000000000001,0.6379645646764733,0.4312841444129239,-0.20497995845164751,1.0
1888,SNIa-CSM/sn2012ca.p0124.dat,E,29.574814084466993,0.1,0.10350253260479453,0.9671049971233782,-0.9604226246256488,1.0
1889,SNIIb/sn2000H.p0016.dat,E,29.583627289703905,0.1,0.21005236934620294,0.4514420157775135,-1.3792063618124604,1.0
1890,SNIIb/sn1996cb.p0147.dat,E,29.59032339881518,0.13,1.3443205059762704,0.7040932144862336,0.7873599548021494,1.0
1891,SNIa-CN/sn2004bg.m0003.dat,E,29.595161771864973,0.08,3.0,0.5854762992203545,1.5168719358361262,1.0
1892,SNIa-CL/sn2006hb.p0008.dat,E,29.597140005052736,0.09000000000000001,3.0,0.5571511821557555,1.5437857248082079,1.0
1893,SNIc-bl/sn2003jd.p0001.dat,E,29.600963980841442,0.13,3.0,0.12374135108207093,1.0138067001658684,1.0
1894,SNIa-BL/sn2001bf.p0008.dat,E,29.602752968303335,0.1,3.0,0.5859165464194321,1.532528753854539,1.0
1895,SNIIb/sn2008ax.p0019.dat,E,29.603302497009892,0.09000000000000001,0.09095162934000017,0.5792470899399462,-2.0,1.0
1896,SNIa-CL/sn2003iv.m0001.dat,E,29.60407219412717,0.09000000000000001,3.0,0.5006091988962798,1.392046888224552,1.0
1897,SNIa-CL/sn2007hj.p0004.dat,E,29.604197226244153,0.09000000000000001,2.1520104380571725,0.4728651863399758,1.123934473345321,1.0
1898,SNIa-BL/sn1998ec.m0004.dat,E,29.605076458612718,0.09000000000000001,2.526472554222646,0.34031023552437434,1.0798924531293892,1.0
1899,SNIIn/sn2000bg.m0005.dat,E,29.605490566841603,0.09000000000000001,1.0515225780905895,0.0,-0.12206901498882505,1.0
1900,SNIa-BL/sn2007af.p0003.dat,E,29.608750807882615,0.08,2.849844368077794,0.6290271569446719,1.5599490142286432,1.0
1901,SNIIb/sn2008ax.p0016.dat,E,29.610297795512615,0.09000000000000001,0.08322481153060085,0.5994121464655938,-2.0,1.0
1902,SNIa-BL/sn2006cj.p0011.dat,E,29.610410705512773,0.11000000000000001,3.0,0.43198600722379354,1.295405633706346,0.9996266568914955
1903,SNIa-BL/sn2000cw.p0004.dat,E,29.613803965086415,0.08,3.0,0.5889986813028143,1.5680948104625194,1.0
1904,SNIa-CSM/sn2011km.max.dat,E,29.615457432934296,0.08,3.0,0.46891196332115415,1.411640299481629,1.0
1905,SNIa-CN/sn2005cf.m0002.dat,E,29.617738007555584,0.08,3.0,0.46905717092469895,1.3776639675199898,1.0
1906,SNIIb/sn1996cb.p0003.dat,E,29.625104696347172,0.1,0.33080551437654054,0.5659817267866871,-0.6790929187019779,1.0
1907,SNIa-BL/sn1998dh.m0005.dat,E,29.626231881225692,0.09000000000000001,3.0,0.4747658175048268,1.4357352107660293,1.0
1908,SNIa-CL/sn2002jg.p0005.dat,E,29.629451042166785,0.08,0.8721438834288132,0.36947101148106054,0.06663569019733115,1.0
1909,SNIa-BL/sn2002bo.m0013.dat,E,29.632132483129936,0.12000000000000001,0.720971442269395,0.5240606768355014,0.010437074844304072,1.0
1910,SNIa-BL/sn1997bp.m0003.dat,E,29.63339750453214,0.1,2.780921329933253,0.6538502131308598,1.8701495750924466,1.0
1911,SNIa-CN/sn2000dn.m0001.dat,E,29.634427581678807,0.08,3.0,0.5407750048886529,1.476480981016308,1.0
1912,SNIa-CN/sn1996X.m0002.dat,E,29.63689228988128,0.09000000000000001,3.0,0.6408371875700738,1.6531477419287994,1.0
1913,SNIb/sn2004gq.m0001.dat,E,29.641173616174044,0.12000000000000001,1.0964776916795929,0.4166018684137867,0.2941326533690297,1.0
1914,SNIa-CN/sn2001fh.p0007.dat,E,29.64253106985452,0.1,0.48259643298870425,0.0,-1.0095159427182507,1.0
1915,SNIa-CN/sn2005cf.m0001.dat,E,29.649135118555563,0.08,3.0,0.5521631854244539,1.4776386085266604,1.0
1916,SNIa-BL/sn2003ch.m0002.dat,E,29.649867118381835,0.08,3.0,0.5519434883026229,1.4954454086327609,1.0
1917,SNIIb/sn2006el.m0004.dat,E,29.650499297974932,0.11000000000000001,1.1798598258350652,0.3628988049515438,0.24588443573633686,1.0
1918,SNIIb/sn2008bo.p0031.dat,E,29.651308314698273,0.1,0.6997736830739851,0.444904954456634,-0.17687587397818824,1.0
1919,SNIa-CN/sn2006az.m0001.dat,E,29.651800617887993,0.08,3.0,0.426196329757653,1.287581911996452,1.0
1920,SNIa-BL/sn2002he.m0003.dat,E,29.654487503947614,0.09000000000000001,3.0,0.421993097508922,1.4435723575132255,1.0
1921,SNIa-CN/sn2006ax.p0001.dat,E,29.65559161313056,0.08,3.0,0.6472059034646536,1.536084545662484,1.0
1922,SNIa-BL/sn2004ef.m0002.dat,E,29.65616074878653,0.09000000000000001,3.0,0.39725538248063585,1.2965890302769436,1.0
1923,SLSN-II/sn2008es.p0055.dat,E,29.656938700217886,0.09000000000000001,3.0,0.0656026153523216,1.0522832574638428,1.0
1924,SNIa-CN/sn2003ic.p0008.dat,E,29.65998759686981,0.11000000000000001,1.7940136421939346,0.0,0.4421141570566135,1.0
1925,SLSN-II/sn2008es.p0082.dat,E,29.661636648049615,0.09000000000000001,2.0635381468996177,0.002215876808049512,0.6755648716466192,1.0
1926,SNIb/sn2005bf.p0002.dat,E,29.663679047715576,0.1,1.5891918643963647,0.30040004082349264,0.6594537727442583,1.0
1927,SNIa-CN/sn2008Q.m0002.dat,E,29.665184286774938,0.09000000000000001,3.0,0.5015921156986624,1.3970903430415316,1.0
1928,SNIa-CN/sn2004bg.p0006.dat,E,29.66657031948424,0.09000000000000001,3.0,0.6607523934427834,1.639355908301907,1.0
1929,SNIa-CN/sn1994ae.p0008.dat,E,29.667377475755135,0.1,2.3026397347345355,0.7228680258518334,2.0,1.0
1930,SNIa-CN/sn2000cp.m0002.dat,E,29.671546010162878,0.09000000000000001,1.766502015182349,0.057162668332024644,0.43542664286482513,1.0
1931,SNIa-CN/sn1998eg.p0005.dat,E,29.673684177324795,0.09000000000000001,2.8307460895342,0.39045454281449604,1.2691299571644747,1.0
1932,SNIa-SS/sn2003fa.p0009.dat,E,29.679212777941345,0.1,3.0,0.6325835556300302,1.5682065158156746,1.0
1933,SNIb/sn2008D.p0040.dat,E,29.68195303165021,0.1,0.11949501383479222,0.4065354668141907,-2.0,1.0
1934,SNIa-BL/sn2007bd.m0001.dat,E,29.693025843302408,0.09000000000000001,3.0,0.408786207628782,1.2764312222763672,1.0
1935,SNIa-CN/sn2006lf.m0005.dat,E,29.698714274691646,0.09000000000000001,0.5488640816627844,0.24335646881899897,-0.6442512789234701,1.0
1936,SNIa-CN/sn2002jy.p0010.dat,E,29.700978883593955,0.1,3.0,0.663835462655679,1.6866337824582875,1.0
1937,SNII/sn2006ov.p0121.dat,E,29.7078974694313,0.08,0.06340212044962255,0.7834691218661404,-1.9777756139828564,1.0
1938,SNIc/sn2004gt.p0100.dat,E,29.711377321498638,0.13,3.0,0.3320552445690935,1.0884628691074132,1.0
1939,SNIa-CL/sn2003iv.p0001.dat,E,29.71467757179291,0.09000000000000001,3.0,0.4516440008377555,1.3339602050018282,1.0
1940,SNIa-BL/sn2001ep.p0003.dat,E,29.714850666119283,0.08,3.0,0.5430347607123728,1.5075305529375027,1.0
1941,SNIa-BL/sn2003U.m0001.dat,E,29.720186674954753,0.09000000000000001,3.0,0.6049572782675081,1.57925815891082,1.0
1942,SNIa-BL/sn1999ej.m0002.dat,E,29.72060504227772,0.09000000000000001,3.0,0.45424169891666316,1.389698380058924,1.0
1943,SNIa-BL/sn2001ep.p0005.dat,E,29.724346674887798,0.08,3.0,0.5201919583079576,1.5050448887386456,1.0
1944,SNIa-CSM/sn2012ca.p0105.dat,E,29.727452140789282,0.1,0.15648350310336967,0.9348837316476138,-0.7442567651052813,1.0
1945,SNIa-SS/sn1999dq.m0003.dat,E,29.729003056936566,0.08,3.0,0.29278803135392123,1.173930317419198,1.0
1946,SNIIb/sn2006T.m0013.dat,E,29.72917256950831,0.11000000000000001,0.3243401792673522,0.3953101755755415,-0.9518804341799201,1.0
1947,SNIa-BL/sn2002cd.m0007.dat,E,29.730479650711665,0.1,0.5230222735222702,0.4560542983121075,-0.4180163767779393,1.0
1948,SNIa-SS/sn2007ae.p0002.dat,E,29.734060390107082,0.09000000000000001,3.0,0.631446856872921,1.541638106005123,0.967418211143695
1949,SNIIb/sn1996cb.p0025.dat,E,29.743125178112482,0.09000000000000001,0.09154654470795007,0.6391124499079363,-2.0,1.0
1950,SNIb/sn2004gq.m0002.dat,E,29.746641752881768,0.12000000000000001,1.4093092605224649,0.41034274901806317,0.5263022522741925,1.0
1951,SNIb/sn2004gq.p0089.dat,E,29.755696168512785,0.1,0.7612832661649724,0.4816379857823481,-0.05112050491047958,1.0
1952,SNIa-BL/sn2003W.p0001.dat,E,29.760443823954862,0.1,2.394144453069705,0.43543564141648644,1.196658243844556,1.0
1953,SNIa-BL/sn2001ep.p0004.dat,E,29.763084764991888,0.08,3.0,0.5259796775098816,1.4959721252685614,1.0
1954,SNII/sn2005cs.p0279.dat,E,29.76549673665715,0.1,0.06725627114813577,0.8128627418953492,-1.8292751526597346,1.0
1955,SNIa-CN/sn1994ae.p0005.dat,E,29.778813870744436,0.09000000000000001,3.0,0.7611749501048083,1.7359315020692643,0.9675684457478007
1956,SNIa-BL/sn2001ay.p0001.dat,E,29.78039493317475,0.1,2.923385859353357,0.6324984075253373,1.524132049353926,1.0
1957,SNII/sn2013am.p0065.dat,E,29.783261853766344,0.08,0.10486044185197134,0.547388852915645,-2.0,1.0
1958,SNIa-CN/sn2008C.p0008.dat,E,29.78380571472374,0.11000000000000001,1.2366355278374308,0.1363290616703864,0.18197793093842243,1.0
1959,SNIa-CN/sn2008ar.m0002.dat,E,29.7860098873595,0.08,3.0,0.36396881459447317,1.26406774665459,1.0
1960,SNIa-SS/sn2002de.m0004.dat,E,29.78743408433713,0.08,3.0,0.028517579933864078,0.944911036227095,1.0
1961,SNIa-CN/sn1994S.m0003.dat,E,29.788847947511037,0.07,3.0,0.7882367511376991,1.9543190367196939,1.0
1962,SNIa-CSM/sn1999E.p0056.dat,E,29.79487068926259,0.1,0.11827403092044013,0.7207782560035618,-1.4724238862661299,1.0
1963,SNIb/sn2005bf.m0005.dat,E,29.80237597803702,0.1,1.9640988229865879,0.34424098631500444,0.7372804915773743,1.0
1964,SNIa-BL/sn2004as.m0001.dat,E,29.80432841281548,0.09000000000000001,3.0,0.517652243185757,1.489101069245407,1.0
1965,SNIa-BL/sn2007af.p0005.dat,E,29.814498465120025,0.08,3.0,0.5672684197268801,1.5513007516613166,1.0
1966,SNIIb/sn2008ax.m0011.dat,E,29.816722035840847,0.11000000000000001,0.556696872660858,0.5812176419022392,-0.193135892000407,1.0
1967,SNIb/sn1998dt.p0001.dat,E,29.81733328486224,0.11000000000000001,1.0223535302179798,0.43993453296121116,0.26134583962876745,1.0
1968,SNIa-BL/sn2007af.max.dat,E,29.81877637830343,0.08,3.0,0.5541890283833425,1.4929009582868467,1.0
1969,SNIa-CN/sn2002aw.m0002.dat,E,29.834407836169103,0.08,3.0,0.3932700451433625,1.308465049878328,1.0
1970,SNIb/sn2005hg.m0009.dat,E,29.841466220242523,0.11000000000000001,1.3174473131581685,0.4208665021451615,0.43626832473615307,1.0
1971,SNIIn/sn1997cy.p0132.dat,E,29.842982506278847,0.1,0.5238009480793113,0.8683390990886117,0.40429907515604707,1.0
1972,SNIa-CN/sn2003it.m0002.dat,E,29.84725797739165,0.09000000000000001,3.0,0.39033759843727994,1.301772079953972,1.0
1973,SNIa-BL/sn2004as.p0006.dat,E,29.850454704746276,0.13,1.5077037938917954,0.5801206501488864,0.8638655597132423,1.0
1974,SNIa-BL/sn1998ec.m0003.dat,E,29.851115491907937,0.09000000000000001,2.8060878555018127,0.3757172505915191,1.2371431335159437,1.0
1975,SNIa-CN/sn2002do.p0002.dat,E,29.853204651178274,0.08,1.6298051422980966,0.0,0.30554713841046055,1.0
1976,SNIa-BL/sn2002cu.m0003.dat,E,29.85326259100688,0.09000000000000001,3.0,0.511865789832174,1.4776552885754048,1.0
1977,SNIa-CN/sn1998dm.p0010.dat,E,29.856651368045803,0.1,1.531756579069649,0.5298949454979314,0.8454387480803404,1.0
1978,SNIa-CL/sn2002eu.p0003.dat,E,29.85675250565777,0.09000000000000001,3.0,0.4727347517858984,1.390864407073467,1.0
1979,SNIa-BL/sn2007cg.p0007.dat,E,29.85877569503171,0.11000000000000001,0.42336271834828815,0.5094754755867587,-0.5399863864512497,1.0
1980,SNIa-CN/sn2007ca.p0009.dat,E,29.86019048678135,0.1,1.6929644227657124,0.5199495729272988,0.9319552249607209,1.0
1981,SNIa-CL/sn2006mo.p0005.dat,E,29.86270026101475,0.09000000000000001,3.0,0.14378065345095023,1.0696264143752696,1.0
1982,SLSN-I/snPTF10hgi.p0064.dat,E,29.871869517789793,0.1,3.0,0.17687835399226945,1.06812663056326,1.0
1983,SLSN-I/sn2007bi.p0472.dat,E,29.873791632349953,0.13,0.9768007607506847,0.5398747760162341,0.4513064416337708,1.0
1984,SNIa-CN/sn2004at.max.dat,E,29.8756566348832,0.08,3.0,0.6430976797466341,1.616911037230885,1.0
1985,SNIa-CSM/sn1999E.p0053.dat,E,29.877476127827563,0.1,0.37062418440839,0.6593359710829756,-0.4907273639924259,1.0
1986,SNIa-CN/sn2002fk.p0007.dat,E,29.87834359361456,0.1,3.0,0.6135373341926258,1.6142345312548505,1.0
1987,SNIa-CN/sn2006az.p0002.dat,E,29.880655817320207,0.08,2.2097318452867785,1.101560808623632,2.0,1.0
1988,SNIa-CN/sn2002er.m0004.dat,E,29.885697900908244,0.09000000000000001,2.1346755438246396,0.3769910662536352,0.9494485016428567,1.0
1989,SNIa-SS/sn2003hu.p0002.dat,E,29.88673149544619,0.08,3.0,0.2017617482352325,1.0893504509390215,0.9635113196480938
1990,SNIb/sn2005hg.m0007.dat,E,29.887474213164126,0.11000000000000001,1.3566615202718662,0.5022381514709373,0.5614912536839247,1.0
1991,SNIa-CN/sn2003ic.p0005.dat,E,29.890313112915713,0.11000000000000001,2.2814652323947775,0.0,0.6604419614921462,1.0
1992,SNIIb/sn2008ax.p0121.dat,E,29.890997230688484,0.13,0.10132837669338642,0.8857226912714748,-1.173479731108416,1.0
1993,SNIa-SS/sn2003fa.p0008.dat,E,29.901509956822984,0.09000000000000001,3.0,0.6658682853329804,1.6163221904529377,1.0
1994,SNIa-BL/sn2007af.m0001.dat,E,29.901737660601615,0.08,3.0,0.4190152515701843,1.314051135773104,1.0
1995,SNIa-BL/sn2007kk.m0002.dat,E,29.902762436155943,0.09000000000000001,3.0,0.5281093619866577,1.4257648017541569,1.0
1996,SNIa-CN/sn2002cr.p0005.dat,E,29.903371346293756,0.08,3.0,0.6428805979012796,1.6489513165193028,1.0
1997,SNIa-CN/sn1997Y.p0003.dat,E,29.904382644958645,0.08,2.9960287035715196,0.4124274281008933,1.385220083862202,1.0
1998,SNIa-CSM/sn2012ca.p0140.dat,E,29.906505870204896,0.1,0.09051671465957793,0.9988347135860354,-1.0036145921951265,1.0
1999,SNIa-CSM/sn1999E.p0121.dat,E,29.914748068361764,0.1,0.11267131193809045,0.7522155338203638,-1.5434298970516802,1.0
2000,SNIa-BL/sn2001ep.p0001.dat,E,29.9162742002896,0.08,2.713269354283835,0.5721849211208326,1.4523589651397975,1.0
2001,SNIa-BL/sn2006ev.p0006.dat,E,29.92024529512484,0.09000000000000001,3.0,0.5173433750000102,1.4849315673545505,1.0
2002,SNIa-CL/sn1998bp.m0002.dat,E,29.924676582941846,0.08,3.0,0.39444757728360824,1.3405133880446654,1.0
2003,SNIa-SS/sn2005M.p0010.dat,E,29.9342175960431,0.11000000000000001,3.0,0.5752987016895701,1.531023714209732,1.0
2004,SNIa-CN/sn2006lf.m0006.dat,E,29.935018779477417,0.09000000000000001,0.5564254363650474,0.241375856814898,-0.646608815736164,1.0
2005,SNIa-CN/sn2008bf.p0008.dat,E,29.937388899836098,0.1,3.0,0.6654245130284947,1.6208909724042306,1.0
2006,SNIa-CN/sn2006cq.m0003.dat,E,29.94394211677214,0.08,3.0,0.5957640876664398,1.4811286626010274,0.9794452785923752
2007,SNIa-CL/sn2004gs.p0004.dat,E,29.946566328034393,0.13,1.9748648253942007,0.5724116762306694,1.1020462500765023,1.0
2008,SNIa-CN/sn1994ae.p0009.dat,E,29.950979242805136,0.11000000000000001,3.0,0.698882441752485,1.6916636392299786,1.0
2009,SNIa-CSM/sn2012ca.p0141.dat,E,29.953630157459944,0.1,0.13789951186784122,0.9813510041637613,-0.6899092477222291,1.0
2010,SNII/sn1999em.p0044.dat,E,29.954664435123384,0.09000000000000001,0.11683333608690152,0.5540274937160312,-2.0,0.9984825891281872
2011,SNIc-bl/sn1997ef.p0104.dat,E,29.960585774512374,0.13,0.1278693131689729,0.7419376906296646,-1.363965419544586,0.995889056937159
2012,SNIa-BL/sn2007co.m0003.dat,E,29.961004624673187,0.09000000000000001,3.0,0.45766204080321315,1.3708218435364543,1.0
2013,SNIa-BL/sn2001ep.p0002.dat,E,29.963376254988056,0.08,3.0,0.5460042949141266,1.5127983246460175,1.0
2014,SNIa-BL/sn2006cj.p0009.dat,E,29.966688910132234,0.1,3.0,0.43588005588087103,1.3162228613384972,0.9795903225806449
2015,SNIb/sn2005bf.p0005.dat,E,29.976982317344163,0.1,1.8757093811189587,0.34719549049543935,0.676515806375634,1.0
2016,SNIa-SS/sn2000cx.p0007.dat,E,29.978283678452378,0.13,3.0,0.5769029900815015,1.5352089201817456,1.0
2017,SNIIb/sn1993J.p0028.dat,E,29.989686216049844,0.09000000000000001,0.0715511001477616,0.6804409633005511,-2.0,1.0
2018,SNII/sn1999br.p0031.dat,E,29.9904320510544,0.08,0.6967690689304217,0.38369648023015085,0.02818210177738383,1.0
2019,SNIa-BL/sn2001en.p0006.dat,E,29.991979032534275,0.09000000000000001,3.0,0.5474471425083931,1.5442810542730974,1.0
2020,SNIa-CSM/sn2012ca.p0112.dat,E,29.994233350837675,0.1,0.1344721512268763,0.9497942537222802,-0.8460197067776256,1.0
2021,SNII/sn2013am.p0082.dat,E,29.9945473317918,0.08,0.09016838290491624,0.6739267802386865,-2.0,1.0
2022,SNIa-CN/sn1995D.p0006.dat,E,29.99468365278561,0.08,3.0,0.834168120872623,1.8655440179244667,0.9613101466275661
2023,SNIa-SS/sn2002de.m0005.dat,E,29.996850332450492,0.09000000000000001,2.509061782568656,0.03256897936434338,0.7842795356849531,1.0
2024,SNIa-BL/sn2004as.m0002.dat,E,30.000817504025672,0.09000000000000001,2.89961730506547,0.5655996054765271,1.506271672052971,1.0
2025,SNIa-CN/sn2006cf.p0007.dat,E,30.007698798074763,0.09000000000000001,3.0,0.5609285006462492,1.476738380662165,1.0
2026,SNIb/sn2005hg.m0010.dat,E,30.010416635096668,0.11000000000000001,2.0196081309556186,0.44809100561589654,0.8788584852529392,1.0
2027,SNIa-BL/sn2001ep.p0006.dat,E,30.01462157207674,0.09000000000000001,3.0,0.4922757180785913,1.491205462450822,1.0
2028,SNIa-CN/sn2006N.m0003.dat,E,30.015155791288173,0.09000000000000001,2.7705368978060254,0.13642573346007425,0.939182148775447,1.0
2029,SNIb/sn2008D.p0128.dat,E,30.020033573939312,0.13,0.04429406588079615,0.9062685585083816,-2.0,1.0
2030,SNIa-CN/sn2002jy.p0008.dat,E,30.024060782007194,0.09000000000000001,3.0,0.6213659879159127,1.5965948988019851,1.0
2031,SNIa-CN/sn1998dx.p0001.dat,E,30.025238200382184,0.08,3.0,0.6942450040526864,1.6120468183988033,1.0
2032,SNIa-CL/sn2006gj.p0003.dat,E,30.027685341868693,0.08,1.5536555732606776,0.3166475516875019,0.5607783022649515,1.0
2033,SNIb/sn2007C.p0054.dat,E,30.028460713138116,0.1,0.5276294400133084,0.4036959600782492,-0.5800726213586327,1.0
2034,SNIa-CN/sn2007F.m0001.dat,E,30.02860243651239,0.08,3.0,0.6335601681900687,1.5324225057422218,1.0
2035,SNIa-CSM/sn2012ca.p0125.dat,E,30.030386286529385,0.1,0.08324958272451498,1.0275498175856808,-1.105347841179258,1.0
2036,SNIa-CN/sn2008ar.m0004.dat,E,30.031668423759193,0.09000000000000001,3.0,0.4448462937611052,1.3502424682796188,1.0
2037,SNIc/sn2007cl.m0006.dat,E,30.032886645984746,0.12000000000000001,3.0,0.5714794612954307,1.3591999834302495,1.0
2038,SNIa-CN/sn2003kf.m0005.dat,E,30.034626102066415,0.08,3.0,0.2903590230477404,1.18633362960339,1.0
2039,SNII/sn2009N.p0032.dat,E,30.03547340641536,0.09000000000000001,0.45155294640180976,0.4878290336323659,-0.35917291020951925,1.0
2040,SNIa-SS/sn2007ae.p0003.dat,E,30.04105482458859,0.09000000000000001,3.0,0.7061539691672323,1.6288186518626562,0.9688949853372433
2041,SNIa-BL/sn2004as.p0002.dat,E,30.043050007333687,0.09000000000000001,3.0,0.64957362985777,1.662777553217045,1.0
2042,SNIa-SS/sn2002hu.m0001.dat,E,30.043547428422325,0.08,3.0,0.6551037701356776,1.5884657971600544,1.0
2043,SNIa-CL/sn2008R.p0005.dat,E,30.05423471322871,0.08,3.0,0.5095107590190504,1.4468810555782805,1.0
2044,SNIa-CL/sn2000dk.p0088.dat,E,30.055115082649337,0.1,0.9804086463376191,0.44515155895938313,0.26761585951107136,1.0
2045,SNIb/sn2005bf.m0006.dat,E,30.055499308482613,0.1,2.50676730631286,0.38225621777904417,1.027593559505907,1.0
2046,SNIa-BL/sn2003W.m0002.dat,E,30.056799780090643,0.1,2.915568377881053,0.40614425766279105,1.3319105492585597,1.0
2047,SNIIn/snOGLE-2013-SN-019.p0000.dat,E,30.06163628225632,0.09000000000000001,1.035243052968806,0.6202338437621072,0.47926633348394254,0.9530541018688924
2048,SNIa-CN/sn2005na.m0002.dat,E,30.061859737379134,0.08,3.0,0.6106323772085186,1.5181051853122818,1.0
2049,SNIa-CSM/snPTF10yni.p0032.dat,E,30.062878735487224,0.1,3.0,0.17071748539336598,0.9081159081553548,1.0
2050,SNIa-BL/sn2002cd.m0008.dat,E,30.072808543702212,0.11000000000000001,0.37794461862795664,0.5015200745208203,-0.7074727639614454,1.0
2051,SNIa-CN/sn1994D.m0004.dat,E,30.075625791869612,0.09000000000000001,3.0,0.5427211945961464,1.5235456526902205,1.0
2052,SLSN-I/snLSQ12dlf.p0006.dat,E,30.08026272699214,0.11000000000000001,3.0,0.585232091544444,1.1609073144487685,1.0
2053,SNIIn/sn1996L.p0060.dat,E,30.082241154600958,0.09000000000000001,0.2481850500215605,0.5620074686244612,-0.9707550985754074,1.0
2054,SNIa-SS/sn2008A.m0001.dat,E,30.085406362340148,0.1,3.0,0.3247936695056736,1.2219425283985799,1.0
2055,SNIa-CN/sn2002fk.m0001.dat,E,30.095233250038277,0.08,3.0,0.6271256150358743,1.6178093171295604,1.0
2056,SNIa-CN/sn2002cr.p0001.dat,E,30.10668846936258,0.08,3.0,0.6311954248506895,1.6338347244514453,1.0
2057,SNIb/sn2005bf.p0004.dat,E,30.12025370648794,0.1,1.877811497509517,0.37028980970592734,0.7001615094084579,1.0
2058,SNIa-BL/sn2003kc.m0001.dat,E,30.12911706124286,0.09000000000000001,3.0,0.39566338914301086,1.328381612647849,1.0
2059,SNIa-CSM/snPTF12efc.p0008.dat,E,30.131998346412495,0.1,3.0,0.47733361898428756,1.1293741148888012,1.0
2060,SNIIb/sn2008ax.m0010.dat,E,30.13745775704037,0.11000000000000001,0.6763441521592127,0.5775868508796272,-0.024545965857628034,1.0
2061,SNIb/sn2005bf.p0007.dat,E,30.1432747140199,0.09000000000000001,1.421789496322794,0.24046811669646712,0.3720482084534746,1.0
2062,SNIa-SS/sn2005M.p0005.dat,E,30.149677236813698,0.07,3.0,0.7189525113162658,1.7122046023467465,1.0
2063,SNIa-CN/sn2004at.m0001.dat,E,30.153878636355024,0.08,2.7135641716126466,0.7017231203445593,1.6222321795337444,1.0
2064,SNIIn/sn1997cy.p0635.dat,E,30.163774811078124,0.1,1.1855362964271474,0.6067484744714228,0.680000522903804,1.0
2065,SNIa-CN/sn2007F.m0002.dat,E,30.169080819831805,0.08,3.0,0.5951262894130874,1.4772518470821399,1.0
2066,SNIa-BL/sn2002bf.p0002.dat,E,30.17359139034957,0.1,1.9257764244027338,0.5762369887632476,1.1332306993538033,1.0
2067,SNIa-SS/sn2006gr.m0002.dat,E,30.17434322755513,0.09000000000000001,3.0,0.6100692740765832,1.5196024873847505,1.0
2068,SNIa-CN/sn2006cf.p0005.dat,E,30.18095924913966,0.08,2.842439267575999,0.5181148074230693,1.3751815684641475,0.9932319061583578
2069,SNIa-CN/sn1997dt.m0008.dat,E,30.182273899163008,0.09000000000000001,1.653900799422269,0.09559933125372427,0.3832444817469567,1.0
2070,SNIa-BL/sn2001ay.p0003.dat,E,30.187668110868053,0.1,2.911986471913873,0.6124623790779097,1.6917899148556295,1.0
2071,SNII/sn1999em.p0002.dat,E,30.201126156967305,0.1,3.0,0.7509327162852806,1.6586496502473715,1.0
2072,SNIa-CL/sn2000dk.p0001.dat,E,30.21494196350845,0.08,3.0,0.5811433889404922,1.5690718390148006,1.0
2073,SNIIb/sn2008ax.m0015.dat,E,30.21506780482985,0.11000000000000001,0.1764731573572695,0.7270717221086956,-1.10061141498718,1.0
2074,SNIb-nIIb-n/sn2005la.p0020.dat,E,30.215774037918024,0.1,3.0,0.5775400838823267,1.4371943645152871,1.0
2075,SNIa-CN/sn1998dx.m0002.dat,E,30.219289814930534,0.08,3.0,0.630924255583364,1.5419092291192193,1.0
2076,SNIa-CL/sn2004gs.m0000.dat,E,30.227750176449923,0.09000000000000001,2.8981823363703887,0.558667553106314,1.456663533611959,1.0
2077,SNIa-CN/sn2001cp.m0005.dat,E,30.229220794368363,0.08,3.0,0.46831549216433216,1.3624632961960357,1.0
2078,SNIIb/sn2008ax.p0094.dat,E,30.234450453407515,0.1,0.10307720309078608,0.8708611541196344,-1.1797107843632368,1.0
2079,SNIc-bl/sn2006aj.p0001.dat,E,30.242453190692146,0.13,2.2039707704983034,0.0,0.6531687561639563,1.0
2080,SNIa-SS/sn2005eu.p0008.dat,E,30.243287923647543,0.1,3.0,0.44627541841767127,1.3288366886858451,1.0
2081,SNIa-BL/sn2004fu.m0003.dat,E,30.253728374098152,0.09000000000000001,1.6587637441342384,0.498529133307638,0.7984110825490381,1.0
2082,SNIc/sn2004aw.m0002.dat,E,30.25417223311972,0.13,1.250046080431903,0.0,0.10532660047049723,1.0
2083,SNIa-CSM/sn1999E.p0036.dat,E,30.25615513106265,0.1,0.32079702132961324,0.6753653280372669,-0.5930896376194577,1.0
2084,SNII/sn2005cs.p0017.dat,E,30.257000742259706,0.09000000000000001,1.4415342780431524,0.4328986257586078,0.7803640349997337,1.0
2085,SNII/sn1999em.p0030.dat,E,30.257512452066713,0.09000000000000001,0.21589062132130213,0.5708309730651858,-1.2673412025857274,0.9984825891281872
2086,SNIa-SS/sn1998es.m0002.dat,E,30.257798161064485,0.08,3.0,0.5646234956749286,1.4533895472263791,1.0
2087,SNIa-CL/sn2007ci.m0005.dat,E,30.277773273207075,0.09000000000000001,2.9438408200739996,0.5663265679376738,1.4629259005608475,1.0
2088,SNIa-BL/sn2002bo.m0003.dat,E,30.278699857280372,0.1,1.4777163124992578,0.6411505901475267,0.9475088309874453,1.0
2089,SNIa-BL/sn1999cl.m0008.dat,E,30.282748167442957,0.1,0.1409526700603178,0.5619587295211923,-1.678936371197067,1.0
2090,SNIa-CN/sn1994S.m0004.dat,E,30.28536339746494,0.08,3.0,0.5710492463489808,1.5555475248362547,1.0
2091,SNIb/sn1998dt.p0032.dat,E,30.28886761997991,0.1,0.14490674048315455,0.6595720530254533,-1.4212425235687736,1.0
2092,SNIa-CL/sn1998bp.m0003.dat,E,30.28924071797522,0.09000000000000001,3.0,0.43146353781277846,1.3840259853489603,1.0
2093,SNIa-BL/sn2001ep.m0000.dat,E,30.29015104364529,0.08,3.0,0.5594947375833268,1.541821706178528,1.0
2094,SNIa-CL/sn2007hj.p0002.dat,E,30.290838959497826,0.09000000000000001,2.318420248635422,0.5474556785366121,1.2629180831847575,1.0
2095,SNIa-SS/sn2006gz.p0008.dat,E,30.293247622591267,0.09000000000000001,3.0,0.37594361578398827,1.270000285224835,1.0
2096,SNIa-CL/sn2002eu.p0001.dat,E,30.297050173999573,0.09000000000000001,3.0,0.4291239469574479,1.347985193963591,1.0
2097,SNIa-CSM/sn1999E.p0090.dat,E,30.303522327183966,0.1,0.3332933320790971,0.7021455418663753,-0.5591424868654783,1.0
2098,SNIa-BL/sn1994T.p0002.dat,E,30.30872107632962,0.09000000000000001,1.3413609557307693,0.6196498481617987,0.859672979669812,1.0
2099,SNIa-BL/sn2007co.m0004.dat,E,30.310947304179642,0.09000000000000001,3.0,0.43911946238641036,1.3523994919033513,1.0
2100,SNIa-CN/sn2006lf.m0007.dat,E,30.310989224122984,0.09000000000000001,0.3774463045408679,0.3083503008158353,-1.0036078139896107,1.0
2101,SNIa-BL/sn2004as.p0003.dat,E,30.31771900360448,0.09000000000000001,2.9634079210408317,0.5330211715888904,1.5057546194780875,1.0
2102,SNIb/sn2005bf.m0003.dat,E,30.325768004518324,0.1,1.4843587925660122,0.3970627095499556,0.500621096915588,1.0
2103,SNIa-CL/sn2003iv.p0085.dat,E,30.33357506360445,0.11000000000000001,0.25799556570326243,1.059971732255024,0.05720101563502655,0.9600702932551322
2104,SNII/sn2009N.p0112.dat,E,30.334616039993293,0.09000000000000001,0.034929161724640626,0.920504005679255,-2.0,1.0
2105,SNIIn/sn2000bg.p0027.dat,E,30.335482170893386,0.09000000000000001,0.8035474185264883,0.0,-0.43762498603286876,1.0
2106,SNIa-BL/sn1998ef.m0004.dat,E,30.337790210882236,0.09000000000000001,2.6746115728003237,0.4581567982223203,1.257415182220156,1.0
2107,SNIa-CL/sn2007ax.m0001.dat,E,30.339062976855374,0.09000000000000001,2.5004690654441717,0.0,0.8626255947083998,1.0
2108,SNIa-CN/sn2001fh.m0002.dat,E,30.346022948084297,0.08,0.6515471784298802,0.12717371870330374,-0.5643881060673807,1.0
2109,SNIb/sn2005hg.m0008.dat,E,30.34818159875521,0.11000000000000001,1.1183342589918213,0.5356053928993606,0.4043571229004934,1.0
2110,Gap/snLSQ13zm.p0028.dat,E,30.349831247822483,0.09000000000000001,1.115083820529847,0.1453798859062154,0.16886576033665734,1.0
2111,SNIa-SS/sn2006S.m0003.dat,E,30.353620548787827,0.08,3.0,0.4920002206564525,1.370543753298428,1.0
2112,SNIa-CL/sn2007ba.p0003.dat,E,30.356967245182155,0.08,3.0,0.41806361760004374,1.3812972158928694,1.0
2113,SNIa-CN/sn2005bc.m0006.dat,E,30.359211591773843,0.09000000000000001,1.5577996997290142,0.3206282191390768,0.5312074620320113,1.0
2114,SNIa-SS/sn1999aa.p0072.dat,E,30.378499167959145,0.12000000000000001,0.45516357633450405,0.9685986642410145,0.32214038870928985,0.9566123167155425
2115,SNIc/sn2004aw.m0004.dat,E,30.380247369589227,0.13,1.934129977008906,0.0,0.494012031384337,1.0
2116,SNIa-CN/sn2000dm.m0003.dat,E,30.390970084996418,0.08,3.0,0.34114923527569485,1.2698222530325065,1.0
2117,SNIa-CL/sn2006hb.p0007.dat,E,30.39482918252923,0.09000000000000001,3.0,0.5588165913490432,1.5331645122192696,1.0
2118,SNIa-CN/sn1997dt.m0009.dat,E,30.397014340628072,0.09000000000000001,1.6157441867268425,0.11898447574546779,0.37897226835486303,1.0
2119,SNIa-CN/sn2006lf.m0008.dat,E,30.406782633369755,0.09000000000000001,0.5269908985534635,0.3762170677576067,-0.5757539973730886,1.0
2120,SNIa-SS/sn2007S.m0004.dat,E,30.412226042863193,0.08,3.0,0.17397615660824448,1.060453386871687,1.0
2121,SNIa-SS/sn2000cx.m0000.dat,E,30.421696877085136,0.08,3.0,0.6892254872478827,1.6401242505832128,1.0
2122,SNIa-CN/sn1994D.m0006.dat,E,30.424741214678924,0.09000000000000001,3.0,0.7298911327938452,1.8233537390587657,1.0
2123,SNIb/sn2009jf.p0085.dat,E,30.432382142301947,0.11000000000000001,0.34062475910441903,0.0,-1.259424078322803,1.0
2124,SNIa-BL/sn1994T.p0001.dat,E,30.43778772658668,0.09000000000000001,2.554616423660535,0.6150819308275294,1.870409458218126,1.0
2125,SNIa-CN/sn1996X.m0003.dat,E,30.43924702129346,0.08,3.0,0.7293068888514671,1.805995631140944,1.0
2126,SNIa-BL/sn2002bo.m0005.dat,E,30.439556650475524,0.1,1.394662782504858,0.6357893796401585,0.8617375512425747,1.0
2127,SNIIn/sn2000eo.p0028.dat,E,30.441851419955654,0.09000000000000001,0.24796051206290814,0.5395173953716569,-1.076093280545114,1.0
2128,SNIa-SS/sn2003hu.p0010.dat,E,30.44624757694108,0.09000000000000001,3.0,0.0,0.9499716125540845,0.9840814662756596
2129,SNIIb/sn1996cb.p0127.dat,E,30.454916527259556,0.13,1.2306963469134156,0.6753296120588407,0.6666966249689961,1.0
2130,SNIb-pec/sn2009er.p0002.dat,E,30.455904662133833,0.13,2.6577315379558164,0.058777238913692194,0.7649249624409475,1.0
2131,SNIa-CL/sn2006gj.m0001.dat,E,30.46224776459728,0.08,1.6338984123737141,0.39935136854796904,0.6433929758486702,1.0
2132,SNII/sn1999em.p0016.dat,E,30.46472747343185,0.1,0.7976392034969836,0.6340177995134254,0.46324049360067543,1.0
2133,SNIa-SS/sn2005eu.p0010.dat,E,30.467852462881694,0.11000000000000001,3.0,0.3893121731913174,1.2782036803262082,1.0
2134,SNIa-CN/sn2008Q.m0003.dat,E,30.47442560873335,0.09000000000000001,3.0,0.4678942030343725,1.3714378067019741,1.0
2135,SNIb/sn2005hg.p0087.dat,E,30.482776290117975,0.1,0.24565974865474832,0.8371382925723649,-0.5363332362215667,1.0
2136,SNIa-CN/sn2001cp.m0004.dat,E,30.484067447883547,0.08,3.0,0.5041909254382697,1.4055289838295717,1.0
2137,SNIa-CN/sn1996bl.m0002.dat,E,30.485271784852934,0.09000000000000001,2.6588190800032994,0.2987188748755009,1.0869207792021984,1.0
2138,SNIa-CSM/sn2012ca.p0134.dat,E,30.4873528274543,0.1,0.1379964930595535,0.9877592316752049,-0.7342297319331805,1.0
2139,SNIa-CN/sn1996X.m0004.dat,E,30.490047635477517,0.09000000000000001,3.0,0.5538775730994651,1.5217674406080546,1.0
2140,SNIa-BL/sn2002bo.m0004.dat,E,30.490783115521396,0.1,1.0975462724847909,0.6327505555228291,0.6170030893605207,1.0
2141,SNIa-SS/sn2006gr.m0004.dat,E,30.512258800872793,0.09000000000000001,3.0,0.4675206193835365,1.345186253531889,1.0
2142,SNIa-CL/sn2007hj.p0003.dat,E,30.514844209825775,0.09000000000000001,1.971231772600716,0.5155097353914209,1.0694692217960369,1.0
2143,SNIa-BL/sn1998dh.m0007.dat,E,30.515234286992126,0.09000000000000001,2.96540449680245,0.43097114646643564,1.3781157040908925,1.0
2144,SNIa-BL/sn2001bf.p0001.dat,E,30.515722368752403,0.08,3.0,0.6101034610165099,1.556571703821047,1.0
2145,SNIIn/sn2005cp.p0213.dat,E,30.52306404302486,0.09000000000000001,0.1423724882388437,0.6216476020183086,-1.4823726927323717,1.0
2146,SNIa-SS/sn2006gz.p0007.dat,E,30.52422630602518,0.09000000000000001,2.947843361862193,0.4500805304183166,1.3256478290360971,1.0
2147,SNIa-CL/sn2002cf.m0005.dat,E,30.524865090946086,0.09000000000000001,3.0,0.2807564669368327,1.218853036902329,1.0
2148,SNIa-CSM/sn1999E.p0066.dat,E,30.52633790631303,0.1,0.20288706715182597,0.7248634171776841,-0.9776887585494207,1.0
2149,SNIa-SS/sn2005eq.m0002.dat,E,30.52665157929633,0.07,3.0,0.5966733546841443,1.5281001096342917,1.0
2150,SNIa-BL/sn2001ep.m0001.dat,E,30.52835845188973,0.08,3.0,0.5298937574473542,1.505621042171911,1.0
2151,SNIIn/sn1997eg.p0293.dat,E,30.532424841416514,0.1,0.19811300029407045,0.5993008988343266,-1.2631930876089483,1.0
2152,SNIa-CSM/sn2011km.p0005.dat,E,30.539950280952937,0.11000000000000001,2.6503279044517756,0.3881017719485684,1.2062582335876626,1.0
2153,SNIIn/sn2005bx.p0020.dat,E,30.540110077338163,0.09000000000000001,2.227816739834763,0.0,0.7811008658437868,1.0
2154,SNIa-BL/sn2002bo.m0012.dat,E,30.541654792110315,0.11000000000000001,0.6937440060230203,0.6439623258537737,0.13607382666195353,1.0
2155,SNIIb/sn2008ax.m0009.dat,E,30.54593413255445,0.11000000000000001,0.6577300799848127,0.6114574545247257,-0.015287910760365717,1.0
2156,SLSN-I/snPTF12dam.p0027.dat,E,30.55381850905769,0.12000000000000001,3.0,0.6109100058406364,1.319602534171721,1.0
2157,SNIa-CL/sn2004gs.p0002.dat,E,30.55543038895999,0.09000000000000001,2.8879223797371893,0.6092028939934188,1.5476610473012515,1.0
2158,SNIa-CN/sn2008C.p0004.dat,E,30.55750110675953,0.09000000000000001,2.4710273664938978,0.20878875237501035,0.9512872626885159,1.0
2159,SNIa-BL/sn2007af.m0005.dat,E,30.562556165584535,0.09000000000000001,3.0,0.4960708417976866,1.4352906951356248,1.0
2160,SNIa-BL/sn1998dh.m0008.dat,E,30.567885369695134,0.09000000000000001,2.820812702239718,0.43118500308142843,1.3202932955367745,1.0
2161,SNIa-BL/sn2004as.m0003.dat,E,30.570873183794355,0.09000000000000001,3.0,0.5417825229986516,1.5136483715343683,1.0
2162,SNIa-CN/sn2003it.m0003.dat,E,30.572968767753895,0.09000000000000001,3.0,0.4230930784431492,1.3323489040013372,1.0
2163,SNIb/sn1998dt.max.dat,E,30.57763059260268,0.12000000000000001,1.2876198925862627,0.4814310532198495,0.521155828277702,1.0
2164,SNIa-CL/sn2002eu.p0005.dat,E,30.577857823534874,0.08,2.851892161736922,0.4051157138708761,1.2781340029360075,1.0
2165,SNIa-BL/sn2007af.m0002.dat,E,30.578675813684367,0.08,2.552374495572224,0.43740696758215936,1.1625977302801913,1.0
2166,SNIa-BL/sn2006cj.m0001.dat,E,30.5792461491623,0.09000000000000001,2.6161245931499817,0.5834715437481429,1.2926427013226263,0.9589475366568915
2167,SNIa-SS/sn1999aa.m0002.dat,E,30.582943764464456,0.07,3.0,0.6984723043129676,1.6830203143733946,1.0
2168,SNIa-BL/sn2002bo.m0006.dat,E,30.592242351901916,0.1,1.1980498557422945,0.637748436963249,0.7055268201596085,1.0
2169,SNIa-CL/sn2007bc.m0003.dat,E,30.593264971659114,0.08,3.0,0.5590759680745173,1.4597591006774537,1.0
2170,SNIa-CL/sn2007au.p0001.dat,E,30.59937322359404,0.09000000000000001,2.892072042471216,0.5068361334827346,1.420291318024518,1.0
2171,SNIa-CL/sn1998de.m0002.dat,E,30.61331396709018,0.13,0.7348228645037583,0.6107916922685611,0.17142389208114955,1.0
2172,SNIc-bl/sn2006aj.p0263.dat,E,30.614368843424934,0.13,1.9422165906967566,0.0,0.4985924222001414,1.0
2173,SNIa-BL/sn2007bd.m0004.dat,E,30.615578722871806,0.09000000000000001,3.0,0.46056992763661364,1.3545391448680435,1.0
2174,SNIIb/sn1996cb.p0006.dat,E,30.617291866132394,0.09000000000000001,0.21064966571433033,0.5662559166730455,-1.2340385879047648,1.0
2175,SNIa-CN/sn1994D.m0005.dat,E,30.621926444445133,0.09000000000000001,3.0,0.5291355498200858,1.5217601434136465,1.0
2176,SNIa-CN/sn2003ic.m0004.dat,E,30.622174521663375,0.09000000000000001,2.9034217501394712,0.0,0.8851919422540071,1.0
2177,SNIa-CL/sn2007hj.p0001.dat,E,30.63417774561467,0.09000000000000001,2.445053428883448,0.5114952553316322,1.2607902482319182,1.0
2178,SNII/sn2006bp.p0042.dat,E,30.634963481181092,0.09000000000000001,0.23803325219745003,0.5114880962197226,-1.1277483226809597,0.9575449217526346
2179,SNIc-bl/sn2007ru.m0000.dat,E,30.651444766364943,0.13,2.056768372821866,0.0,0.6056083621019596,1.0
2180,SNIa-CN/sn2005el.m0004.dat,E,30.655231084222773,0.08,3.0,0.46928370665274255,1.3686873053482582,1.0
2181,SNIIn/sn2000eo.p0020.dat,E,30.655447029164918,0.09000000000000001,0.8109941454662879,0.33450555941450744,0.012585329880295986,1.0
2182,SNIIb/sn1996cb.p0114.dat,E,30.661405742840554,0.1,1.3249490855652881,0.7279892548536103,0.8028574545368178,1.0
2183,SNIa-CN/sn2001fh.m0004.dat,E,30.667711294265565,0.08,0.7812915685041876,0.018028899861176704,-0.46792575595343994,1.0
2184,SNIa-CL/sn2002hw.m0003.dat,E,30.668166646768718,0.09000000000000001,1.0855470404042251,0.5182920514767022,0.40308049883069014,1.0
2185,SNIa-CN/sn2002fk.m0003.dat,E,30.67664409700057,0.08,3.0,0.5825695545192671,1.5609227820268994,1.0
2186,SNIa-BL/sn2007co.m0005.dat,E,30.692593590999756,0.09000000000000001,2.7260670727496707,0.4213850282078619,1.2294220738888249,1.0
2187,SNII/sn2002gd.p0008.dat,E,30.708808283037484,0.09000000000000001,3.0,0.19550276095738572,1.0951612332636613,1.0
2188,SNIa-SS/sn2008Z.m0004.dat,E,30.72195007776438,0.08,3.0,0.29720169464774426,1.15593357064721,1.0
2189,SNIa-SS/sn1998es.m0004.dat,E,30.72863081285997,0.13,3.0,0.41212391706087304,1.2884286751943343,1.0
2190,SNIa-CL/sn1998de.m0007.dat,E,30.730506314475672,0.1,1.1493980219153643,0.9357239859441944,1.1521178645188517,0.9597354838709679
2191,SNIa-CN/sn1995D.p0008.dat,E,30.733807982349617,0.1,3.0,0.7734774696870336,1.7903524386510405,1.0
2192,SNIa-CL/sn2004gs.p0003.dat,E,30.734029364001316,0.09000000000000001,3.0,0.5871443144820813,1.5550135741695903,1.0
2193,SNIIn/sn2005cp.p0125.dat,E,30.73588256077985,0.1,0.09805191916995676,0.7989305977979135,-1.4591557145382485,1.0
2194,SNIa-CN/sn2008ar.m0005.dat,E,30.743615697517686,0.09000000000000001,3.0,0.3544185359033435,1.2572531392005284,1.0
2195,SNIa-SS/sn1998es.m0007.dat,E,30.745029328957976,0.13,3.0,0.47716461031724955,1.3885802384265797,1.0
2196,SNIc-bl/sn2003jd.m0000.dat,E,30.747943125295386,0.13,3.0,0.11270731867090032,0.9901901712043032,1.0
2197,SNIa-CN/sn2000dn.m0008.dat,E,30.75081672592062,0.08,3.0,0.5197578902876971,1.4673386088957427,1.0
2198,SNIb/sn2005hg.m0012.dat,E,30.751292679466687,0.12000000000000001,1.393568916683536,0.5356772272713566,0.6188882450949442,1.0
2199,SNII/sn2013am.p0013.dat,E,30.755020215670232,0.1,0.18569335470796455,0.6231477074997243,-1.2945401889783388,1.0
2200,SNIa-BL/sn1999cl.m0007.dat,E,30.758177956178933,0.1,0.11466537434871707,0.5976916091976977,-1.8248259129502264,1.0
2201,SNIc/sn2004gt.p0167.dat,E,30.774627832565223,0.13,3.0,0.5603530219719313,1.3308237447743707,1.0
2202,SNIa-CL/sn2003iv.m0002.dat,E,30.775593857061832,0.09000000000000001,3.0,0.5355086727364965,1.460545503025367,1.0
2203,SNIa-SS/sn1998es.m0005.dat,E,30.787883100190623,0.13,3.0,0.46540821162426893,1.3503027693394754,1.0
2204,SNIa-BL/sn2007le.m0006.dat,E,30.79017243640086,0.09000000000000001,1.9957686091091833,0.36274970876009116,0.8554325412976653,1.0
2205,SNIa-CL/sn2004gs.m0001.dat,E,30.79569296932251,0.09000000000000001,2.9552357310401822,0.5649682289939176,1.4713406305393162,1.0
2206,SNIa-BL/sn2002bo.m0007.dat,E,30.79722841014778,0.1,1.07096647606845,0.6449942145984818,0.5900031247192401,1.0
2207,SNIa-CN/sn2002fk.p0119.dat,E,30.79798748976913,0.1,1.2239862203034337,0.9567909517197033,2.0,1.0
2208,SNIa-CN/sn2000dn.m0004.dat,E,30.798595776259997,0.08,3.0,0.5272621162013357,1.4440292600968792,1.0
2209,SLSN-II/sn2019cqc.p0032.dat,E,30.80048384730642,0.09000000000000001,2.0022432733032165,0.0046088883963170445,0.5494460794235816,1.0
2210,SNIa-CN/sn1996bl.m0004.dat,E,30.80090282497788,0.09000000000000001,2.533514658055685,0.4012747561372519,1.1405840665249958,1.0
2211,SNII/sn1999br.p0023.dat,E,30.80316225885381,0.09000000000000001,0.5990163053003955,0.5324595971424044,0.13061482117794485,1.0
2212,SNIa-BL/sn2003U.m0006.dat,E,30.80392452132063,0.09000000000000001,3.0,0.5274571879455698,1.4968100512926974,1.0
2213,SNIa-CN/sn2005cf.m0003.dat,E,30.810531074626134,0.08,3.0,0.4980810990758433,1.4293922430072024,1.0
2214,SNIa-CL/sn2006bz.p0001.dat,E,30.81868468392957,0.08,1.877374872890106,0.34930314118674194,0.9018560439974819,1.0
2215,SLSN-I/sn2007bi.p0050.dat,E,30.82041258440101,0.12000000000000001,2.3538079697331167,0.5160367160352772,1.058390056869098,1.0
2216,SNIIb/sn1998fa.p0019.dat,E,30.821079132516985,0.09000000000000001,1.2240435858223473,0.0,0.0019134059295666996,1.0
2217,SNIc/sn2004fe.p0237.dat,E,30.827009301332474,0.13,3.0,0.5089843894267075,1.3675482661918865,1.0
2218,SLSN-II/snCSS121015.p0429.dat,E,30.833770656734824,0.07,0.16282156515243296,0.0,-2.0,0.9965082951924938
2219,SNIIn/sn2015da.m0001.dat,E,30.83414838398993,0.09000000000000001,0.17929651247108808,0.2699459157374741,-1.8929343176308546,1.0
2220,SNIa-CN/sn2005mc.m0002.dat,E,30.83708249536054,0.09000000000000001,1.635834266761289,0.0,0.32087265778482243,1.0
2221,SNIIn/sn1998S.p0429.dat,E,30.85350924250909,0.11000000000000001,0.0341799766440101,1.226741524492316,-1.2751207761427032,0.9579024531562179
2222,SNIa-SS/sn1999dq.m0004.dat,E,30.856802014774214,0.08,3.0,0.37003746520659125,1.261198890558474,1.0
2223,SNIa-SS/sn1998es.m0003.dat,E,30.863874029531722,0.07,3.0,0.6185483347377915,1.528918606858152,0.9957947800586509
2224,SNIIb/sn2006T.p0022.dat,E,30.870763693026404,0.1,0.042014039729631,0.9522420995926513,-2.0,1.0
2225,SNIIb/sn1996cb.p0004.dat,E,30.871331530630712,0.1,0.21121310986409314,0.6798202919773146,-1.0462489052475896,1.0
2226,SNIIn/sn2005db.p0053.dat,E,30.874680937701342,0.09000000000000001,0.18405523470267435,0.38444187365458593,-1.614014147855702,1.0
2227,SNIa-BL/sn2003W.m0005.dat,E,30.883636616273108,0.11000000000000001,2.189038872280932,0.6176930545575245,1.2834190292005556,1.0
2228,SNIa-BL/sn2001N.p0001.dat,E,30.884342785113777,0.1,1.0365187767209507,0.378883356712929,0.22700957842503766,1.0
2229,SNIa-BL/sn2007af.m0006.dat,E,30.885600829524318,0.09000000000000001,3.0,0.40959807840954854,1.336215912179879,1.0
2230,SNIa-CN/sn1997Y.p0002.dat,E,30.886600968829867,0.08,2.0454817230120192,0.3996794498015771,0.9754158657232501,1.0
2231,SNIa-BL/sn1998ef.m0005.dat,E,30.889295166509747,0.09000000000000001,2.4088285441053285,0.49963678690312646,1.2017767641019337,1.0
2232,SNII/sn2013am.p0012.dat,E,30.89296443614592,0.09000000000000001,0.2993351120945786,0.5476981781324435,-0.8218804381407459,1.0
2233,SLSN-IIn/snPTF10tpz.p0060.dat,E,30.898897038269624,0.1,0.4576709896178927,0.5953508971963661,-0.292133741786407,1.0
2234,SNIa-BL/sn2004as.m0004.dat,E,30.909147415726036,0.09000000000000001,3.0,0.5376601134305793,1.5096288803862714,1.0
2235,SNIc/sn2004gt.p0132.dat,E,30.912668215923766,0.13,3.0,0.4508918690407761,1.1932552857796097,1.0
2236,SNIIn/sn2015da.p0004.dat,E,30.920331301109456,0.09000000000000001,0.15606574310566307,0.253618161495524,-1.9535938067021266,1.0
2237,SNIc-bl/sn2003jd.m0001.dat,E,30.921120449529276,0.13,3.0,0.2825844551363784,1.0734370406549663,1.0
2238,SNIIn/sn1997cy.p0194.dat,E,30.927896559951698,0.1,0.3803847062504446,0.9679962731440206,0.15643702725586062,1.0
2239,SNIa-SS/sn1999dq.m0006.dat,E,30.929318270214882,0.13,3.0,0.1731541021198091,1.083227781600182,1.0
2240,SNIa-CN/sn2003ic.p0004.dat,E,30.93240324376901,0.1,2.8477016879100563,0.02536512951011533,0.9011512721233959,1.0
2241,SNIb/sn2005bf.m0004.dat,E,30.939318674469625,0.1,1.781667069559038,0.5122904031971708,0.8081759415522954,1.0
2242,SNIa-SS/sn2000cx.m0001.dat,E,30.940039564902207,0.08,3.0,0.6831902304698658,1.6536048478200134,1.0
2243,SNIc-bl/sn1997ef.p0281.dat,E,30.947824874560617,0.13,0.34477010447170964,0.6892996771745344,-0.5516549773296706,1.0
2244,SNIa-CL/sn2007hj.m0001.dat,E,30.949513917038523,0.09000000000000001,2.19670130720451,0.5900296707622776,1.2460282916888814,1.0
2245,SLSN-IIn/sn2006gy.p0166.dat,E,30.951626052329157,0.08,0.20865391058256386,0.0,-2.0,1.0
2246,SNII/sn2009N.p0023.dat,E,30.96244368194231,0.09000000000000001,0.44498624568988154,0.5691563863066009,-0.30140234564889945,1.0
2247,SNIIb/sn2008ax.m0017.dat,E,30.96385629634434,0.11000000000000001,0.09748195944910772,0.7869871820914414,-1.4471258437128656,1.0
2248,SNII/sn2012aw.p0023.dat,E,30.974969254860525,0.1,0.6522589991252924,0.6565235026862647,0.18140676059292124,1.0
2249,Gap/sn2002bu.p0023.dat,E,30.982727313471763,0.09000000000000001,2.4491356876859673,0.0,0.8594897183395976,1.0
2250,SNIa-SS/sn1998es.m0006.dat,E,30.98545528378454,0.13,3.0,0.4295114740747248,1.3053715536188004,1.0
2251,SNIa-BL/sn1993ac.p0007.dat,E,30.995424964635305,0.09000000000000001,3.0,0.6724441600317024,1.8473062689428468,1.0
2252,SNIa-BL/sn2001bf.p0005.dat,E,31.005092745583944,0.09000000000000001,3.0,0.6011087575451355,1.5687382286541558,1.0
2253,SNIa-CL/sn1998de.m0003.dat,E,31.0116336936842,0.09000000000000001,1.4422966787795837,0.5500724019279631,0.8093699340311894,1.0
2254,SNIa-BL/sn2007af.p0124.dat,E,31.033942054865364,0.1,1.750879562854858,0.9602590754059467,2.0,1.0
2255,SNIa-CL/sn2002hw.m0006.dat,E,31.05004100785382,0.08,1.1310938765959024,0.22561314894261206,0.09520191857481283,1.0
2256,SNIa-BL/sn1997bq.m0006.dat,E,31.051469072568935,0.1,2.1773838159848893,0.6973993900568163,1.407425905800498,1.0
2257,SNIa-CN/sn2006cf.p0003.dat,E,31.054123813388887,0.08,3.0,0.100435679220713,0.9989047237918884,0.9938399999999998
2258,SNIa-SS/sn2001V.m0003.dat,E,31.05502038472062,0.13,3.0,0.5201437238234906,1.4680271200560835,1.0
2259,SNIa-SS/sn2007S.m0005.dat,E,31.05627557757159,0.08,3.0,0.14263666200551564,1.0408552169681937,1.0
2260,SNIa-BL/sn2002ha.m0004.dat,E,31.060253576835127,0.09000000000000001,2.545180640514613,0.5237851071679492,1.3180482459223946,1.0
2261,SLSN-II/sn2019xfs.p0029.dat,E,31.060361444196,0.13,0.6235611265657375,0.0,-0.5159381306375442,1.0
2262,SNIa-SS/sn2008A.m0002.dat,E,31.062054466315047,0.11000000000000001,3.0,0.37212911674488425,1.2642104520719686,1.0
2263,SNIc/sn2004gt.p0070.dat,E,31.066231480556645,0.1,1.8179717273143203,0.4670766008807445,0.7314955059532964,1.0
2264,SNIa-SS/sn2001V.m0005.dat,E,31.07382761675481,0.13,3.0,0.6115931536912745,1.6179062504349753,1.0
2265,SNII/sn2013am.p0003.dat,E,31.0738598944383,0.09000000000000001,1.5342993392712057,0.0,0.2278802555081327,1.0
2266,SNIa-BL/sn1998dh.m0009.dat,E,31.074604932693283,0.09000000000000001,2.5360739424457712,0.4814215336218894,1.2759729751561677,1.0
2267,SNIIb/sn2008ax.m0008.dat,E,31.08022748693542,0.11000000000000001,0.5874954350885047,0.6599945536968573,-0.05937493004119109,1.0
2268,SNIc-bl/sn2007ru.m0003.dat,E,31.080534845342218,0.13,2.684864130202217,0.0,0.8032733023534531,1.0
2269,SNIa-BL/sn2002cd.m0009.dat,E,31.08101722157007,0.11000000000000001,0.26623302226964035,0.627835857569079,-0.9221673786376479,1.0
2270,SNIa-SS/sn1999aa.m0003.dat,E,31.087242684549793,0.07,3.0,0.773617298929396,1.7613426201953133,0.9814737243401759
2271,SNIa-SS/sn2005M.m0003.dat,E,31.091038887735635,0.13,3.0,0.5588626608456667,1.5043665569868163,1.0
2272,SNIc-bl/sn1998bw.p0199.dat,E,31.10184333443552,0.13,0.06724420067899542,1.0504486900241137,-0.7202794468086231,1.0
2273,SNIb/sn2005bf.max.dat,E,31.10650997655441,0.1,1.8827338405375809,0.4945495350006243,0.8350931818484914,1.0
2274,SNIa-BL/sn1997do.m0007.dat,E,31.106829226872556,0.1,3.0,0.5433091861681758,1.5243647381467638,1.0
2275,SLSN-II/snCSS121015.p0016.dat,E,31.11041595034071,0.09000000000000001,3.0,0.6889136094634707,1.2007243974854749,1.0
2276,SNIc-bl/sn2002ap.p0149.dat,E,31.11477488159285,0.13,0.04258195321476964,1.083044291801417,-1.3903990177802825,1.0
2277,SNIa-BL/sn2007af.m0004.dat,E,31.122172746351733,0.08,3.0,0.5371928396322662,1.4940749741747927,1.0
2278,SNIa-BL/sn2001ep.m0002.dat,E,31.124071290836504,0.08,3.0,0.5137992282588781,1.486462923568712,1.0
2279,SNIa-CN/sn1999ac.p0054.dat,E,31.137710973167756,0.12000000000000001,0.10846035990868444,1.0576697590990307,-0.8066424081755661,0.958579706744868
2280,SNII/sn2009N.p0022.dat,E,31.138655626611715,0.09000000000000001,0.46207882002450357,0.5836978533336766,-0.24341325744948042,1.0
2281,SNIa-SS/sn1999aa.m0004.dat,E,31.13914507057325,0.13,3.0,0.65999715293937,1.5921930513868545,1.0
2282,SNIIn/sn2015da.p0021.dat,E,31.140765406586155,0.1,0.14362551446323193,0.4658176455010969,-2.0,0.9754406842183219
2283,SNIa-CN/sn2002cr.m0002.dat,E,31.146743541084845,0.08,3.0,0.5872201546280061,1.5897765914210242,1.0
2284,SNIa-SS/sn2008ae.p0001.dat,E,31.14766717396317,0.11000000000000001,2.3243434649954877,0.2661087084686395,0.9056799698507787,1.0
2285,SNIa-BL/sn1994T.m0000.dat,E,31.14812838709453,0.09000000000000001,1.7591888817499,0.6796531658877225,1.2096977793760226,1.0
2286,SNIa-SS/sn2005M.m0002.dat,E,31.161106847389146,0.13,3.0,0.5874385410446097,1.5497640727967004,1.0
2287,SNIb/sn2005bf.p0001.dat,E,31.162309385490218,0.1,1.6183743492082172,0.524111328868254,0.7220315114222049,1.0
2288,SNIa-SS/sn2001V.m0006.dat,E,31.163969339173995,0.13,3.0,0.6284954633291417,1.6472746489797632,1.0
2289,Gap/sn2019ahd.m0010.dat,E,31.16454524969148,0.09000000000000001,0.768010323106127,0.0,-0.43352172037129055,1.0
2290,SNIIb/sn2008ax.m0016.dat,E,31.167666032235665,0.11000000000000001,0.11174588606511908,0.8150293178120152,-1.4123450198143161,1.0
2291,SNIc/sn2005kl.p0070.dat,E,31.16815621004067,0.13,0.7682893357948016,0.42323834882603395,-0.11111524169486306,1.0
2292,SNIa-SS/sn2005eq.m0005.dat,E,31.173694876927037,0.13,3.0,0.5064925441763186,1.402615347217246,1.0
2293,SNIa-BL/sn2003cq.m0006.dat,E,31.176000082581357,0.09000000000000001,3.0,0.41324965365362376,1.3437424096904311,1.0
2294,SNIb-pec/sn2007uy.p0140.dat,E,31.182732642135885,0.13,0.027918531069614425,0.9907954365016336,-2.0,1.0
2295,SNIa-BL/sn2003gn.m0003.dat,E,31.184101860962755,0.09000000000000001,2.5331892042096396,0.6078076454829722,1.419956551557605,1.0
2296,SNIb/sn2007C.p0070.dat,E,31.200312575550413,0.1,0.3935057743344077,0.577597439180915,-0.6061223854942402,1.0
2297,SNIa-CN/sn2001G.m0005.dat,E,31.206210903221162,0.08,3.0,0.5553346944588508,1.486564706929479,1.0
2298,SNIa-CN/sn1997dt.m0010.dat,E,31.210288797498524,0.09000000000000001,1.4287825590443004,0.19400636441542987,0.3199207704744795,1.0
2299,SNIa-SS/sn2002de.m0006.dat,E,31.21155216007602,0.09000000000000001,3.0,0.5765292575209094,1.5316911049681732,1.0
2300,SNIa-BL/sn2007af.m0003.dat,E,31.21210098358855,0.08,3.0,0.6517468586781385,1.6650203564166328,1.0
2301,Gap/sn2017be.p0026.dat,E,31.21572841091386,0.09000000000000001,0.7637112710822589,0.0,-0.3876478708224968,1.0
2302,SNIc-bl/sn2002ap.p0152.dat,E,31.219796859911295,0.13,0.0264097422188956,1.0940044612566968,-1.4770133429581986,1.0
2303,SNIa-CN/sn2001cp.m0007.dat,E,31.226469575513768,0.08,3.0,0.33440252963298267,1.2383640549215351,1.0
2304,SNIa-CL/sn2007hj.m0002.dat,E,31.226808558892543,0.09000000000000001,1.997634568748608,0.5664240444692998,1.0941044621082487,1.0
2305,SNIa-BL/sn2002dp.m0005.dat,E,31.22684959607563,0.09000000000000001,3.0,0.5014372455490602,1.4980008673881506,1.0
2306,SNIa-CN/sn2005bc.m0005.dat,E,31.23078437115198,0.09000000000000001,1.3592939792557002,0.4014531436090204,0.4356206630761373,1.0
2307,SNIIb/sn2008ax.m0007.dat,E,31.233037964223165,0.11000000000000001,0.5614883949264352,0.6692048748338156,-0.03710810227440446,1.0
2308,SNIa-CL/sn2007ax.m0002.dat,E,31.236269059967103,0.09000000000000001,2.1055166685951976,0.0,0.6601468791901357,1.0
2309,SNIc-bl/sn2002ap.p0155.dat,E,31.238359244421158,0.13,0.02098511786736765,1.0926951480840352,-2.0,1.0
2310,SNIa-CL/sn2006bz.m0000.dat,E,31.24458463786607,0.13,0.9473983444273375,0.5792999442741638,0.4586522800858015,1.0
2311,SNIa-CN/sn2003kf.m0007.dat,E,31.24517227415021,0.09000000000000001,3.0,0.3611072810635366,1.2768401142522774,1.0
2312,SNIb/sn2004gq.m0003.dat,E,31.24649348929071,0.12000000000000001,1.3453783486434703,0.5368646318688189,0.5657563333732033,1.0
2313,SNIa-CL/sn1996bk.p0003.dat,E,31.25021931155229,0.09000000000000001,0.7200095402036735,0.46683946047538527,0.0056283179606894905,1.0
2314,SNII/sn2005cs.p0014.dat,E,31.250590456527505,0.09000000000000001,1.479271697667424,0.5284742144017358,0.9378984469151221,1.0
2315,SNIa-SS/sn2001V.m0007.dat,E,31.250698897382225,0.13,3.0,0.5869446356655307,1.595647666333455,1.0
2316,SNIc/sn1994I.p0145.dat,E,31.252023763388202,0.13,1.0398220722235387,0.3955113370874507,0.33982700590602166,1.0
2317,SNIa-SS/sn1999aa.m0005.dat,E,31.2530653748316,0.13,3.0,0.6313108145574592,1.5513040078496796,1.0
2318,SNIa-BL/sn2004ef.m0003.dat,E,31.253780377913777,0.09000000000000001,2.624280777182392,0.5226929561529913,1.299012431480484,1.0
2319,SNIa-CL/sn2002jg.m0004.dat,E,31.25591908990232,0.09000000000000001,0.6482192361983207,0.4729182383322148,-0.19103314905361798,1.0
2320,SNIa-CN/sn2001fh.m0003.dat,E,31.27170890695397,0.08,0.5278663735853761,0.20420260728955897,-0.7264874219101859,1.0
2321,SNIa-SS/sn2003hu.p0012.dat,E,31.27329775694175,0.09000000000000001,2.3099257517529197,0.0,0.6755461737600716,0.9840814662756596
2322,Gap/sn2017be.p0018.dat,E,31.276367156980406,0.09000000000000001,1.5324351193530725,0.0,0.33263673916949743,1.0
2323,SNIIb/sn1996cb.p0005.dat,E,31.277204043460507,0.09000000000000001,0.2413037381941604,0.6013542081523702,-1.0355071309532666,1.0
2324,SNIIn/sn2008fq.p0014.dat,E,31.28069659148493,0.1,0.6328000420900758,0.0,-0.6222377246989477,1.0
2325,SNIIn/sn1999el.p0030.dat,E,31.281370407608705,0.09000000000000001,0.21818471532382266,0.557903796445437,-1.211482651018871,1.0
2326,SNIa-CSM/sn2002ic.p0275.dat,E,31.282828406083485,0.1,0.10615291873426591,0.9736412248471091,-0.7654498336770365,1.0
2327,SNIa-CSM/sn2012ca.p0192.dat,E,31.286052536264037,0.1,0.10721860382809811,1.054940800486988,-0.7172142714466674,1.0
2328,SNIa-BL/sn2003W.m0003.dat,E,31.288801710712306,0.1,2.0199004305505754,0.2509576204208026,0.7712928692995907,1.0
2329,SNIa-SS/sn2005eq.m0004.dat,E,31.290233658496078,0.13,3.0,0.5372958027589622,1.4268386867373508,1.0
2330,SNIb/sn2006ep.m0008.dat,E,31.294869998124817,0.11000000000000001,1.1861002427302285,0.5182683151513823,0.4193900089005259,1.0
2331,SNII/sn2012aw.p0017.dat,E,31.29770717182546,0.1,1.4610994262849777,0.7879128701335316,0.9016171987936961,0.9778046334010538
2332,SNIa-BL/sn2001gc.m0009.dat,E,31.312937321488427,0.11000000000000001,1.1740835814052557,0.7667047176271302,0.8678350567184628,1.0
2333,SNIa-CL/sn2007ci.m0006.dat,E,31.314392339485718,0.09000000000000001,2.9840970057421385,0.5687187634810796,1.4932859842705282,1.0
2334,SNIc/sn1990B.p0100.dat,E,31.320926578461435,0.13,0.5581587614003312,0.0,-0.9268236621344712,0.9639530987822347
2335,SNIa-SS/sn1999dq.m0005.dat,E,31.322259333477557,0.08,3.0,0.334889942676445,1.2350321105539397,1.0
2336,SNIc-bl/sn1998bw.m0001.dat,E,31.323013249627564,0.13,3.0,0.3172226005007121,1.4314282943213041,1.0
2337,SNII/sn1999br.p0016.dat,E,31.32471325475506,0.09000000000000001,1.6722507025364088,0.47320649425320466,0.929375873839829,1.0
2338,SNIa-CN/sn2005el.m0006.dat,E,31.328092435884294,0.08,3.0,0.38627295846475757,1.28397516722202,1.0
2339,SNIa-SS/sn1998es.m0008.dat,E,31.32904700508565,0.13,3.0,0.5385126931441113,1.4562338863180935,1.0
2340,SNIa-SS/sn2005eq.m0008.dat,E,31.32922131865262,0.13,3.0,0.4852441704012484,1.362561494646525,1.0
2341,SNIa-BL/sn2007jg.m0002.dat,E,31.338829914255207,0.09000000000000001,3.0,0.5045676102233954,1.4276774871272755,1.0
2342,SNIIn/sn2006qq.p0017.dat,E,31.344003963387788,0.09000000000000001,0.9977322706198517,0.313018824160631,0.11934019050378994,1.0
2343,SNIa-CL/sn2004gs.m0003.dat,E,31.348311560616338,0.09000000000000001,2.3247124741727125,0.5602439321651086,1.2090544574070958,1.0
2344,SNIa-BL/sn2006bq.p0005.dat,E,31.356461922682772,0.1,0.8164951036419346,0.8207435238673646,0.6240830341717275,1.0
2345,SNIa-BL/sn2002bo.m0008.dat,E,31.377026685664017,0.1,0.7252913925580182,0.7248726766287992,0.30541533979918756,1.0
2346,SLSN-IIn/snPTF10fel.p0069.dat,E,31.378723423339267,0.1,0.9130723052225932,0.48947930433807235,0.18705026133665567,1.0
2347,SNIIn/sn2005kj.p0106.dat,E,31.390778958771232,0.09000000000000001,1.1566852582366958,0.0,0.1034131178003777,1.0
2348,SNIa-SS/sn1999dq.m0007.dat,E,31.39083569793482,0.13,2.8798492019894417,0.17320782454588265,1.0496433077921359,1.0
2349,SNIc-bl/sn2006aj.m0001.dat,E,31.40587918394586,0.13,3.0,0.03905980730430186,0.9101498379300493,1.0
2350,SNIIn/snOGLE-2013-SN-016.p0008.dat,E,31.407547212233542,0.1,0.6256643138956489,0.5064093637994522,-0.14501050460016332,0.9845189506929641
2351,SNIb/sn2005hg.m0013.dat,E,31.412192858198964,0.12000000000000001,0.9804962574037351,0.5837025706464941,0.3318048576121687,1.0
2352,SLSN-II/snCSS121015.p0406.dat,E,31.41242183138272,0.07,0.5196389148121661,0.1120677603203002,-0.8069086297308417,0.9987628680038161
2353,Gap/sn2015dl.p0057.dat,E,31.41346027913436,0.09000000000000001,0.08973125704485216,0.6754338880663291,-2.0,1.0
2354,SNIc/sn1994I.p0056.dat,E,31.413938822168273,0.11000000000000001,0.4755152592389584,0.7733721708966799,-0.1050176598843878,0.9843140408501564
2355,SNIIn/sn2005kj.p0124.dat,E,31.423200234441232,0.09000000000000001,0.67683147047188,0.24794817030435373,-0.21446880148244718,1.0
2356,SNII/sn2004dj.p0137.dat,E,31.425553318079967,0.09000000000000001,0.02757523413537529,1.0490156135682578,-2.0,0.979456029287938
2357,SNIc/sn1994I.p0096.dat,E,31.42896617879206,0.13,0.41185999207087454,0.8304114646393089,0.16294564423270635,1.0
2358,SNIb/sn2005bf.m0002.dat,E,31.435515240619416,0.1,1.1633419072218378,0.5346597981990957,0.6714446171910531,1.0
2359,Gap/sn2019abn.p0016.dat,E,31.440035469646247,0.1,0.21609480687380042,0.0,-2.0,1.0
2360,Gap/sn2007sv.p0044.dat,E,31.44090070523582,0.09000000000000001,0.47846338861524335,0.0,-0.9003693348513532,1.0
2361,SNIIn/sn1998S.p0438.dat,E,31.443602029743847,0.1,0.12676759326327022,0.9519230666166248,-1.009464456636546,1.0
2362,SNIc/sn1994I.p0055.dat,E,31.44372408542602,0.11000000000000001,0.3978844112654917,0.7506635643792594,-0.12954093095668512,1.0
2363,SNIa-BL/sn2002cs.m0009.dat,E,31.447892001373905,0.1,1.7030390177093349,0.643594617765141,1.0394013126757697,1.0
2364,SNIa-CL/sn2006bw.p0005.dat,E,31.4602543520572,0.08,2.433112538429061,0.5828574930716826,1.346514508496977,1.0
2365,SNIa-SS/sn2002hu.m0004.dat,E,31.46073114097109,0.08,3.0,0.5563645368148958,1.484536697905769,1.0
2366,SNIb/sn2005bf.m0031.dat,E,31.46408965757503,0.11000000000000001,0.9758867714103296,0.7712197393793853,0.8631420842550269,1.0
2367,SNIIn/sn2005kj.p0122.dat,E,31.465865792267408,0.09000000000000001,0.8799844515205165,0.208041125957466,0.04993811487401709,1.0
2368,SNIb-pec/sn2009er.max.dat,E,31.467924772385842,0.13,2.6738508009494386,0.25021326142368117,0.8659528818184306,1.0
2369,SNII/sn2009N.p0033.dat,E,31.47110791582041,0.09000000000000001,0.33939387126138315,0.6286713506780603,-0.5015946741071495,1.0
2370,SNIb/sn2007kj.p0092.dat,E,31.483383756719874,0.13,0.5462847045215526,0.8360111536659927,0.39389411073292124,1.0
2371,SNIIn/sn2006qq.p0012.dat,E,31.48917130090998,0.09000000000000001,0.9524263598022291,0.24181473207403195,0.0685694055769007,1.0
2372,SNIc/sn1994I.p0068.dat,E,31.490420534970013,0.13,0.6262591920459968,0.7000714783090721,0.32543727771027675,1.0
2373,SNIIn/sn2015da.m0011.dat,E,31.491694525542464,0.1,0.13453231556262113,0.5475636687627897,-1.8263779517386403,1.0
2374,SNIa-BL/sn2001ep.m0003.dat,E,31.49990718729267,0.08,3.0,0.5029524771432918,1.4823478223355944,1.0
2375,SNIIn/sn1988Z.p2563.dat,E,31.500023405515073,0.11000000000000001,0.01,1.3421907736950156,2.0,0.9534771582657527
2376,SNIa-BL/sn2006cp.m0006.dat,E,31.50200955065031,0.1,1.8771862540127413,0.7189701962342991,1.2598836535143172,1.0
2377,Gap/sn2001ac.p0005.dat,E,31.50469308930741,0.1,1.2961013395098846,0.4472878892210733,0.508034435892635,1.0
2378,SLSN-II/sn2019xfs.p0083.dat,E,31.512954583609076,0.09000000000000001,1.2187518409236486,0.0,0.09484750424032351,1.0
2379,SNIa-SS/sn2003hu.p0008.dat,E,31.521043352304744,0.13,1.9228320421598775,0.39247549033252976,0.8031980279474703,1.0
2380,SNIa-CL/sn2006gt.p0002.dat,E,31.53065433222417,0.08,3.0,0.5877386486903974,1.5543134949794908,0.989276129032258
2381,SNIIn/sn2008fq.p0002.dat,E,31.534972001582624,0.09000000000000001,1.7281321010012747,0.0,0.44844569713178084,1.0
2382,SNIa-SS/sn2006S.m0005.dat,E,31.539622244970115,0.09000000000000001,3.0,0.5575413764680796,1.462104212261453,1.0
2383,SNIIn/sn1994ak.p0003.dat,E,31.547215255418884,0.09000000000000001,0.47601133954333175,1.1321455298988534,0.8118243156334499,0.955265220486891
2384,SNIa-CN/sn2005cf.m0004.dat,E,31.55287430866572,0.08,3.0,0.4845972595893941,1.4257163810041698,1.0
2385,SNIb/sn2005bf.m0024.dat,E,31.559187038208115,0.11000000000000001,1.0539545103581398,0.7185467148719287,0.8102697496619394,1.0
2386,SNIa-CN/sn2005el.m0005.dat,E,31.56334690553718,0.08,3.0,0.46734810813823735,1.3749123686610898,1.0
2387,SNIa-BL/sn2004ef.m0004.dat,E,31.56528054995662,0.09000000000000001,2.353690472727913,0.5572388313192019,1.2311600683693467,1.0
2388,SNIa-CL/sn2007hj.m0003.dat,E,31.565932957972112,0.09000000000000001,1.701364709172673,0.605805075643072,0.9565382065270843,1.0
2389,Gap/snLSQ13zm.p0022.dat,E,31.56757219156325,0.1,0.8420035935049572,0.4443810731786038,0.12845599344879088,1.0
2390,SNIIb/sn1996cb.m0001.dat,E,31.567783734377976,0.1,0.44606329245396353,0.6494805544856147,-0.30700447613279175,1.0
2391,SNIa-BL/sn1997bq.m0007.dat,E,31.568662935527197,0.1,2.5054628119088753,0.7465916412364622,1.6562379520631445,1.0
2392,SNIIb/sn1996cb.p0190.dat,E,31.574471442953723,0.13,0.7917416271533859,0.7770722863696636,0.5210319145359409,1.0
2393,SNIa-BL/sn2002cs.m0005.dat,E,31.574708103100143,0.1,2.048763246263928,0.6480452894295536,1.2410691118200556,1.0
2394,SNIa-BL/sn2007bm.m0009.dat,E,31.58231982359124,0.09000000000000001,1.0942499020026557,0.3916002701936238,0.25479202422129316,1.0
2395,SNIa-BL/sn1997E.m0004.dat,E,31.58758627751202,0.09000000000000001,1.6335061213964115,0.5273577548107269,0.9071312843480807,1.0
2396,SNIIn/snLSQ12heq.p0061.dat,E,31.588604484670817,0.09000000000000001,2.23729311735165,0.32033213328171506,0.9364747084394496,1.0
2397,SNIIn/sn1997cy.p0410.dat,E,31.599072580867745,0.1,0.2512056946579418,1.0764524617212565,0.10768546087192662,0.9912534310864164
2398,Gap/sn2007sv.p0010.dat,E,31.602118011671198,0.09000000000000001,0.9722671521479463,0.0,-0.23696367988592978,0.983284195864474
2399,SNIa-CL/sn2006kf.m0005.dat,E,31.605970426076958,0.09000000000000001,1.7129471222551982,0.5048171538319761,0.8148429347910697,1.0
2400,SNIIn/snOGLE-2013-SN-016.m0022.dat,E,31.606433291912523,0.09000000000000001,2.082322249548688,0.3827313553718535,0.8971829211003461,0.9619118518992806
2401,SNIc-bl/sn1998bw.m0002.dat,E,31.612764765451132,0.13,3.0,0.3449757974373066,1.4592267133423587,1.0
2402,SNIa-CN/sn1999ac.m0001.dat,E,31.61477335173824,0.13,2.767261695401267,0.6157022324700547,1.5670450009571617,1.0
2403,SNIa-SS/sn2005M.max.dat,E,31.615712586726204,0.13,3.0,0.5691907670993224,1.511202569237867,1.0
2404,SNIa-SS/sn2006gr.m0005.dat,E,31.621058005064654,0.09000000000000001,3.0,0.4083883523744966,1.295146211515187,1.0
2405,SNIa-CN/sn2002cr.m0006.dat,E,31.62838086089856,0.08,3.0,0.5178730784046495,1.4896569662038253,1.0
2406,SNIa-BL/sn2004fu.m0006.dat,E,31.634030785903853,0.1,1.0349045122866714,0.704544130614556,0.6224657079061551,1.0
2407,SNIa-BL/sn2004as.m0005.dat,E,31.637610714232842,0.09000000000000001,2.833390884392728,0.5259259634093401,1.4393602820781002,1.0
2408,SNIa-CL/sn2000dk.m0005.dat,E,31.646630718673304,0.09000000000000001,2.401288770231124,0.5341370277677405,1.284375537335141,1.0
2409,SNIIn/sn2006qq.p0072.dat,E,31.647902552332724,0.1,0.36507175860778285,0.623717054251836,-0.5337357882625366,1.0
2410,SNIa-SS/sn2001V.m0010.dat,E,31.64872822908193,0.13,3.0,0.5693943613297741,1.5787400066803456,1.0
2411,SNIa-CL/sn2007au.m0004.dat,E,31.64938859180416,0.09000000000000001,2.000708699846236,0.5722164254958794,1.0821494963827603,1.0
2412,SNIa-CN/sn2003ic.p0003.dat,E,31.651795253549526,0.1,2.254513001823482,0.0,0.6347590705666595,1.0
2413,SNIa-BL/sn2003kc.m0006.dat,E,31.65213958379988,0.1,1.88476470256093,0.7756832890917724,1.4010102542386325,1.0
2414,SNIa-SS/sn1999aa.m0006.dat,E,31.65259727582624,0.13,3.0,0.6589244064281924,1.5844780052219223,1.0
2415,SNIa-SS/sn1998es.m0010.dat,E,31.658353987518254,0.13,3.0,0.529046356669175,1.4948129980584794,1.0
2416,SNIa-CN/sn2004at.m0004.dat,E,31.686990390983524,0.09000000000000001,3.0,0.6110028548862525,1.6094493388043771,1.0
2417,SNIa-CL/sn2000dk.m0004.dat,E,31.693593423851034,0.09000000000000001,2.9184054572408544,0.5524647714921042,1.52460303752002,1.0
2418,SNIa-BL/sn2004fu.m0005.dat,E,31.693921410458945,0.1,0.6656829207667833,0.713586072590916,0.16374156681057794,1.0
2419,SLSN-II/sn2019cqc.p0009.dat,E,31.698688414046828,0.1,3.0,0.19492184759636957,0.9954211319035975,1.0
2420,SNIa-CL/sn2006bz.m0001.dat,E,31.69998486876592,0.13,0.7452139987531222,0.6695627687679644,0.307605799295975,1.0
2421,SNIa-CN/sn1994ae.p0087.dat,E,31.709652579884693,0.12000000000000001,0.6090317642812695,1.0741421882073174,1.0141547425398587,0.965371964809384
2422,SNIa-SS/sn2001eh.m0005.dat,E,31.71119556534806,0.13,3.0,0.6036437477300657,1.5563658127491746,1.0
2423,SNIa-CN/sn1998aq.m0009.dat,E,31.71223237550316,0.08,3.0,0.5834377783140604,1.5098505108822435,0.9944987683284456
2424,SNIIn/sn2005kj.p0155.dat,E,31.716536676654744,0.09000000000000001,0.3034913141669455,0.6697153924380284,-0.6534439231433126,1.0
2425,SNIIn/sn2005kj.p0157.dat,E,31.720427660095822,0.1,0.1596955831378958,0.712796985561905,-1.2289935639784986,1.0
2426,SNIc-bl/sn2003jd.m0002.dat,E,31.72211121566449,0.13,2.6970214155035714,0.3745146903273086,1.036458589386064,1.0
2427,SNIa-CSM/sn2012ca.p0292.dat,E,31.72283720557333,0.1,0.16389350299368274,1.0862869002064912,-0.11687380311119563,1.0
2428,SNIa-BL/sn2002cs.m0007.dat,E,31.726504713132933,0.1,1.5995100702684175,0.6676767622213334,1.0119637277992997,1.0
2429,SNIa-SS/sn1999gp.m0005.dat,E,31.730881698676484,0.13,3.0,0.5592091160145963,1.5086305759084522,1.0
2430,SNIa-CL/sn2002hw.m0005.dat,E,31.733930349954164,0.09000000000000001,0.953441887899266,0.6053968352396484,0.38252618335588323,1.0
2431,SNIc/sn2004aw.m0006.dat,E,31.734816385306605,0.13,2.6663261478417106,0.0,0.7805442302594581,1.0
2432,SNIa-CL/sn2006gt.p0001.dat,E,31.73543867041767,0.08,3.0,0.6067992947933397,1.5698942567722487,0.9907931964809384
2433,SNIa-SS/sn1998ab.m0008.dat,E,31.73925482313244,0.13,3.0,0.6004637749215587,1.598592042916644,1.0
2434,SNIa-SS/sn2008Z.m0005.dat,E,31.745047257250526,0.08,3.0,0.3773489113066794,1.2472917327477193,1.0
2435,Gap/sn2002bu.p0011.dat,E,31.759644391628214,0.1,1.1695288962834076,0.4885404730977054,0.494986777607917,1.0
2436,SNIa-SS/sn1998es.m0011.dat,E,31.760495179392553,0.13,3.0,0.4423005570141638,1.384015867198352,1.0
2437,SLSN-II/sn2019kwr.p0077.dat,E,31.766955409173747,0.09000000000000001,0.7279308302168183,0.3795054723601205,-0.025107448739990754,1.0
2438,SNIIb/sn1996cb.p0332.dat,E,31.776640455368295,0.13,0.2697205296839192,0.9074864991270452,-0.336714538929226,1.0
2439,SNIc/sn2004aw.p0228.dat,E,31.77868420304176,0.13,0.018489465650209213,1.1076436673861214,-2.0,1.0
2440,SNIa-CL/sn2006bt.p0006.dat,E,31.784539503791024,0.13,1.370008704760832,0.6381770528429219,0.8009855049538684,1.0
2441,SLSN-II/sn2019uba.p0062.dat,E,31.786626636395294,0.1,2.787009060233876,0.12592843093871747,1.055015481183878,1.0
2442,SNIIn/sn2008fq.p0007.dat,E,31.797566594563687,0.08,1.1156198204302097,0.0,0.003849193702424587,1.0
2443,SNIIn/sn2006qq.p0047.dat,E,31.807704847617778,0.1,0.3690808689536195,0.5956370229579996,-0.5223944623538126,1.0
2444,SNIa-CN/sn2003kf.m0008.dat,E,31.81201051092505,0.08,2.8841113619972845,0.20395917178553086,1.082482168546869,1.0
2445,SNIa-BL/sn2002dj.m0006.dat,E,31.81587147588897,0.1,1.2077126837683956,0.6106771480428541,0.6455153191412288,1.0
2446,SNII/sn2012aw.p0249.dat,E,31.821881766554327,0.09000000000000001,0.01813217752916643,1.089032314758044,-2.0,1.0
2447,SNIa-CSM/sn2002ic.p0306.dat,E,31.82301943472938,0.1,0.2109616432384706,1.0422452883337947,-0.048886843479756595,1.0
2448,SNIa-CL/sn1998de.m0005.dat,E,31.824340544673205,0.1,0.9155368647577503,0.7151615471132693,0.561747303175377,1.0
2449,SNIa-CSM/sn1999E.p0386.dat,E,31.824394942220238,0.09000000000000001,1.1114990253867563,0.004277521031129584,-0.08508695095208457,1.0
2450,SNII/sn2013am.p0008.dat,E,31.826039428034782,0.09000000000000001,0.5254139129646405,0.4541129309281198,-0.3751584375212985,1.0
2451,SNIIn/snOGLE-2013-SN-016.m0011.dat,E,31.827900871822862,0.09000000000000001,1.873058839299705,0.40907817920052475,0.7674894430812458,0.9619118518992806
2452,SNIIn/sn1998S.p0017.dat,E,31.828497632857502,0.11000000000000001,2.5993558939477803,0.7336995010281151,1.4816872564756096,0.9906637314616881
2453,SNIa-SS/sn2001V.m0012.dat,E,31.83272546764514,0.13,3.0,0.5607819264262035,1.5286672354304895,1.0
2454,SNIa-BL/sn1997bq.m0012.dat,E,31.841584938198142,0.11000000000000001,1.2459489066030016,0.8518288611923526,1.3417479594631976,1.0
2455,SNIa-CN/sn1997dt.m0011.dat,E,31.8482192746917,0.09000000000000001,1.309382325904177,0.20846407131236758,0.24089936206639712,1.0
2456,SNIb/sn2004gq.m0010.dat,E,31.851263765029223,0.13,1.6457910033843886,0.43694869235603956,0.6736868458035778,1.0
2457,SNIa-CL/sn2006bt.p0005.dat,E,31.85192597489333,0.08,3.0,0.6005965597942267,1.5791405456099536,1.0
2458,SNIa-SS/sn2001V.m0009.dat,E,31.85220197212017,0.13,3.0,0.5906747538359067,1.611444712945833,1.0
2459,SNIIn/sn1998S.p0096.dat,E,31.854370900600124,0.1,0.033663962038301846,1.02715051031398,-1.9230776309147912,1.0
2460,SNIc-bl/sn1998bw.m0006.dat,E,31.861736814067466,0.11000000000000001,2.6180648043262615,0.6243299101098699,1.6544450866554956,1.0
2461,SNIa-CSM/sn2012ca.p0318.dat,E,31.869205087147435,0.1,0.16424107988580672,1.0985494822308477,-0.026892981292289654,1.0
2462,SNIIn/snOGLE-2013-SN-016.m0017.dat,E,31.871377738333425,0.09000000000000001,2.925958863513268,0.3428370051483285,1.1943853202819317,0.9619118518992806
2463,SNIa-CN/sn2008Q.m0006.dat,E,31.871656111443478,0.09000000000000001,3.0,0.43424686111828426,1.3714922903368385,1.0
2464,SNIa-SS/sn1999aa.m0008.dat,E,31.8744236419777,0.13,3.0,0.6472671938121138,1.5612120393858178,1.0
2465,SNIa-CL/sn2007au.m0006.dat,E,31.87818192384252,0.09000000000000001,1.8832226985753264,0.5740418908924948,1.0170993497588752,1.0
2466,SNIa-CL/sn2006bt.p0003.dat,E,31.8828828652485,0.08,3.0,0.6283371305906995,1.5950858541845232,1.0
2467,SNIa-CN/sn2008Q.m0007.dat,E,31.885476626145426,0.09000000000000001,3.0,0.40116259196900317,1.3328756631586227,1.0
2468,SNIa-SS/sn1999dq.m0009.dat,E,31.886288074818673,0.13,2.4138182733090705,0.1770645815219128,1.060546256369224,1.0
2469,SNIIn/sn2005cp.p0201.dat,E,31.89454351993545,0.09000000000000001,0.03223220851711133,1.0231788640537707,-2.0,1.0
2470,SNII/sn2009N.p0158.dat,E,31.8960348772322,0.09000000000000001,0.024571590893689092,1.0773836850845406,-2.0,1.0
2471,SNIa-CN/sn1999ac.m0003.dat,E,31.896179261415448,0.13,3.0,0.6024971275140225,1.6367628545524473,1.0
2472,SNIa-CL/sn1998de.m0006.dat,E,31.896556052496106,0.1,0.8432538461827151,0.7136852395541383,0.4835097296561198,1.0
2473,SNII-flash/sn2014G.m0003.dat,E,31.89816396337243,0.1,3.0,0.689675848514666,1.5039971294072896,1.0
2474,SNIb/sn2005bf.m0023.dat,E,31.90214618942318,0.11000000000000001,1.411997278005284,0.7935074033413622,0.9731470829110032,1.0
2475,SNIa-BL/sn2007le.m0008.dat,E,31.902244800302157,0.1,0.639866528445223,0.6683501022844829,0.07175008069001204,1.0
2476,SNIIn/snOGLE-2013-SN-019.m0001.dat,E,31.91046542592989,0.09000000000000001,0.8360790647744215,0.5470902213120554,0.20065169052391535,1.0
2477,SNIc/sn2004gt.p0142.dat,E,31.913657029764817,0.13,3.0,0.6061052928403072,1.3835302180109668,1.0
2478,SNII-flash/sn2013fs.m0001.dat,E,31.918178874385234,0.09000000000000001,3.0,0.5898506274838604,1.7101027816362324,1.0
2479,SNIa-CL/sn2002dl.m0007.dat,E,31.918594039389244,0.09000000000000001,2.1536137093848464,0.21877423853697459,0.7932983887219576,1.0
2480,SNIc-bl/sn2003jd.m0003.dat,E,31.91916640867405,0.13,3.0,0.4294540925467755,1.1824303708466135,1.0
2481,SNIa-BL/sn1997bq.m0008.dat,E,31.9224692114679,0.11000000000000001,1.242663668747528,0.8460190753736921,1.1165698064866425,1.0
2482,SNIa-SS/sn2001V.m0011.dat,E,31.934650397327133,0.13,3.0,0.5390219907336323,1.52351906032547,1.0
2483,SNIa-SS/sn2008A.m0003.dat,E,31.937124166314256,0.1,2.807278800705064,0.38481303696293134,1.2126352795053674,1.0
2484,SNIa-BL/sn1997bq.m0011.dat,E,31.94138119782521,0.11000000000000001,0.7764259479186636,0.855400099936177,0.6048888031115064,1.0
2485,SNII/sn2005cs.p0012.dat,E,31.94601899454254,0.1,1.2345615461499282,0.7414848900635295,0.9483561435337549,1.0
2486,SNIa-BL/sn2002he.m0008.dat,E,31.962463594611435,0.1,2.187058025557808,0.7022631586500092,1.433847838806829,1.0
2487,SNIc-bl/sn2006aj.m0002.dat,E,31.963985111806807,0.13,3.0,0.052904849820641545,0.8938186328581219,1.0
2488,SNIa-BL/sn1997bq.m0009.dat,E,31.965243680491334,0.11000000000000001,1.294531944810124,0.8538309193149797,1.1690293659098523,1.0
2489,SNIa-CSM/sn2002ic.p0357.dat,E,31.970141985714903,0.1,0.19662977890846314,1.0826888159113988,0.01132333173098556,1.0
2490,SNIa-CL/sn2007ux.p0006.dat,E,31.97850764744317,0.08,2.3466396954878355,0.4074137049595518,1.0646445283280956,1.0
2491,SNIa-SS/sn2002hu.m0005.dat,E,31.98535023186994,0.07,3.0,0.6982932259424214,1.6900639075797865,1.0
2492,SNIa-BL/sn2003W.m0007.dat,E,31.98537491003035,0.11000000000000001,1.2508342190879358,0.7575984000460622,0.915563615350478,1.0
2493,SNIa-BL/sn1997do.m0008.dat,E,31.985930475745185,0.1,1.9038048182448615,0.6451427671036349,1.1857369966575568,1.0
2494,SNIa-BL/sn2007bd.m0009.dat,E,31.98834593319433,0.1,1.4220971998677348,0.6332696584878353,0.8112863753578279,1.0
2495,SNIa-CL/sn1999da.m0003.dat,E,31.992495554147485,0.08,2.4710144051374887,0.5327709754524489,1.341316695911238,1.0
2496,SLSN-II/sn2008es.m0005.dat,E,31.99386845178752,0.11000000000000001,3.0,0.6703312151862258,1.474921096317205,1.0
2497,SNIa-BL/sn2007bm.m0011.dat,E,31.997852943947816,0.09000000000000001,0.7995843073685285,0.5184930175637852,0.06393740990341018,1.0
2498,SNII/sn2013am.p0010.dat,E,32.00118729597741,0.09000000000000001,0.3401615884870445,0.5826647277756123,-0.6830275093202383,1.0
2499,SNIIn/sn2005cp.p0079.dat,E,32.00652729287422,0.1,0.7003405363940829,0.5909419708047755,0.14814337493169405,1.0
2500,SNIa-BL/sn1997bq.m0010.dat,E,32.00761183881676,0.11000000000000001,0.934175372397666,0.8558715782822873,0.8151059781776483,1.0
2501,SNIa-SS/sn1999aa.m0007.dat,E,32.0135615917973,0.13,3.0,0.6533514591179863,1.5730196092019868,1.0
2502,Gap/sn2019abn.p0025.dat,E,32.014943939380395,0.09000000000000001,0.22945330777604647,0.0,-2.0,1.0
2503,SNIa-CL/sn2006bt.m0000.dat,E,32.01672882400554,0.09000000000000001,3.0,0.5761639646155244,1.5157942489897889,1.0
2504,SNIa-SS/sn1999aa.m0009.dat,E,32.0255300531988,0.13,3.0,0.6412831797477623,1.5598810086155077,1.0
2505,SNIa-CN/sn1995D.p0004.dat,E,32.029542870501224,0.12000000000000001,0.6812881004961359,1.1320551716456229,1.1380643681822997,0.9600708504398826
2506,SNIIn/sn1998S.p0107.dat,E,32.046895899015276,0.1,0.0247652724592954,1.0599062244108113,-1.988001871530574,1.0
2507,SNIa-CL/sn2002fb.max.dat,E,32.0511251538317,0.13,0.6574988710504459,0.6534050170542158,0.1473355207551953,1.0
2508,SNIIb/sn1998fa.m0006.dat,E,32.052938084774745,0.1,0.8820032269093323,0.6320381438189374,0.26068589099613,1.0
2509,SLSN-II/sn2013hx.m0001.dat,E,32.053436365300016,0.1,3.0,0.5821212412850322,1.381292261576711,1.0
2510,SNIIn/snLSQ12hxg.p0060.dat,E,32.056530779720624,0.1,2.9247770270928592,0.4818308201654147,1.4199096729459515,1.0
2511,SNIa-BL/sn2002dj.m0010.dat,E,32.06245693678744,0.11000000000000001,0.6883021307557654,0.6198905695179249,0.06879144321038962,1.0
2512,SNIa-CN/sn2004at.m0005.dat,E,32.0663980432066,0.08,3.0,0.5987739858775847,1.5933645351361738,1.0
2513,SNIa-BL/sn2004as.m0007.dat,E,32.06829794359656,0.1,1.4021831774860967,0.7204406310579782,0.9853021368079516,1.0
2514,SNIa-CN/sn2005cf.m0012.dat,E,32.06846524515721,0.13,0.8929213082632101,0.7636363434726681,0.6160529228806726,1.0
2515,Gap/sn2007sv.p0040.dat,E,32.07637870978165,0.1,0.49428821153057506,0.14388602199025358,-0.8134903727584364,1.0
2516,SNIIn/sn2006bo.p0021.dat,E,32.07956357809371,0.09000000000000001,1.8927985004149361,0.01217400897832097,0.5666003619213991,1.0
2517,SNIIn/sn1996L.p0009.dat,E,32.07977198444678,0.12000000000000001,0.03134174492110551,1.273738715208793,-1.1790213202921573,0.9512085436712019
2518,SNIa-CSM/sn2012ca.p0349.dat,E,32.08714704730697,0.1,0.18533225961135946,1.1096090618325363,0.16378138275991358,1.0
2519,SNIIb/sn1993J.p0016.dat,E,32.09364230910614,0.1,0.05974959997739161,0.7897283440695729,-2.0,1.0
2520,SLSN-IIn/snPTF10fel.p0003.dat,E,32.094722643814904,0.11000000000000001,0.6172723552772174,0.7956331015034943,0.2017024315351272,1.0
2521,SNIa-BL/sn2007le.m0007.dat,E,32.106181157379076,0.1,0.7959129888117459,0.7099704918401736,0.3573493792667213,1.0
2522,SNIa-CL/sn2006bt.p0001.dat,E,32.11096466951679,0.09000000000000001,3.0,0.6554457867471275,1.6252912700116704,1.0
2523,SNIa-CL/sn2006bt.m0003.dat,E,32.11391483907796,0.09000000000000001,3.0,0.5764564755052978,1.5089979636757114,1.0
2524,SNIa-BL/sn2002dj.m0007.dat,E,32.12616941184068,0.1,0.978417587250985,0.6742304117791434,0.5182019379419935,1.0
2525,SNIa-SS/sn1999dq.m0010.dat,E,32.1269232243267,0.13,2.2995550954712525,0.26811113324175684,0.9216478593483145,1.0
2526,SNIa-BL/sn2004as.m0006.dat,E,32.13085675423025,0.09000000000000001,2.117897810056078,0.5858169004134197,1.213770563209624,1.0
2527,SNIb/sn2004gq.m0006.dat,E,32.140796400936814,0.12000000000000001,1.0935071844326203,0.6209266971643844,0.47575219214559256,1.0
2528,SNIa-CL/sn1999by.m0005.dat,E,32.14187469166902,0.11000000000000001,0.15262744231856534,1.170545683893139,-0.07637965039605085,0.9625832551319646
2529,SNIa-CL/sn2006gt.p0003.dat,E,32.152429030071396,0.08,3.0,0.6135049522435296,1.598522542100126,0.9903276246334309
2530,SNIa-BL/sn2003kc.m0008.dat,E,32.15455926261083,0.1,1.3019065745999236,0.5835870339958508,0.6944907369933142,1.0
2531,SNIa-CL/sn2006bt.m0001.dat,E,32.1602395055188,0.09000000000000001,3.0,0.5772321257138723,1.5129916479866896,1.0
2532,SNII/sn2005cs.p0123.dat,E,32.178077258391426,0.09000000000000001,0.026319810771735747,0.9329561619016603,-2.0,1.0
2533,SNIa-BL/sn2002cu.m0008.dat,E,32.17878033723354,0.1,1.0285361736670242,0.7959552989949756,0.7846596420034184,1.0
2534,SNIa-CN/sn2005iq.m0006.dat,E,32.18157254669984,0.09000000000000001,3.0,0.6288318285102331,1.569297458268655,1.0
2535,SNIIn/sn2003G.m0007.dat,E,32.18232016535675,0.1,1.4220802730666922,0.7539871108804269,1.1357456512415036,1.0
2536,SNIIn/sn1999Z.p0003.dat,E,32.182523132160384,0.09000000000000001,0.8341296404594871,0.554950627750332,0.10912393711338704,1.0
2537,SNIa-CSM/sn2016iks.m0074.dat,E,32.18744661609455,0.1,2.8304021312857315,0.6620833285047399,1.6140561415236212,1.0
2538,SNIIn/sn1998S.p0024.dat,E,32.18893011502242,0.12000000000000001,2.2164156142400055,0.3887197421228121,1.1006881487322302,0.9970156068420055
2539,SNIa-CL/sn2007ci.m0007.dat,E,32.193658288563796,0.09000000000000001,2.7641522303156694,0.6623615575869745,1.5598546311741959,1.0
2540,SNIa-CN/sn1994D.m0008.dat,E,32.19517026058929,0.09000000000000001,3.0,0.41280399304679727,1.3989291935793255,1.0
2541,SLSN-IIn/snPTF10fel.p0095.dat,E,32.19601807140361,0.1,0.2679038526880862,0.7642889097326824,-0.5545836357492555,1.0
2542,SNIa-BL/sn2002dj.m0011.dat,E,32.19752560516635,0.11000000000000001,0.15100254314719996,0.8146953969293456,-1.194010545671404,1.0
2543,SNIa-CN/sn2008ar.m0007.dat,E,32.20398668166323,0.09000000000000001,2.5441793327499935,0.37443453952847244,1.114093007666013,1.0
2544,SNIc-bl/sn1998bw.p0334.dat,E,32.20433907600509,0.13,0.039937667211857326,1.112393955616461,-1.155389239199838,1.0
2545,SLSN-II/sn2018lqi.p0028.dat,E,32.20674255698771,0.09000000000000001,2.92521919225636,0.0,0.9399323384886482,1.0
2546,SNIa-CN/sn2004fz.m0007.dat,E,32.21856688629508,0.08,3.0,0.49055504785510523,1.410915396493603,1.0
2547,SNIa-CN/sn1999ac.m0004.dat,E,32.2188869841913,0.13,3.0,0.617454072431988,1.672053839344036,1.0
2548,SNIc-bl/sn2006aj.m0006.dat,E,32.219389366306345,0.1,3.0,0.3060067790685113,1.0511838126976933,1.0
2549,SNIIn/sn2000P.p0058.dat,E,32.226883332077655,0.1,0.17210511824668598,0.916283443789308,-0.7621831676079899,1.0
2550,SNIIn/sn1999el.max.dat,E,32.22776318729626,0.09000000000000001,0.43387355937220246,0.5708574705082204,-0.4620984425468044,1.0
2551,SNIa-BL/sn2003W.m0006.dat,E,32.230660699966705,0.11000000000000001,0.858428825145653,0.6294699802735845,0.3067885524835533,1.0
2552,SNIc-bl/sn2006aj.m0003.dat,E,32.23642826748249,0.13,3.0,0.2040439655989145,0.9594426281621502,1.0
2553,SNIa-SS/sn2008ae.m0001.dat,E,32.23984696903645,0.1,2.103863531859727,0.33430008556113017,0.8675205772383214,1.0
2554,SNIa-CL/sn2007ci.m0008.dat,E,32.24211138248697,0.09000000000000001,2.1498986761850327,0.6422196100403581,1.2610057719545817,1.0
2555,SNIIb/sn2008ax.p0306.dat,E,32.24894500555207,0.13,0.056439573343142264,0.976401196710979,-1.573723670346392,1.0
2556,SNIa-CN/sn2008ar.m0008.dat,E,32.251748287166805,0.09000000000000001,2.367175432553383,0.4836949297026793,1.1790330471188644,1.0
2557,SNII/sn2002gd.p0005.dat,E,32.25426146196642,0.1,3.0,0.4778183095268996,1.475967249839125,1.0
2558,SNIa-SS/sn1999aa.m0010.dat,E,32.256370890414445,0.13,3.0,0.6469213853909485,1.5654611920753205,1.0
2559,SNIIb/sn1993J.p0019.dat,E,32.262021497620275,0.1,0.05664277902668031,0.8092681415163193,-2.0,1.0
2560,SNIb/sn2004gq.m0008.dat,E,32.26274710701378,0.12000000000000001,1.1031164123881594,0.6479964382615242,0.5261919492035421,1.0
2561,SLSN-II/sn2019cqc.p0010.dat,E,32.26290943177538,0.13,1.1816159844545773,0.9405475046812629,0.8132280897576121,0.9553934302011117
2562,SNIc-bl/sn1998bw.m0003.dat,E,32.26741450208081,0.13,1.7850592053807282,0.48307004879087995,1.0466411265870574,1.0
2563,SNIa-SS/sn2006gz.m0012.dat,E,32.26874053343752,0.09000000000000001,2.8422069243259487,0.31974024231380144,1.121716878301485,1.0
2564,SNIc-bl/sn2002ap.p0181.dat,E,32.272793880144356,0.13,0.029552305203156253,1.1451049160155156,-0.9429290030019198,1.0
2565,SNIa-CL/sn2001ex.m0004.dat,E,32.27520471257148,0.08,2.1345252761012814,0.588944735987333,1.1964730388102767,1.0
2566,SNII/sn1999br.p0014.dat,E,32.27584021102948,0.1,1.0560547447797843,0.6354558997296157,0.6341846355574916,1.0
2567,SNIIn/sn2005ip.p0018.dat,E,32.28495322910196,0.1,0.4970099677740148,0.662315292913942,-0.20718676091632565,1.0
2568,SNIIn/sn1999el.m0005.dat,E,32.285451272468094,0.09000000000000001,0.4006442439557434,0.6130230888023497,-0.4855241863084358,1.0
2569,SNIa-CL/sn2007au.m0005.dat,E,32.29130178596399,0.09000000000000001,1.5763305203044207,0.635421491745833,0.908558162552797,1.0
2570,SNIIn/sn2005gl.m0013.dat,E,32.29855543797349,0.1,3.0,0.5143824657333153,1.4900678262456832,1.0
2571,SLSN-I/snPTF12dam.p0215.dat,E,32.29900901246452,0.11000000000000001,1.204366570167939,0.7376705704397716,0.6831925729350873,1.0
2572,SNIa-SS/sn2003fa.m0010.dat,E,32.302879219713546,0.13,3.0,0.6009372107390719,1.551812562837322,1.0
2573,SNIIn/sn2000P.p0014.dat,E,32.311876576215155,0.1,2.3971962106100007,0.5562618369048113,1.1336762489937091,1.0
2574,Gap/snLSQ13zm.p0013.dat,E,32.31999294055585,0.1,2.2750396690578403,0.494988562363851,1.060254036299832,1.0
2575,SNIa-BL/sn2002cu.m0006.dat,E,32.32092602172261,0.1,1.211582861055602,0.776119062023568,0.9367377871318232,1.0
2576,SNIa-CN/sn2002cr.m0008.dat,E,32.332243408834756,0.09000000000000001,2.682555668674014,0.6342049654512862,1.5413150942728646,1.0
2577,SNIa-SS/sn2005hk.m0001.dat,E,32.333578878667176,0.1,2.6071005627776955,0.5510630010702895,1.373539834651495,1.0
2578,SNIc-bl/sn1998bw.m0007.dat,E,32.33769102421775,0.11000000000000001,3.0,0.7339828263464938,1.941216634942704,1.0
2579,SLSN-IIn/snPTF10tpz.p0001.dat,E,32.341806575953406,0.1,0.3553531307893731,0.37107554559219114,-0.9244083942354498,1.0
2580,SNIa-CN/sn2006ax.m0006.dat,E,32.34795100740182,0.08,3.0,0.5940461502832547,1.5434387221370698,1.0
2581,Gap/sn2002bu.p0040.dat,E,32.35218157261658,0.1,0.7944132984117224,0.3360580781915775,0.024312348586780615,1.0
2582,SLSN-II/sn2019uba.p0039.dat,E,32.35633616048498,0.1,3.0,0.34724448954846715,1.0497040209782935,1.0
2583,SNIIb/sn1993J.p0234.dat,E,32.36564676905493,0.13,0.0406483212565007,1.1224967469460763,-1.3252707769697034,1.0
2584,SNIa-BL/sn2006cp.m0009.dat,E,32.37680811833619,0.1,1.0262023992421092,0.8279915178230879,0.8317315619390492,1.0
2585,SLSN-II/sn2020bfe.m0022.dat,E,32.38011673187438,0.1,3.0,0.40145946877027916,1.4009317732537683,1.0
2586,SNIIn/sn2015da.m0027.dat,E,32.38124864916252,0.1,0.09995754544030883,0.7640195207456519,-1.7651539684294526,1.0
2587,SNIIb/sn2000H.p0015.dat,E,32.382129052644245,0.1,0.09846110655372858,0.6992201384722524,-1.8393197915853854,1.0
2588,SNIa-BL/sn2002dj.m0008.dat,E,32.38313627282807,0.1,0.7855026686430974,0.7030131174031087,0.3347057776158436,1.0
2589,SNII-flash/sn2013fs.max.dat,E,32.384056459473435,0.11000000000000001,3.0,0.724990479992879,1.7959816583276391,1.0
2590,SNII/sn2013am.p0004.dat,E,32.38415362820897,0.09000000000000001,1.3623523905818464,0.11373062138801988,0.2448324983749575,1.0
2591,SNIa-CN/sn2005cf.m0005.dat,E,32.384694146020585,0.08,3.0,0.4888172932896752,1.4443360133654373,1.0
2592,SNIa-SS/sn2006S.m0006.dat,E,32.38622988840793,0.09000000000000001,3.0,0.5589990471410163,1.4747575871050995,1.0
2593,SNIa-CL/sn1999by.m0004.dat,E,32.38679827894367,0.09000000000000001,3.0,0.5198158057140524,1.5090465561340185,1.0
2594,SNIIn/sn2000eo.m0002.dat,E,32.38922616859208,0.1,3.0,0.5968792620613794,1.426349941754208,1.0
2595,SNIa-SS/sn2008ae.m0000.dat,E,32.3898365172115,0.1,1.9496668772917118,0.3982580281747184,0.8609741294021189,1.0
2596,SNII-flash/sn2014G.m0001.dat,E,32.39402840136536,0.11000000000000001,3.0,0.5321591862930105,1.3361315761604473,1.0
2597,SNIa-SS/sn2008Z.m0006.dat,E,32.40141161270622,0.08,3.0,0.38080156449555375,1.2624558838061546,1.0
2598,SNIa-BL/sn2004as.m0008.dat,E,32.401640886518464,0.1,1.1781534827567315,0.7565127970978448,0.8608674055534971,1.0
2599,SNIIn/sn1996L.p0035.dat,E,32.40187607150681,0.12000000000000001,0.01,1.347813484660301,2.0,0.9512085436712019
2600,SNIa-SS/sn2005hk.m0002.dat,E,32.40205467334026,0.11000000000000001,2.9165369136926262,0.5556345240898962,1.4926379400864678,1.0
2601,SNII-flash/sn2013fs.p0001.dat,E,32.40403215745251,0.11000000000000001,2.9544306245056897,0.7070757633397304,1.7691698939785419,1.0
2602,SLSN-II/snCSS121015.p0407.dat,E,32.408431126545956,0.07,0.3298928186928108,0.3627391583544086,-1.0343696749102054,0.9987628680038161
2603,SNIIn/sn2005db.m0018.dat,E,32.41048164094383,0.09000000000000001,0.33658782161728334,0.5201758311084884,-0.7490692374893193,1.0
2604,SNIa-CN/sn1998aq.m0010.dat,E,32.4158404484634,0.08,3.0,0.6453349032143709,1.6674010204141827,1.0
2605,SNIa-CL/sn1999by.m0003.dat,E,32.41631506487594,0.09000000000000001,2.208627443330028,0.4754006310703277,1.4824384291535944,1.0
2606,SNIb/sn2004gq.m0009.dat,E,32.41930988358923,0.13,1.3531806821834118,0.534603103222169,0.5842328534406879,1.0
2607,SNIb/sn2005bf.m0025.dat,E,32.42386726154457,0.11000000000000001,1.138386006657401,0.8390415044115919,0.8359716300444431,1.0
2608,SNIIn/sn1999el.m0004.dat,E,32.42752848968682,0.09000000000000001,0.4048887000002993,0.6368208584407945,-0.4486628633338,1.0
2609,SNIb/sn2008D.m0014.dat,E,32.42826012367706,0.13,0.4052515567073852,0.36197719077055984,-0.739748860489477,1.0
2610,SNIa-CL/sn2002dl.m0008.dat,E,32.42989587458163,0.09000000000000001,2.473957211277762,0.5084526471424262,1.275019354964565,1.0
2611,SNIb/sn2004gq.m0007.dat,E,32.43557074284568,0.12000000000000001,1.0420194759674413,0.693876656234849,0.5373049891883829,1.0
2612,SNIIb/sn1993J.p0346.dat,E,32.452116467973916,0.13,0.2633597265074492,1.05243610001252,0.1417934867116636,0.999668022864829
2613,SNIIn/sn2007pk.p0004.dat,E,32.45398720465284,0.1,3.0,0.6788798170799484,1.625532837170169,1.0
2614,SNIa-BL/sn2006ot.m0000.dat,E,32.454692711766384,0.1,1.311318576402046,0.8072822672267346,1.0340832322597884,1.0
2615,SLSN-I/snPTF13ajg.m0004.dat,E,32.45750461279745,0.13,3.0,0.8023646278780591,1.4315694472034612,1.0
2616,SNIa-CSM/snPTF12efc.m0024.dat,E,32.46056141081597,0.1,3.0,0.7555350022818648,1.39802369449558,1.0
2617,SNIIn/sn1988Z.p1819.dat,E,32.46543082000048,0.12000000000000001,0.01,1.3468861703784085,2.0,0.9556292990638636
2618,Gap/snLSQ13zm.m0006.dat,E,32.46738877954722,0.1,3.0,0.5883899578324517,1.5396343435242157,1.0
2619,SNIa-SS/sn2006gz.m0008.dat,E,32.469108592335544,0.09000000000000001,3.0,0.5553645987828517,1.4722545282957047,1.0
2620,SNIIn/sn2000eo.m0004.dat,E,32.470376147017134,0.1,3.0,0.5313381297803131,1.3469026029408968,1.0
2621,SNIIn/sn1995G.p0234.dat,E,32.47587265948149,0.11000000000000001,0.01,1.256843933669164,-2.0,0.9645570041809508
2622,SLSN-I/snPTF12dam.p0165.dat,E,32.480529761343,0.11000000000000001,0.9072963367773134,0.7757475209217201,0.4565629163403352,1.0
2623,SNIIn/sn2000eo.m0001.dat,E,32.48654346299071,0.1,2.874156390704654,0.5504865402493531,1.3014052282325526,1.0
2624,SNIIn/sn2005ip.p0020.dat,E,32.488408315317436,0.1,0.11734963591794728,0.7442713580617479,-1.4838401803774683,1.0
2625,Gap/sn2017be.p0013.dat,E,32.49320043367093,0.1,0.7932780090717847,0.4907409414196932,0.14584875226954547,1.0
2626,SNIIn/sn1997eg.p0299.dat,E,32.51254176451886,0.1,0.025666470729119307,1.1061406901787467,-1.968521701237893,1.0
2627,SLSN-II/sn2020bfe.p0215.dat,E,32.51672742425394,0.1,0.026586139700627825,1.107134276908178,-1.6856038335763035,1.0
2628,SNIa-SS/sn2002cx.m0002.dat,E,32.52664211176347,0.07,3.0,0.6369356685355106,1.6421547071943332,1.0
2629,SNII/sn2004et.p0154.dat,E,32.53347067248675,0.09000000000000001,0.019280285362915973,1.0972326998814663,-2.0,1.0
2630,SNIb/sn2005bf.m0029.dat,E,32.53496567029802,0.11000000000000001,0.7280292661228218,0.9035224643727491,0.536462386505575,1.0
2631,SNIc/sn2004aw.p0252.dat,E,32.53783521858365,0.13,0.018439612376217638,1.1452128398339243,-2.0,1.0
2632,SNIIn/snLSQ12hxg.p0020.dat,E,32.537896959811604,0.09000000000000001,3.0,0.705454313446,1.3878151354831263,1.0
2633,Gap/sn2017be.p0040.dat,E,32.54010442455995,0.1,0.4182903515994312,0.4971564500664486,-0.6134793504986481,1.0
2634,SLSN-II/sn2013hx.p0000.dat,E,32.55153014714801,0.1,3.0,0.5980125392678739,1.4085571136779216,1.0
2635,SNIa-SS/sn2005eu.m0007.dat,E,32.55221440105419,0.08,3.0,0.10846359582732448,0.9780210816612379,1.0
2636,SNIa-SS/sn2005eu.m0005.dat,E,32.55248076408784,0.08,3.0,0.4326409836683656,1.2894114515741941,1.0
2637,SNIIn/sn2005ip.p0019.dat,E,32.56171500380902,0.1,0.3551990267368737,0.7453130972597208,-0.36615180172844786,1.0
2638,SLSN-I/sn2012il.p0015.dat,E,32.56598125911753,0.07,3.0,0.5097013064352726,1.281872857324172,1.0
2639,SNIIn/sn2000eo.max.dat,E,32.56842268370216,0.1,3.0,0.5502236605247267,1.3550266594374776,1.0
2640,SNIIn/sn2005db.p0129.dat,E,32.572574014103864,0.09000000000000001,3.0,0.16311314255865783,1.2595498865473536,0.9984825891281872
2641,SNIa-CN/sn2003du.m0010.dat,E,32.57842525855267,0.09000000000000001,3.0,0.622229966015809,1.6597359719170526,1.0
2642,SNIa-BL/sn2006cp.m0011.dat,E,32.578806938521716,0.11000000000000001,0.5777970410882379,0.9206778248372882,0.4506491071143566,1.0
2643,SNIIb/sn1993J.m0017.dat,E,32.581814841749924,0.11000000000000001,1.7035798785064364,0.6626983824417314,0.9625396460730007,1.0
2644,SNIIn/sn1998S.p0026.dat,E,32.584030929947595,0.11000000000000001,1.817314284616566,0.588208836822422,0.9708026093152528,1.0
2645,SNIa-SS/sn2001V.m0013.dat,E,32.584862033567205,0.13,2.4441788235802537,0.5184716832898867,1.2891821902278764,1.0
2646,SNIa-CN/sn2003du.m0009.dat,E,32.589527062063205,0.08,3.0,0.6337803281698448,1.6817332266319514,1.0
2647,SNII/sn1987A.p1049.dat,E,32.59868272467898,0.11000000000000001,0.01,1.3304768024327835,2.0,0.9645570041809508
2648,SNIa-BL/sn2005am.m0003.dat,E,32.60305687774115,0.09000000000000001,2.1775291183500154,0.6863990061914905,1.3939487028322999,1.0
2649,SNIa-BL/sn2006cp.m0008.dat,E,32.604382815943445,0.1,0.8832670400746202,0.8549095463218714,0.7310502190020697,1.0
2650,SLSN-I/snSSS120810.p0009.dat,E,32.60893798349693,0.09000000000000001,3.0,0.5100994692848254,1.2507562266801484,1.0
2651,SNIIn/snASASSN-14il.m0011.dat,E,32.612398771684234,0.09000000000000001,2.1055151936129053,0.6863413202487301,1.420492348538425,1.0
2652,SNIIb/sn2008bo.p0107.dat,E,32.616227293903236,0.1,0.14547185000720433,0.9669909706180775,-0.7429455351745748,1.0
2653,SNII/sn2006ov.p0197.dat,E,32.61755906798134,0.1,0.027544786774658197,1.0562975551701876,-2.0,1.0
2654,SNIa-SS/sn2008Z.m0007.dat,E,32.62100423944521,0.07,3.0,0.35970571245408767,1.243911775250965,1.0
2655,SNIa-SS/sn2007cq.m0004.dat,E,32.6235763486268,0.13,3.0,0.6280057236173773,1.5423334774980018,1.0
2656,SNIIn/sn2010jl.p0041.dat,E,32.63094309889214,0.09000000000000001,0.36982095433151096,0.8184995625767365,-0.011354746228956412,1.0
2657,SNII-flash/sniPTF15crj.p0006.dat,E,32.633721169745215,0.1,0.45022743996131626,0.6749730287540001,-0.25577325154305125,1.0
2658,SNIa-CL/sn2007fb.p0100.dat,E,32.64045323687022,0.11000000000000001,0.18468101653962665,0.8741848648785604,-0.8226720620525525,1.0
2659,SNIb-pec/sn2009er.m0002.dat,E,32.647634552188684,0.13,1.6168551175674264,0.5776592491683049,0.7361478102583563,1.0
2660,SNIIn/sn2005kj.p0035.dat,E,32.64855782637167,0.1,1.9556974607196604,0.48935004403576515,1.072195676871259,1.0
2661,SNIa-BL/sn2003U.m0009.dat,E,32.6495371797438,0.09000000000000001,1.8763213918691684,0.6519976425427194,1.2806090229383007,1.0
2662,SNII/sn2005cs.p0008.dat,E,32.64985920114314,0.11000000000000001,1.1137209998277684,0.8065280639498608,0.9650586634660725,1.0
2663,SLSN-II/sn2020hgr.p0008.dat,E,32.664417005845785,0.1,2.7511499096025096,0.6013193881222584,1.2445523765103315,1.0
2664,SNIIn/snLSQ12hxg.p0048.dat,E,32.66646497268783,0.09000000000000001,3.0,0.43804493821995916,1.4183511294818159,1.0
2665,SNIIn/sn2005kj.p0032.dat,E,32.6706223985165,0.1,1.9732253601757042,0.5109168719161254,1.1269464846909905,1.0
2666,Gap/sn2001ac.p0009.dat,E,32.68282910802647,0.09000000000000001,2.3214737948017232,0.0,0.8112261546346007,1.0
2667,SNIIn/sn2000P.p0045.dat,E,32.68354995778541,0.1,0.21331997319001167,0.8903349383168048,-0.6193545131655976,1.0
2668,SNIIb/sn1998fa.m0005.dat,E,32.68887342234018,0.1,0.49616953605376274,0.7702657130304552,-0.07284280045125684,1.0
2669,SNIa-SS/sn2005hk.m0003.dat,E,32.69594973487675,0.11000000000000001,2.402619238019714,0.662922877805335,1.443391540420607,1.0
2670,SNIIb/sn1993J.p0278.dat,E,32.6963783060551,0.13,0.06915444974466002,1.1237111790527234,-0.6944087885174798,1.0
2671,SNIa-BL/sn2006cp.m0010.dat,E,32.70231620772166,0.11000000000000001,0.5851097093849394,0.9343955234229506,0.49563457415963064,1.0
2672,SLSN-IIn/snPTF10qaf.p0032.dat,E,32.70943688581279,0.1,0.46704486015973334,0.6989607632290236,-0.13636661816232273,1.0
2673,SNIa-CSM/sn2011km.p0363.dat,E,32.70983056149521,0.1,0.20437341847005697,0.936815015839832,-0.48885584558784567,1.0
2674,SNII/sn2002gd.p0003.dat,E,32.71810553865558,0.1,3.0,0.5195711653862845,1.5493934747866642,1.0
2675,SNIa-SS/sn2006gz.m0011.dat,E,32.72015853831212,0.09000000000000001,2.719799965540022,0.4857443127090172,1.281955875038472,1.0
2676,Gap/snLSQ13zm.p0578.dat,E,32.727163593339675,0.1,0.19083345464922416,0.9332866028639669,-0.5804940193787762,1.0
2677,SNIa-SS/sn2003fa.m0007.dat,E,32.73939139889264,0.07,3.0,0.6192401873393442,1.5760029890602258,1.0
2678,SNIIn/sn2005kj.p0033.dat,E,32.73944914949191,0.1,1.9064029796025654,0.4954523477271395,1.0539494743285212,1.0
2679,SNIIn/sn2003G.max.dat,E,32.7418548048602,0.1,0.7752559728627527,0.843264050742052,0.6303377599769948,1.0
2680,SNIa-BL/sn2001ep.m0007.dat,E,32.7491932909937,0.09000000000000001,1.3013378223453234,0.6247430534516416,0.7526415472137303,1.0
2681,SNIa-CN/sn2002cr.m0011.dat,E,32.750757067437426,0.09000000000000001,3.0,0.6635422505479737,1.7550824026456047,1.0
2682,SNIIn/sn1998S.p0136.dat,E,32.75649118696899,0.09000000000000001,0.020822821990996276,1.084290167001798,-2.0,1.0
2683,SNIa-BL/sn2003W.m0008.dat,E,32.756614610773525,0.11000000000000001,0.5819793472003685,0.8251147322416055,0.23737776317719744,1.0
2684,SNIIn/sn1998S.p0028.dat,E,32.763482558073804,0.09000000000000001,3.0,0.29534102724165684,1.0842733574007115,1.0
2685,SNIIn/sn2006qq.p0073.dat,E,32.77107002529403,0.09000000000000001,1.1077767764449025,0.3223265808255205,0.22289797794254756,1.0
2686,SNIIn/sn2015da.p0048.dat,E,32.773163217425775,0.1,0.05033561065934966,0.9412097840734565,-2.0,1.0
2687,SNIa-SS/sn2003fa.m0008.dat,E,32.78201588021431,0.13,2.63903277032153,0.6043333810332133,1.4315800368459999,1.0
2688,SNIIb/sn2008ax.m0018.dat,E,32.7892024580321,0.11000000000000001,0.04464523383965285,0.9547852944818318,-2.0,1.0
2689,SNIIb/sn1993J.p0924.dat,E,32.79510357731834,0.09000000000000001,0.6464069240497352,0.877260834532663,0.4316156980217581,1.0
2690,SNII/sn2012aw.p0011.dat,E,32.79667157811352,0.1,3.0,0.6749119313034947,1.5918826479169035,1.0
2691,SNIIn/sn1999el.m0003.dat,E,32.79727240208598,0.09000000000000001,0.2774508633976898,0.6755105058948628,-0.7055554301524646,1.0
2692,SNIa-BL/sn2007bd.m0008.dat,E,32.800488442447275,0.1,0.9559701966656174,0.8488716240219832,0.7807207285973061,1.0
2693,SLSN-IIn/snPTF10jwd.p0005.dat,E,32.80133055610143,0.1,1.5533428630368948,0.6189826551803346,0.6399914369929489,1.0
2694,Gap/sn2000ch.p3296.dat,E,32.80185504800681,0.09000000000000001,0.3529137946406553,0.9865149521459358,0.06844888552982345,1.0
2695,SNII-flash/sn2014cn.max.dat,E,32.80334903942862,0.1,3.0,0.6887048785194498,1.8382024758469682,1.0
2696,SNIIn/sn1998S.p0256.dat,E,32.80470919449096,0.1,0.03719762132326306,1.057164574199975,-1.8606507762073061,1.0
2697,SLSN-I/sn2005ap.m0003.dat,E,32.810920267170424,0.11000000000000001,3.0,0.9045823168619505,1.682040455527474,1.0
2698,SNIIn/sn1998S.p0003.dat,E,32.813053627241615,0.1,3.0,0.6823315092953111,1.961560125997729,0.9869267916327665
2699,SNIa-CN/sn2004at.m0009.dat,E,32.81381813263572,0.09000000000000001,3.0,0.5432703901857685,1.5413014242321776,1.0
2700,SNII/sn2006bp.p0033.dat,E,32.81754336196571,0.09000000000000001,0.2814437734902609,0.5865123973328458,-0.8139599780338093,0.9575449217526346
2701,Gap/sn2017be.p0007.dat,E,32.81844194648092,0.1,0.46740506257503206,0.6999162083257658,-0.13372774381256797,1.0
2702,SNIc-bl/sn2002ap.p0234.dat,E,32.8190336600535,0.13,0.02577452285299797,1.1782242305943738,-0.7954895778316922,1.0
2703,SLSN-IIn/snPTF10tpz.p0037.dat,E,32.82410845666603,0.1,0.16896403435085774,0.7083770606781872,-1.2758897509884923,1.0
2704,SNIa-BL/sn2003W.m0009.dat,E,32.82479610342696,0.11000000000000001,0.5076520096505595,0.8416700746833703,0.13037207107567717,1.0
2705,SNIIn/sn2005kj.p0133.dat,E,32.82800826314017,0.1,0.1893739016871851,0.729832630021045,-0.9825028653628436,1.0
2706,SNIIn/sn1988Z.p2917.dat,E,32.830235753021924,0.12000000000000001,0.01,1.3413423173155823,2.0,0.960058900388066
2707,SNIIn/sn2006aa.p0024.dat,E,32.84696358792109,0.1,0.8045296631037773,0.8137104131199124,0.6835259917158409,1.0
2708,SNIc-bl/sn2006aj.m0005.dat,E,32.854494975178575,0.11000000000000001,1.5450607716106703,0.666010425898122,0.7764143391381209,1.0
2709,SNIIn/sn1998S.p0257.dat,E,32.85566405354786,0.1,0.04277220442313798,1.021090898750086,-1.8480264982131713,1.0
2710,SNIa-CN/sn2003kf.m0009.dat,E,32.862151676600945,0.09000000000000001,1.3892776639021218,0.4709065029998774,0.9668330646448429,1.0
2711,SNIIn/sn2010jl.p0046.dat,E,32.87436751611482,0.1,0.2125798647430463,0.9726847103576759,-0.4114262326343672,1.0
2712,SNIa-SS/sn2008A.m0004.dat,E,32.8756921300828,0.11000000000000001,1.1872067038169594,0.7899162029919965,0.9115995213654322,1.0
2713,SNIb/sn2005bf.m0027.dat,E,32.88207445739539,0.11000000000000001,0.6628605903707624,0.9543541606517314,0.5486988561799855,1.0
2714,SNIIn/sn1998S.p2141.dat,E,32.883789572085384,0.1,0.5391760717633305,0.46673248766402264,-0.3985513812116845,1.0
2715,SNII/sn2004et.p0382.dat,E,32.88429166556201,0.09000000000000001,0.017455425465146817,1.1231790610447103,-2.0,0.979456029287938
2716,SNIIn/sn2005kj.p0020.dat,E,32.884673262442696,0.1,2.2218681553604016,0.6065690125552934,1.2576825406406846,1.0
2717,SNIIn/sn2015da.m0053.dat,E,32.88512321537371,0.1,0.04268614028744291,1.0000103876089534,-2.0,0.9792808727780896
2718,SNIa-BL/sn2004ef.m0007.dat,E,32.88800697020067,0.1,0.6169363873144494,0.8941211617953264,0.4347066777829114,1.0
2719,SNIIn/snLSQ12heq.p0011.dat,E,32.888181662698095,0.09000000000000001,2.8833331043502315,0.639469796603262,1.4196540019359682,1.0
2720,SNIa-SS/sn2002cx.m0004.dat,E,32.89064710337529,0.07,3.0,0.49755319777987067,1.459713919063887,1.0
2721,SNIIb-flash/sn2013cu.p0003.dat,E,32.89404433382223,0.11000000000000001,2.800942844119258,0.7054516751785876,1.612787613502126,1.0
2722,SLSN-II/sn2020hgr.m0023.dat,E,32.8963827129783,0.07,3.0,0.671893795677211,1.711574155969295,1.0
2723,SNIIn/sn1997eg.p0116.dat,E,32.89688099075017,0.1,0.043088689362199326,1.1428018292048128,-1.270390287751655,1.0
2724,SNIa-SS/sn2000cx.p0093.dat,E,32.90054145161051,0.11000000000000001,0.4572522998150865,1.0771073548050878,0.9341290677781271,1.0
2725,SLSN-I/snASASSN-15lh.p0032.dat,E,32.90475384719462,0.12000000000000001,3.0,0.6279326469037422,1.256050752286499,1.0
2726,Gap/sn2006fp.p0003.dat,E,32.914121397941955,0.09000000000000001,0.20751558605203707,0.6492234228182697,-1.16425630955227,1.0
2727,SNIIn/sn2005gl.p0066.dat,E,32.9238688901846,0.1,0.04943890397056338,1.067670833288827,-1.4773401921102307,1.0
2728,SNIc-bl/sn2006aj.m0004.dat,E,32.92433750482366,0.11000000000000001,1.1867393979455536,0.7257279205766587,0.6018740268548476,1.0
2729,SLSN-II/sn2008es.p0025.dat,E,32.92484850717991,0.11000000000000001,1.6133864907213158,0.7638745723854451,0.8150549265460593,1.0
2730,SNIIb/sn1993J.m0018.dat,E,32.927581787257274,0.11000000000000001,1.590946599472811,0.7735636907034688,1.307275614128371,1.0
2731,SNIb/sn2005bf.m0026.dat,E,32.92792338568346,0.11000000000000001,0.5966843592110976,0.960476264034423,0.45496240396011195,1.0
2732,SNIa-BL/sn2006ot.p0003.dat,E,32.92832831035233,0.1,1.1378927303271087,0.6397391604942183,0.5774321851911611,1.0
2733,SNIa-CN/sn2006le.m0007.dat,E,32.93010353815022,0.1,1.000676645322815,0.6971417426420371,0.565188503564143,1.0
2734,SNIa-CN/sn2004at.m0007.dat,E,32.933161872442334,0.09000000000000001,3.0,0.5457724746846975,1.541889658091729,1.0
2735,SNIIn/snLSQ14pt.p0007.dat,E,32.933220978354505,0.1,2.2896034141246244,0.5967798447658625,1.3176599934498672,1.0
2736,SNIa-CN/sn2000fa.m0010.dat,E,32.93378302453829,0.11000000000000001,1.1256383605706586,0.9291904746075648,1.2139842049796503,1.0
2737,SLSN-II/snCSS121015.p0024.dat,E,32.93618984396704,0.11000000000000001,1.9444750153636605,0.7664934402868717,0.949142667211445,1.0
2738,Gap/sn2017jfs.p0009.dat,E,32.93748592363055,0.1,0.23605115934972584,0.9602283572448144,-0.23444332947503893,1.0
2739,SLSN-II/snCSS121015.p0029.dat,E,32.93776263366433,0.1,2.0474137573781874,0.5252022755026455,0.746985576256808,1.0
2740,SNIa-CN/sn2005cf.m0011.dat,E,32.93950905949374,0.13,0.877590687503539,0.8096551597903917,0.690802001245479,1.0
2741,SNIc-bl/sn2002ap.p0241.dat,E,32.94177042788468,0.13,0.02434804555976318,1.1773760451358253,-0.9906324734927681,1.0
2742,SNII-flash/sn2013fs.p0003.dat,E,32.94472731559246,0.11000000000000001,3.0,0.7822513109307045,1.5630184591999476,1.0
2743,SNIa-CSM/snPTF12efc.m0012.dat,E,32.946702562530966,0.1,3.0,0.681244552868681,1.4121197406715038,1.0
2744,SNIIn/sn2006aa.p0075.dat,E,32.9468446374038,0.1,0.4985322725796237,0.9002163603580333,0.41580425557760525,1.0
2745,SLSN-II/sn2019cqc.p0002.dat,E,32.95348683849786,0.09000000000000001,3.0,0.08981983346427652,0.9567436269029851,1.0
2746,SNIIn/sn1997cy.p0392.dat,E,32.95918114233311,0.1,0.3225272421391288,1.017031710075407,0.46523011162897254,1.0
2747,SNIa-CSM/sn2012ca.p0469.dat,E,32.96220572673407,0.1,0.2320293632198934,1.1165349327358165,0.49669183714220794,1.0
2748,SNII-flash/sn2019vqd.p0002.dat,E,32.96499707243248,0.1,3.0,0.712698969139032,1.8391834072820445,1.0
2749,SNIIn/sn1997eg.p0026.dat,E,32.96789914467702,0.1,0.07872004336922966,1.0917717710188886,-0.9976383721514409,1.0
2750,SNIa-CL/sn2006bt.p0002.dat,E,32.972036861485186,0.08,2.5913240984702464,0.667749311336101,1.5056266030642484,1.0
2751,SNIa-CN/sn2008ar.m0009.dat,E,32.9727690619335,0.13,1.371357421933972,0.741324703057458,0.9762468997128939,1.0
2752,SNIIn/sn2015da.m0057.dat,E,32.97723082388231,0.1,0.037652977321191064,1.039533702029067,-1.9943493900666205,1.0
2753,SLSN-I/snSSS120810.p0010.dat,E,32.97860513815361,0.08,3.0,0.512091128743913,1.2506529662153267,1.0
2754,SNIb-n/sn2006jc.p0118.dat,E,32.97988945673664,0.1,0.06399321027027549,1.0543335005762342,-1.4772031637026906,1.0
2755,SNIa-CN/sn1994D.m0010.dat,E,32.980561235362146,0.1,1.3495458639373608,0.8198939258490333,1.1919009583045,1.0
2756,SLSN-II/snCSS121015.p0023.dat,E,32.983212990852266,0.11000000000000001,1.2143871868539042,0.7931277908960888,0.5792887203647622,1.0
2757,SNIa-SS/sn2006gr.m0009.dat,E,32.99889942250709,0.13,2.8435995943763674,0.5468855948114384,1.4216283127175506,1.0
2758,SNIIn/sn1995G.p0036.dat,E,32.999184895455194,0.1,0.3345572822675613,0.8696503995900183,-0.12091885776259832,1.0
2759,Gap/sn2000ch.p3278.dat,E,33.00150965371731,0.09000000000000001,0.371366121907484,0.9777269693504654,0.09139645035145413,1.0
2760,SLSN-II/sn2020bfe.m0028.dat,E,33.01579569574606,0.09000000000000001,3.0,0.5975742194995087,1.409922984345588,1.0
2761,SNIIn/sn1997eg.max.dat,E,33.01676147915878,0.1,0.1138487109988615,1.0895788729491822,-0.6438354953409768,1.0
2762,SNIa-CN/sn2006ax.m0008.dat,E,33.02162322120642,0.09000000000000001,3.0,0.588212855585196,1.5583581266643185,1.0
2763,SNIIn/sn1998S.p0267.dat,E,33.025242978803035,0.1,0.010183704137771423,1.173296943857655,-2.0,1.0
2764,SNIa-SS/sn2003fa.m0009.dat,E,33.02816487142733,0.13,3.0,0.5922221878161501,1.55710242579219,1.0
2765,SLSN-I/snPTF12dam.p0011.dat,E,33.02851294958369,0.12000000000000001,3.0,0.7386781857139646,1.9200515899548538,1.0
2766,SNIIn/sn1997eg.p0018.dat,E,33.03186347418496,0.1,0.09427859896872329,1.0975390362921955,-0.7970717370519051,1.0
2767,SNII-flash/sn2013fs.p0007.dat,E,33.032466396958654,0.11000000000000001,1.2314896049671247,0.7475208229278792,0.7656819205909299,1.0
2768,SNII/sn1999gi.max.dat,E,33.03714751616792,0.1,3.0,0.5731415039102365,1.4776698024706116,1.0
2769,SNIIn/sn1997eg.p0150.dat,E,33.03751239767304,0.1,0.022911588979658594,1.1609341499010315,-1.660684970499575,1.0
2770,SNII-flash/sniPTF14flu.p0020.dat,E,33.040839509368425,0.1,3.0,0.5245636969248533,1.512714876369476,1.0
2771,SNIIn/sn1997eg.p0139.dat,E,33.053260791172036,0.1,0.016804358023875914,1.155554044681326,-2.0,1.0
2772,SNIIn/sn2010jl.p0025.dat,E,33.05330374536913,0.1,0.24007391548287033,0.9433244315849719,-0.3469240393429485,1.0
2773,SNIIn/sn1997eg.p0136.dat,E,33.05789875228915,0.1,0.016247902245009445,1.1574245907038125,-2.0,1.0
2774,Gap/snLSQ13zm.p0015.dat,E,33.06098818249377,0.1,1.3699699366813152,0.6529296460072891,0.7283527755291863,1.0
2775,SNIIn/sn2010jl.p0117.dat,E,33.061405721795154,0.1,0.07306558796788386,1.1076373314423078,-0.780293263408474,1.0
2776,SNIa-SS/sn2006gr.m0006.dat,E,33.06961891536347,0.1,1.273721948277788,0.7260137737231648,0.8489027835106646,1.0
2777,SNIIn/sn1997eg.p0076.dat,E,33.07009861675673,0.1,0.08901579893562585,1.120119569314287,-0.7203231892566063,1.0
2778,SLSN-IIn/snPTF10scc.p0038.dat,E,33.07262408191695,0.1,0.6945507304105284,0.6475189459129165,0.07265496129759606,1.0
2779,SNIa-BL/sn2007le.m0010.dat,E,33.0745905621606,0.11000000000000001,0.24982907034250348,0.9850901818286248,-0.21895199242253569,1.0
2780,SNIa-BL/sn2003W.m0010.dat,E,33.07492060716331,0.12000000000000001,0.7208315227618793,0.9167655686056535,0.6909782283999654,1.0
2781,SNIa-CN/sn2006le.m0012.dat,E,33.07747078594408,0.13,0.718605908207749,0.7503916933551277,0.32083312719428275,1.0
2782,SNIIn/sn1997eg.p0032.dat,E,33.08262520611143,0.1,0.08805864658368633,1.131123832198274,-0.6717508423169745,1.0
2783,SNIIb/sn1996cb.m0019.dat,E,33.08460364467309,0.11000000000000001,0.07283487761274164,1.0076431229442058,-1.4098740510706032,1.0
2784,SNIa-CN/sn2006ax.m0009.dat,E,33.093356746938724,0.09000000000000001,3.0,0.6318335309014271,1.6256681989633752,1.0
2785,SNIIn/sn1998S.p0142.dat,E,33.10768164237234,0.09000000000000001,0.019024750002019773,1.1052698924227686,-2.0,1.0
2786,SNII/sn2012aw.p0013.dat,E,33.10982350064012,0.1,0.9690358861038001,0.7908555221032111,0.6196527809711898,1.0
2787,SNIa-CN/sn2001G.p0123.dat,E,33.11314856096266,0.1,0.2587851915213727,0.8364381102926166,-0.44493590516754494,1.0
2788,SNIa-SS/sn2007cq.m0005.dat,E,33.11701748593204,0.13,3.0,0.6104056906820082,1.5196263337348825,1.0
2789,Gap/snLSQ13zm.max.dat,E,33.11766196675273,0.1,2.9571983057386455,0.6014777292179738,1.573067119299205,1.0
2790,SLSN-I/snPTF12dam.m0023.dat,E,33.11783909014082,0.1,2.8924797430661986,0.8445910839260404,1.6580159936372656,1.0
2791,SLSN-I/sn2005ap.p0004.dat,E,33.12463209700116,0.11000000000000001,3.0,0.8675520086116173,1.46699668370827,1.0
2792,SLSN-I/snASASSN-15lh.p0039.dat,E,33.12577195038334,0.12000000000000001,3.0,0.6270927816071721,1.2689843801608613,1.0
2793,SNIIn/sn2015da.m0063.dat,E,33.13028193050715,0.1,0.036164496207977674,1.0463580620911406,-2.0,1.0
2794,SNIIn/sn2006aa.p0018.dat,E,33.133500759709484,0.1,0.7581034988076079,0.8397825160202211,0.6682489551348594,1.0
2795,SNIIn/sn1997eg.p0088.dat,E,33.133900681606605,0.1,0.06285679643684186,1.141192847735593,-0.9226298576872827,1.0
2796,SNIa-CN/sn1995E.m0003.dat,E,33.1339236593545,0.13,0.2367026011370357,0.9380411960648024,-0.5275525455357803,0.9686385923753663
2797,SNIIn/sn1998S.p0013.dat,E,33.13810269057125,0.12000000000000001,2.5764308366490023,0.6305388156791871,1.4980112064471003,1.0
2798,SNIIn/sn1997eg.p0111.dat,E,33.14045832737111,0.1,0.03111074105165639,1.1494877488781734,-1.4929946552854576,1.0
2799,SLSN-II/snCSS121015.p0430.dat,E,33.141047706302146,0.07,0.12338545685806909,0.30480258155896367,-2.0,0.9965082951924938
2800,SNIa-CL/sn2002fb.m0003.dat,E,33.160038355284925,0.13,0.5941165009726432,0.8350925271056527,0.35687410408118847,1.0
2801,SNIIn/sn1999el.m0008.dat,E,33.177890685678825,0.09000000000000001,0.2954949754233196,0.7093989985244863,-0.6720461024790609,1.0
2802,SNIa-CSM/sn2011km.p0283.dat,E,33.178834509480495,0.1,0.15533105691130966,1.1112560262747226,-0.09194208563823877,1.0
2803,SNIa-SS/sn2005hk.m0004.dat,E,33.18169279449371,0.11000000000000001,1.1030602635678175,0.8509369452414348,0.9838572443750024,1.0
2804,SNIIn/sn2010jl.p0145.dat,E,33.18297348731884,0.1,0.06940452008474925,1.1286852682990527,-0.7229342839604634,1.0
2805,SNIIn/sn2015da.m0079.dat,E,33.18842477183147,0.1,0.023736889704109282,1.1131179083269556,-2.0,0.9792808727780896
2806,SNIIn/sn1997eg.p0048.dat,E,33.189859648105916,0.1,0.06378810639347425,1.1307268030608382,-1.024647495078659,1.0
2807,SNIIn/sn1999eb.p0009.dat,E,33.19178711810544,0.09000000000000001,1.4700086827589205,0.6748781730362928,0.8418161647385995,1.0
2808,SNIIn/sn2015da.p0707.dat,E,33.19407644146112,0.1,0.01,1.2092307083346034,-1.730881671541999,1.0
2809,SNII-flash/sn2001fa.m0028.dat,E,33.19981755156634,0.11000000000000001,1.7934328017086336,0.8261728039303716,1.535692043909862,1.0
2810,SNIIn/snLSQ12hxg.p0010.dat,E,33.20075670442819,0.1,2.143496758500577,0.7605485137006115,1.5775054904789176,1.0
2811,SNIIn/snLSQ14pt.p0008.dat,E,33.20623806098862,0.1,2.320590628016394,0.6873016261076497,1.1316327137227689,1.0
2812,SNII-flash/sniPTF14flu.p0012.dat,E,33.207194585763084,0.09000000000000001,3.0,0.6745584003895583,1.6453272937944998,1.0
2813,SNIIn/sn1999eb.p0015.dat,E,33.20724689910293,0.09000000000000001,1.6331940720376967,0.6213429670980953,0.8707264385848034,1.0
2814,SNIa-CL/sn2000dk.p0121.dat,E,33.208140948218876,0.1,0.8860800697717142,1.0053602507409258,1.3282532138436163,1.0
2815,SLSN-I/sn2011ke.p0014.dat,E,33.21404410318219,0.11000000000000001,0.9433931129467928,0.8991324765190253,0.7009994692480741,1.0
2816,SNIIn/sn2010jl.p0159.dat,E,33.21419726941907,0.1,0.05439201364915989,1.1321223044259103,-0.8595690884670053,1.0
2817,SNIa-CN/sn2007F.m0009.dat,E,33.216890351188376,0.08,3.0,0.6443853938813014,1.591906260242182,1.0
2818,SNIa-BL/sn2003W.m0011.dat,E,33.219475466800354,0.12000000000000001,0.3194136979753664,0.9004778484242678,-0.016558507451119777,1.0
2819,SNIIn/sn1999eb.p0001.dat,E,33.220528659345185,0.1,0.4652930755523629,0.8892394635376456,0.09117550130966715,1.0
2820,SNIIn/sn2005ip.p0071.dat,E,33.22223242428261,0.1,0.07996344675908314,1.0916436304981099,-0.9423715803084063,1.0
2821,Gap/sn2002kg.p0072.dat,E,33.224329778387556,0.1,0.6756233745564968,0.8279318049807203,0.3889255359254222,1.0
2822,SNIIb/sn1996cb.m0004.dat,E,33.23056371963338,0.1,0.3523825385738259,0.8736596109884238,-0.1382671806125984,1.0
2823,SNIIn/sn2010jl.p0079.dat,E,33.230957932030236,0.1,0.07424774982063559,1.0600184034088418,-1.0936775488357244,1.0
2824,SNIIn/sn2006aa.p0043.dat,E,33.23956235153403,0.1,0.6470135329545004,0.8977169870269538,0.658075619868136,1.0
2825,SNIIn/sn2005cp.p0025.dat,E,33.24114321418814,0.1,1.0225651495273944,0.7845777692364267,0.8201632882964112,1.0
2826,SNIIn/snPTF10gvf.m0015.dat,E,33.24286571190828,0.09000000000000001,0.19960203948539332,1.0022531316602714,-0.38481872151610674,1.0
2827,SNIIn/sn2015da.p0104.dat,E,33.24540374086257,0.1,0.02421796231895537,1.117450989179733,-2.0,1.0
2828,SNIIn/sn1999eb.p0041.dat,E,33.246362927825906,0.1,0.6303541103149718,0.8600477357546078,0.32467976832128814,1.0
2829,SNII/sn1999em.p0011.dat,E,33.25274780655843,0.1,0.6599698914863429,0.807052791104175,0.5797510854364393,0.9703024880159081
2830,SNIa-CN/sn2003du.m0011.dat,E,33.25766218403532,0.09000000000000001,3.0,0.6336110768567647,1.6946795048971786,1.0
2831,SNIIn/sn2010jl.p0072.dat,E,33.263334225512345,0.1,0.07501988294925209,1.0603169955302343,-1.084373580934609,1.0
2832,Gap/sn2000ch.p3495.dat,E,33.26658003645355,0.1,0.12266023736731796,1.052592884512709,-0.6574164061839567,1.0
2833,SNIa-CN/sn2007F.m0006.dat,E,33.26876015651821,0.08,3.0,0.6495047279458177,1.6117600654501603,1.0
2834,SNIIn/sn1999eb.p0002.dat,E,33.27199527150817,0.1,0.5922479366598323,0.8918869222491458,0.32748604817702354,1.0
2835,SNIIn/sn1995G.p0003.dat,E,33.28019777577045,0.1,0.6604460702321056,0.9271431240889663,0.42499915762157775,1.0
2836,SNIc-bl/sn2002ap.p0267.dat,E,33.28257559544077,0.13,0.01976589094687433,1.1863163941739294,-1.0960104819985392,1.0
2837,SNIIn/sn2005ip.p0046.dat,E,33.28540430822666,0.1,0.09360217099472139,1.0408821071106955,-0.9779540546837724,1.0
2838,SNII/sn2012aw.p0331.dat,E,33.28668347747929,0.09000000000000001,0.01398867916523928,1.131878945308497,-2.0,1.0
2839,SNIa-BL/sn1997do.m0011.dat,E,33.28831386019758,0.11000000000000001,0.43091406443810765,0.9944971980690481,0.3846910204764623,1.0
2840,SNIIn/sn2010jl.p0087.dat,E,33.288977869259185,0.1,0.06471153716548009,1.0828700184528546,-1.2182503140790588,1.0
2841,SNIa-CN/sn2003du.m0013.dat,E,33.28913466308751,0.1,1.364093832646696,0.8589410484042123,1.2836052263205902,1.0
2842,SNII-flash/sniPTF14flu.p0024.dat,E,33.29416968388932,0.11000000000000001,0.8934923354172332,0.8909239010411456,0.6728615706945742,1.0
2843,Gap/snOGLE-2013-SN-137.m0004.dat,E,33.29585016617986,0.09000000000000001,1.2939867081549399,0.6570279765968662,0.7919817915473912,1.0
2844,SNIc-bl/sn2002ap.p0332.dat,E,33.296575605216404,0.12000000000000001,0.01,1.2003697912013036,-1.6200238160029565,1.0
2845,SNIIn/sn2000P.p0021.dat,E,33.298619348768,0.1,0.6644515737407289,0.8121191898813565,0.26995158490090204,1.0
2846,SNII/sn2002gd.p0009.dat,E,33.30128863685501,0.09000000000000001,2.9424231430165757,0.26910945243075113,1.1169060846642513,1.0
2847,SNII/sn1999em.p0332.dat,E,33.303781903673666,0.1,0.011418077542089742,1.1702521744549421,-2.0,1.0
2848,SNIIn/sn2000P.p0002.dat,E,33.30429218749148,0.1,0.9591323923589332,0.7929147113756612,0.5631440428137198,1.0
2849,SNIIn/sn2010jl.p0100.dat,E,33.30557562101126,0.1,0.05470418602181675,1.0933269581481326,-1.2114460848432143,1.0
2850,SNIa-BL/sn2004ef.m0005.dat,E,33.30566661556006,0.1,0.6442271591950598,0.9082164462821342,0.549634542189324,1.0
2851,SNIa-SS/sn2006gz.m0009.dat,E,33.311827901768396,0.09000000000000001,3.0,0.684655126299501,1.6741778317348692,1.0
2852,SLSN-II/sn2008es.p0003.dat,E,33.31429523971169,0.11000000000000001,1.4012063485081825,0.8957812927946943,1.0455657370873173,1.0
2853,SNIIn/sn1994Y.p0206.dat,E,33.31634567765234,0.1,0.024042608115314258,1.1976090962302255,-1.334518822891255,1.0
2854,Gap/sn2002kg.p0779.dat,E,33.31657516739512,0.1,0.35946319334587284,0.9948128243168575,0.23622946894438193,1.0
2855,SNIIn/sn2010jl.p0085.dat,E,33.31697082336125,0.1,0.09041826886228986,1.081989187654717,-0.7549625212860873,1.0
2856,SNIIn/sn2015da.m0067.dat,E,33.317192323955126,0.1,0.040063006349543,1.042389556509252,-1.8044925674592958,1.0
2857,SNIIn/snLSQ12hxg.p0030.dat,E,33.32147823654866,0.1,1.388734499189276,0.7303785699302173,1.032019279804638,1.0
2858,SNIIn/sn2000P.p0018.dat,E,33.325717029739025,0.1,0.8590514370048762,0.8020174552357432,0.46899579396979785,1.0
2859,SNII-flash/sniPTF14flu.p0016.dat,E,33.3266479715537,0.09000000000000001,3.0,0.5865935010004679,1.4820188522942257,1.0
2860,SNIa-CN/sn2007F.m0007.dat,E,33.3323739852524,0.09000000000000001,3.0,0.6590222411889562,1.6196226221592471,1.0
2861,SNIa-SS/sn2008Z.m0008.dat,E,33.33256667678014,0.07,2.71016796182371,0.4274059005688302,1.2185322327662607,1.0
2862,SNIIn/sn2010jl.p0108.dat,E,33.334424440785135,0.1,0.05205465938597863,1.0994835086072163,-1.2252381325315786,1.0
2863,SNIIn/sn2015da.p0139.dat,E,33.33500467666561,0.1,0.016905046512825348,1.156041901937452,-2.0,1.0
2864,SNII/sn2012aw.p0001.dat,E,33.335007780299584,0.11000000000000001,1.7352572201203493,0.883256860363297,1.3486377654675987,1.0
2865,SNIIn/sn2015da.p0239.dat,E,33.33629008723901,0.1,0.010052098404644685,1.1923378850779371,-2.0,1.0
2866,SNII-flash/sn2016bkv.m0005.dat,E,33.34129310295234,0.1,2.6496300488486964,0.7356277853087873,1.695000348117059,1.0
2867,SLSN-II/sn2018jkq.p0015.dat,E,33.34769110120193,0.1,1.456883864913237,0.7084088661424895,0.8873793288823593,1.0
2868,SNIIn/sn2006aa.p0041.dat,E,33.35241642993399,0.11000000000000001,0.8267764188975882,1.1280675356106051,2.0,1.0
2869,SNII/sn2004et.p0218.dat,E,33.3561986765236,0.09000000000000001,0.012193100584274124,1.1507885981985133,-2.0,1.0
2870,SNII-flash/sn2001fa.m0026.dat,E,33.35818668906977,0.11000000000000001,0.4599702149161612,0.927876731814233,0.5025799134793139,0.9893963306770203
2871,SNIa-CSM/sn2012ca.p0495.dat,E,33.35997551643039,0.1,0.2461946755192199,0.95608247409026,-0.15311708413628586,1.0
2872,SNIIn/sn2006aa.p0049.dat,E,33.361416414189186,0.1,0.6360468984930859,0.9222701020187241,0.7129290966605856,1.0
2873,SNII/sn2004et.p0240.dat,E,33.36199934644063,0.09000000000000001,0.012384041170294912,1.1456413477892309,-2.0,1.0
2874,SLSN-II/sn2020hgr.p0001.dat,E,33.373258385415106,0.1,1.433636399879843,0.7909119731440071,1.1947531306483326,1.0
2875,Gap/sn2000ch.p3086.dat,E,33.37610403871248,0.1,0.02033030549775252,1.1395728935129807,-2.0,1.0
2876,SNIa-CSM/sn2011km.p0390.dat,E,33.37773406627381,0.1,0.035383077595715406,1.1625963929255367,-1.2641281089058714,1.0
2877,SNIIn/sn2005ip.p0048.dat,E,33.37780583429644,0.1,0.0837719317050033,1.056703909480227,-1.0398125395147024,1.0
2878,SNIIn/sn2015da.m0070.dat,E,33.384590738566246,0.1,0.02888843090361537,1.0831860433812208,-1.9773676118726737,1.0
2879,SNIIn/sn1995G.p0726.dat,E,33.3895426248302,0.1,0.05616619787354189,1.0419882311977728,-1.414788397226563,1.0
2880,SLSN-II/snCSS121015.p0400.dat,E,33.39797089205364,0.07,0.12245169591831999,0.6031209012281226,-1.558735577960446,0.9987628680038161
2881,SNIIn/sn2015da.m0078.dat,E,33.39817168423794,0.1,0.024927195329880334,1.1080758710792933,-2.0,1.0
2882,SNIIn/snLSQ12hxg.p0013.dat,E,33.4039172971095,0.1,2.7805208361901497,0.8011670241804733,1.5038635170090804,1.0
2883,SNIb/sn2008D.m0015.dat,E,33.404908205443576,0.13,0.1816815904734527,0.6646686420610989,-1.204517157117691,1.0
2884,SNIa-BL/sn1997do.m0012.dat,E,33.40549155839852,0.11000000000000001,0.3382730363919546,1.0212722045782132,0.22488578269397583,1.0
2885,SNIIn/sn2015da.p0755.dat,E,33.41456237818856,0.1,0.01,1.2050217921486215,-1.7866224126103707,1.0
2886,SNIIn/sn2010jl.p0206.dat,E,33.41578983501786,0.1,0.035196752960874884,1.150880131708061,-1.202396846123786,1.0
2887,SNIIn/sn1988Z.p0722.dat,E,33.41659367375863,0.09000000000000001,0.01,1.287547180002279,0.7182224175248293,0.9730339557139718
2888,SNIIn/sn2000bg.m0028.dat,E,33.41696120858866,0.1,0.45924748004944166,0.6370240687831681,-0.3659851979262029,1.0
2889,SNII-flash/sn2001fa.m0025.dat,E,33.4170315229302,0.1,0.6530212585956878,0.8472312608693405,0.6670913305170783,0.9983100390657778
2890,SNIb-pec/sn2009er.m0003.dat,E,33.42596233475631,0.13,1.3020939068312951,0.6965561928517958,0.6620073283569714,1.0
2891,SNIIn/sn2010jl.p0114.dat,E,33.43216936007998,0.1,0.046452939507929364,1.1120750446469883,-1.2616560188753532,1.0
2892,SNII-flash/sniPTF14flu.p0018.dat,E,33.43264444451556,0.11000000000000001,0.7359325735141979,0.9430758635037116,0.7169543893200075,1.0
2893,SNIa-CSM/sn2012ca.p0527.dat,E,33.43402220408291,0.11000000000000001,0.0761851365743666,0.9739167303790963,-1.5161904723384572,1.0
2894,SNII-flash/sn2016bkv.m0002.dat,E,33.43569072522544,0.11000000000000001,1.080126153843167,0.9387239034026282,1.2202316188240803,1.0
2895,SNIa-CN/sn2005cf.m0010.dat,E,33.43668728848459,0.13,0.8932638709942992,0.8324707741624412,0.7558075844701089,1.0
2896,SNIIn/sn2010jl.p0392.dat,E,33.437031004241256,0.1,0.04526912294464658,1.216525223474731,-0.09255344038141111,1.0
2897,SNIIn/sn2015da.p0848.dat,E,33.4430304992443,0.1,0.01,1.209851989785359,-1.6928626197009407,1.0
2898,SNII-flash/sniPTF15crj.m0008.dat,E,33.45145824849871,0.1,0.629883936860492,0.8390713891569055,0.32618009843751067,1.0
2899,SNIa-BL/sn2004ef.m0006.dat,E,33.451901419236314,0.1,0.5632577554543087,0.9316157396522735,0.46666181280736013,1.0
2900,SNIa-SS/sn2006gr.m0007.dat,E,33.45214965609116,0.1,1.006231786027904,0.8252352075146969,0.7984479629304531,1.0
2901,SNII/sn2005cs.p0225.dat,E,33.45349700342555,0.09000000000000001,0.025980601445526857,0.9540604941942417,-2.0,1.0
2902,SNIc-bl/sn2002ap.p0383.dat,E,33.4546449536795,0.12000000000000001,0.010198074254706556,1.2001062302156997,-1.7133016492911837,1.0
2903,SNIIn/sn2005ip.p0045.dat,E,33.46552164464376,0.1,0.07751551825817796,1.063968808869762,-1.0815846591815754,1.0
2904,SLSN-I/snSSS120810.p0015.dat,E,33.46811837130647,0.11000000000000001,0.4661633277073144,0.9862361814656505,0.24635192508338785,1.0
2905,SNIa-CN/sn1994D.m0011.dat,E,33.4682995046517,0.1,0.5243987903646462,0.9489173397054154,0.6867199346968225,1.0
2906,SNIIn/sn2005bx.m0015.dat,E,33.47009321287754,0.09000000000000001,3.0,0.6150361682929061,1.6846731887019992,1.0
2907,SLSN-I/snPTF12dam.m0014.dat,E,33.4721257077252,0.11000000000000001,1.6112778757794632,0.957002226163159,1.3573428418501388,1.0
2908,SNIIn/sn1995G.p0666.dat,E,33.48035133430132,0.1,0.12022621817232874,1.0347529130922242,-0.6874005069844105,1.0
2909,SLSN-II/sn2008es.m0012.dat,E,33.48099416764451,0.11000000000000001,0.6935602499106365,0.9655775775701069,0.6079383868481778,1.0
2910,SNIIn/snPTF10gvf.m0007.dat,E,33.48282978555773,0.1,0.6486889662019442,0.9228472394145109,0.565755606395807,1.0
2911,SNIIn/snLSQ13sd.p0000.dat,E,33.48770850596807,0.1,0.31091484560118443,0.9211143215279085,-0.09140293727846946,1.0
2912,SLSN-IIn/sn2006gy.m0004.dat,E,33.49077416801417,0.11000000000000001,0.06170581496067178,0.94336032324854,-1.6887941610724353,1.0
2913,SLSN-I/snPTF11rks.m0001.dat,E,33.49456086095205,0.11000000000000001,0.4878516345545242,1.0121694270922705,0.3078352121421584,1.0
2914,SNII/sn1999em.p0007.dat,E,33.497502923967104,0.1,1.159530483205438,0.8759560860366047,0.9159572069667248,1.0
2915,SLSN-I/sn2010gx.p0004.dat,E,33.50456718573369,0.11000000000000001,1.1420469577158192,0.9785253624154864,0.7741778384275111,1.0
2916,SNII/sn1999em.p0010.dat,E,33.50589026457234,0.1,0.5707178940446594,0.8756308833433452,0.6148646896330812,0.966435337357721
2917,SNIa-CL/sn2002fb.m0005.dat,E,33.50735958728436,0.09000000000000001,1.5571612777071775,0.6915650457484447,1.1021541108464463,1.0
2918,Gap/sn1999bw.m0019.dat,E,33.50743054478038,0.11000000000000001,0.07380018763079253,1.0135101181707251,-1.3962964195723218,1.0
2919,SNIa-CN/sn2006le.m0008.dat,E,33.50775585310108,0.11000000000000001,0.31141328792920064,0.9982941612121764,0.03770974086104778,1.0
2920,SNIIn/sn2005db.p0007.dat,E,33.50925074230409,0.1,0.12581708017711576,0.9226532674334589,-1.0853280190490997,1.0
2921,SNIIn/sn2010jl.p0044.dat,E,33.50975931537404,0.1,0.16440531561354377,1.0172291555443773,-0.4237293445709,1.0
2922,SNIIn/sn2010jl.p0029.dat,E,33.519071300753154,0.1,0.18782138862438674,0.9813653720027754,-0.43393440823783713,1.0
2923,SNIIn/sn2005ip.p0119.dat,E,33.52000327324464,0.1,0.020285200753413314,1.1758445962145008,-1.6843077154662534,1.0
2924,SNIa-SS/sn2003fa.m0006.dat,E,33.522192606766,0.07,3.0,0.6603256973367293,1.7310930849726294,1.0
2925,SNIa-CSM/sn2011km.p0332.dat,E,33.52268567781369,0.1,0.07228372178021969,1.1554745080556008,-0.5359868278974537,1.0
2926,SNIIb/sn1993J.m0011.dat,E,33.525623195087626,0.11000000000000001,0.02724543850154614,1.1072399409629532,-2.0,0.9906637314616881
2927,SNIIn/sn1997eg.m0063.dat,E,33.529191350114615,0.1,0.2170741172066164,1.0533510702988391,-0.1847525697403425,1.0
2928,SNIIn/sn2015da.p0841.dat,E,33.53059473779808,0.1,0.01,1.2271001900216825,-1.2927580753206913,1.0
2929,SNIIn/sn2015da.p0857.dat,E,33.53655249310293,0.1,0.01,1.2068014918583518,-1.69995959853162,1.0
2930,SNIIn/sn1994Y.p0235.dat,E,33.53827379685696,0.1,0.017615705394100276,1.2167842481518445,-1.3817421864925743,1.0
2931,SNIa-BL/sn2004ef.m0008.dat,E,33.54261861147706,0.1,0.32963760431409106,0.9857351099280552,0.05530144029044081,1.0
2932,SNIIn/sn2015da.p0747.dat,E,33.54349895810877,0.1,0.01,1.2084335239559298,-1.7604555163170517,1.0
2933,SNIIn/sn1994ak.p0014.dat,E,33.546787855910175,0.1,0.1804238501139525,1.1010513706392835,-0.18436076972341006,1.0
2934,SNIIn/sn1994ak.p0013.dat,E,33.548548883104814,0.1,0.13713448991573257,1.1010586383797705,-0.45373674493138405,1.0
2935,SNIIb/sn1993J.p0923.dat,E,33.550346740127154,0.09000000000000001,0.07234407785134672,1.0304340305161463,-1.250008367954861,1.0
2936,SNIIn/snLSQ12heq.p0013.dat,E,33.56061023866912,0.09000000000000001,3.0,0.6777661910338827,1.5118192289064862,1.0
2937,SNIa-SS/sn2006gr.m0008.dat,E,33.5630508625256,0.11000000000000001,0.32813774200076273,1.0119337861269746,0.123447217806569,1.0
2938,SNIa-BL/sn2006X.p0150.dat,E,33.56334279596127,0.1,0.09364315794686366,1.0765903221957829,-0.7408671199261385,1.0
2939,SNII/sn2012aw.p0368.dat,E,33.575288607082875,0.1,0.010830555025180032,1.1712890617714473,-2.0,1.0
2940,SNIIn/sn1997eg.m0008.dat,E,33.58314977259434,0.1,0.06397672790418533,1.1254674700378002,-1.0258271080009866,1.0
2941,SLSN-II/sn2008es.p0016.dat,E,33.5863649965034,0.11000000000000001,0.5626087972896318,1.0182481941022274,0.4454009928552576,1.0
2942,SNIIn/sn2015da.p0121.dat,E,33.59282357827959,0.1,0.015883677593149074,1.1656251826428423,-2.0,1.0
2943,SNIIn/sn2015da.p0794.dat,E,33.59362347942584,0.1,0.01,1.2017099955321555,-1.91558549971131,1.0
2944,SNIIn/snOGLE-2013-SN-016.m0023.dat,E,33.59569840182794,0.11000000000000001,0.23036098047793427,1.0150439841612222,-0.2435688553117501,1.0
2945,SNIIn/sn2000P.p0001.dat,E,33.59613589568533,0.1,0.7893251467483011,0.8632988855712682,0.5080260657388387,1.0
2946,SNIIn/sn2010jl.p0019.dat,E,33.597842281093016,0.1,0.2638376289489534,0.9603967548120714,-0.35580347913667276,1.0
2947,SLSN-II/sn2008am.p0021.dat,E,33.59975660047591,0.11000000000000001,0.12820712790955827,1.0082733275299853,-0.9504487174185736,1.0
2948,SNIIn/sn2015da.p0721.dat,E,33.60169787218579,0.1,0.013839967294212684,1.2174658470625985,-1.2336734883896612,1.0
2949,SLSN-I/sn2010gx.m0004.dat,E,33.61549208605666,0.11000000000000001,0.8574593022431508,1.015672138561211,0.8050109708406556,1.0
2950,SNIIn/sn2015da.p0616.dat,E,33.61568218785849,0.1,0.01,1.2144143223086603,-1.5894752257419498,1.0
2951,SLSN-IIn/sn2006gy.p0002.dat,E,33.61988459706787,0.11000000000000001,0.04783172986381773,0.9883484382710878,-1.893349751897068,1.0
2952,Gap/snLSQ13zm.p0007.dat,E,33.62347439147053,0.1,1.4348828384278043,0.8129106855965665,1.0312250266834484,1.0
2953,Gap/sn2006bv.p0003.dat,E,33.62461902608778,0.1,0.5942504286992997,0.8235772619695982,0.1781292807017676,1.0
2954,SNIa-SS/sn2006gz.m0013.dat,E,33.631250175890095,0.1,0.8102270149110163,0.8488486384345006,0.6167857773337783,1.0
2955,SNII/sn2004et.p0203.dat,E,33.63412897448161,0.09000000000000001,0.015054567900647199,1.1345852432280514,-2.0,1.0
2956,SLSN-I/snASASSN-15lh.p0013.dat,E,33.64040988828151,0.11000000000000001,2.2456986413121305,1.0008389531949875,1.5361285092067336,1.0
2957,SNIa-CN/sn2006le.m0009.dat,E,33.64131634398197,0.11000000000000001,0.19208428821477408,1.0410744152029263,-0.31404770340841903,1.0
2958,SNII/sn1999em.p0312.dat,E,33.64524588299659,0.09000000000000001,0.011269598206162128,1.1525880932415598,-2.0,1.0
2959,SNIIn/sn2010jl.p0164.dat,E,33.64927583562684,0.1,0.03572966557272299,1.1536818034888086,-1.1746417829630431,1.0
2960,SNIa-SS/sn2008A.m0007.dat,E,33.65325555315461,0.11000000000000001,0.3334289053699154,1.0270784022459756,0.2158281008920288,1.0
2961,SNII-flash/sniPTF14flu.p0017.dat,E,33.65454989764543,0.11000000000000001,0.3781629166397337,1.0278072927165187,0.2567395814464097,1.0
2962,SNIIn/sn2015da.p0779.dat,E,33.665351745396414,0.1,0.01,1.2224808531633158,-1.4090018080663893,1.0
2963,SNIa-SS/sn2005eu.m0009.dat,E,33.6674845860044,0.11000000000000001,0.26390944586745246,1.0377134134227533,-0.0656675850734619,1.0
2964,SLSN-II/snCSS121015.max.dat,E,33.66795409126468,0.11000000000000001,0.5396725551219181,1.044278420515704,0.164459002809899,1.0
2965,SLSN-II/sn2019gsp.p0007.dat,E,33.67034245090417,0.11000000000000001,0.36613570692927766,1.0429464397772321,0.1326835520035972,1.0
2966,SNIb-nIIb-n/sn2005la.p0018.dat,E,33.670864367185544,0.11000000000000001,0.24459216897262936,1.050110056938016,-0.2042241403476948,1.0
2967,SNIIn/sn1997eg.m0061.dat,E,33.677327790188905,0.1,0.20257222442020734,1.0760634322606382,-0.15245317888381202,1.0
2968,SNIa-CN/sn1998V.p0031.dat,E,33.678912940783476,0.13,0.011800736052215531,1.245149449677132,-2.0,0.9566062463343106
2969,SNIb/sn2008D.m0020.dat,E,33.679707917713046,0.11000000000000001,0.07117055007053712,1.0147624698705693,-1.4591923355817706,1.0
2970,SNIIn/sn2005ip.p0137.dat,E,33.68332515851287,0.1,0.011522043834782858,1.1973072266286824,-2.0,1.0
2971,SNII/sn1987A.p0785.dat,E,33.683347389583986,0.12000000000000001,0.6404967504757809,1.177270345153956,2.0,1.0
2972,Gap/sn2000ch.p3303.dat,E,33.6864637728499,0.1,0.037140818610018236,1.1581256420902657,-1.3393813335162876,1.0
2973,SLSN-II/sn2008am.p0015.dat,E,33.68658728735028,0.11000000000000001,0.08885943548655813,1.0356137970018695,-1.2158919534253767,1.0
2974,SNIb-nIIb-n/sn2005la.p0017.dat,E,33.68953157652615,0.11000000000000001,0.2340544035670049,1.0586737537879696,-0.22681540326421823,1.0
2975,SNIIn/sn2015da.p0065.dat,E,33.69160635592409,0.1,0.02800459951513961,1.097588823818721,-2.0,1.0
2976,SNIa-SS/sn2005hk.m0006.dat,E,33.69293219960714,0.11000000000000001,0.4022202103070316,1.035302291019499,0.4742154165207566,1.0
2977,SNIIn/sn2010jl.p0441.dat,E,33.693130161249606,0.1,0.01,1.2443762930388127,-0.9679580446883991,1.0
2978,SNIa-SS/sn2005hk.m0005.dat,E,33.69951666364225,0.11000000000000001,0.3174033752141876,1.0448700236974535,0.26419327323400976,1.0
2979,SLSN-II/sn2018lqi.m0021.dat,E,33.70600345326053,0.11000000000000001,0.21527377082851518,1.0491217461923876,-0.39269825034750994,1.0
2980,SNII-flash/sn2016bkv.m0006.dat,E,33.70845588668679,0.11000000000000001,0.6890147793628649,1.0356468834555956,1.1430646136247498,1.0
2981,SNIIn/sn2007pk.m0002.dat,E,33.71057988431139,0.11000000000000001,0.5523812437949583,1.0574689190344457,0.7814730527982582,1.0
2982,SNIIn/sn2015da.p0608.dat,E,33.713308323854065,0.1,0.01,1.2243602069749309,-1.4443408960950486,1.0
2983,Gap/sn2002kg.p0399.dat,E,33.71369170929813,0.1,0.22954612744082276,1.0397291930818149,-0.18055129994015534,1.0
2984,SNII/sn2004et.p0419.dat,E,33.71422343995944,0.1,0.011024028692913466,1.184600302447155,-2.0,0.9957892703571732
2985,SNIb-nIIb-n/sn2005la.p0015.dat,E,33.71519610706888,0.11000000000000001,0.27376540053711856,1.058658200119388,-0.08139705617821012,1.0
2986,Gap/sn2000ch.p3089.dat,E,33.716374301903414,0.09000000000000001,0.02572017378747462,1.1261709400247921,-1.878119865458499,1.0
2987,SNIb-pec/sn2007uy.m0011.dat,E,33.71662104281345,0.13,0.4910395782497179,0.8139467911135584,-0.010788950625283986,1.0
2988,SNII/sn1987A.p0198.dat,E,33.718094928620914,0.09000000000000001,0.01,1.1442866109098884,1.2027465941857343,1.0
2989,SNIIn/sn2008B.p0001.dat,E,33.71960906696582,0.11000000000000001,0.2960241006998386,1.0605633088912834,-0.010310559396039313,1.0
2990,SNIIn/snPTF10uls.m0008.dat,E,33.72056686162429,0.11000000000000001,0.21765129412110573,1.05973968507325,-0.17168834728329257,1.0
2991,SNII/sn2012aw.p0004.dat,E,33.723403286679684,0.11000000000000001,0.45820273086728164,1.017759166080661,0.5957114869755162,1.0
2992,SNIIn/sn2015da.p0743.dat,E,33.7288801638822,0.1,0.01,1.230148805367307,-1.3219104499261924,1.0
2993,SNIa-CN/sn1994ae.p0152.dat,E,33.74134500362429,0.11000000000000001,0.5527165240151657,1.1820257445788598,2.0,1.0
2994,SLSN-I/snPTF12dam.p0004.dat,E,33.74290333371383,0.11000000000000001,0.4496183743578392,1.0832459287992562,0.543837181062845,1.0
2995,SNIIn/sn2000P.m0003.dat,E,33.74964895462362,0.1,1.0378334227191608,0.8744867035491328,0.8479688014582593,1.0
2996,SNIb/sn2008D.m0018.dat,E,33.75001394830838,0.11000000000000001,0.07105892219858655,1.0405031759760037,-1.3754173383395494,1.0
2997,SNII/sn2012aw.p0010.dat,E,33.75951375948258,0.1,0.8661434246607376,0.8792818711588536,0.9160745208921434,1.0
2998,SNIIn/sn2005ip.p0129.dat,E,33.75962402987461,0.1,0.010939833209682621,1.1989594236827485,-2.0,1.0
2999,SNII/sn1999em.p0001.dat,E,33.76118586882611,0.11000000000000001,0.4203455236781934,1.0313229474995529,0.5355157222481375,1.0
3000,SNII/sn2004et.p0244.dat,E,33.768360324285446,0.09000000000000001,0.010843331802512127,1.1616033711402094,-2.0,1.0
3001,SNIIb/sn1998fa.p0067.dat,E,33.770162523004025,0.1,0.039735747233314724,1.0359451728215017,-2.0,1.0
3002,SLSN-I/snPTF12dam.p0007.dat,E,33.772040849207286,0.11000000000000001,0.37450183771779466,1.0688788098799553,0.22938645470146268,1.0
3003,SNII/sn1987A.p0004.dat,E,33.772066336590484,0.11000000000000001,0.01,1.0039468478529001,0.09288212399587947,1.0
3004,SNIIn/sn1994Y.p0264.dat,E,33.77352468252716,0.1,0.022844106993209573,1.2249048596141654,-0.9158137135582549,1.0
3005,SNIc/sn2005kl.m0004.dat,E,33.78324833207131,0.11000000000000001,0.04499639461558558,1.086188437589517,-1.7154807107587717,1.0
3006,SNIa-SS/sn2008Z.m0009.dat,E,33.79522738394769,0.07,1.7686848022243986,0.5844400298898895,0.9744017214268818,1.0
3007,SNII/sn1999gi.p0002.dat,E,33.7996683644428,0.1,0.9771387538351539,0.8322308891859621,0.7929915438233909,1.0
3008,SNII/sn2012aw.p0003.dat,E,33.79988396512789,0.11000000000000001,0.5254830403049673,1.0457264457561999,0.4767747587585997,1.0
3009,SNIIn/sn2005cl.p0015.dat,E,33.80126528765278,0.1,0.3905174107259649,0.9758060940330503,0.31148127810433,1.0
3010,SLSN-II/sn2008am.p0011.dat,E,33.803543250247046,0.11000000000000001,0.059567488846351546,1.077093516475534,-1.5170262507270438,1.0
3011,SNII/sn2012aw.p0450.dat,E,33.80616463882879,0.1,0.01,1.1726366084681052,-2.0,1.0
3012,SLSN-II/sn2008am.m0001.dat,E,33.809783805085345,0.11000000000000001,0.048649622771081195,1.0784983939128847,-1.6476770962165528,1.0
3013,SNII/sn1999em.p0003.dat,E,33.811277513996,0.11000000000000001,0.3131539390725299,1.0604759141212894,0.20727536469365715,1.0
3014,SLSN-II/sn2008am.max.dat,E,33.81604094663484,0.07,0.08689405351213463,1.1279501601476654,-0.8688256591162334,0.9607399210861545
3015,SNII/sn2004et.p0250.dat,E,33.8182270431993,0.09000000000000001,0.010671011415972867,1.1643867656766285,-2.0,1.0
3016,SNIa-SS/sn2002cx.p0308.dat,E,33.82123015324337,0.09000000000000001,0.03897571975000864,0.964453032287161,-2.0,1.0
3017,SNIa-CN/sn2005cf.m0009.dat,E,33.830198762034314,0.11000000000000001,0.18960879206152417,1.0957789810102725,-0.04233834244812722,1.0
3018,SNII/sn1987A.p0803.dat,E,33.84000680593733,0.1,0.11481164703634911,1.2014039364325868,0.681086105411598,1.0
3019,SLSN-I/snPTF12dam.m0021.dat,E,33.84178160260015,0.11000000000000001,0.40159897555879126,1.0975511799774542,0.428399605150187,1.0
3020,SNIa-SS/sn2006gr.m0011.dat,E,33.84457434227273,0.11000000000000001,0.16495716612432995,1.0924495497132582,-0.2800457354175232,1.0
3021,SNIIn/sn2015da.p0153.dat,E,33.8449735673751,0.1,0.028304087537504508,1.1430184228843563,-1.1202266785162116,1.0
3022,SNIIn/sn1997eg.m0069.dat,E,33.848003453892495,0.1,0.1686966432642636,1.1046315741203787,-0.2250043210710575,1.0
3023,Gap/sn2000ch.p3186.dat,E,33.857251477813506,0.1,0.01,1.2167599888799248,-1.7889059383115693,1.0
3024,Gap/sn2020agp.p0005.dat,E,33.85904947440622,0.1,0.05954932149067776,1.1292979366471831,-1.0306559663571093,1.0
3025,SNIIn/snPTF12csy.p0159.dat,E,33.86045186000918,0.1,0.017041271680060463,1.1899505331686655,-1.6914803113998735,1.0
3026,SNIb-nIIb-n/sn2005la.p0016.dat,E,33.86122099787534,0.11000000000000001,0.16951499302961612,1.100099803543767,-0.39571091250693274,1.0
3027,SNIIn/sn2005kj.p0007.dat,E,33.86205942564162,0.1,0.7470589785392139,0.8411700908570374,0.6131444155470471,1.0
3028,SNII/sn1999gi.p0003.dat,E,33.86223040868215,0.1,0.8202018075276231,0.8599045130408443,0.6583793221099448,1.0
3029,SNIIn/sn2010jl.p0459.dat,E,33.86565518631713,0.1,0.01,1.2387851696136314,-1.2549540526789698,1.0
3030,SNIIn/sn2005db.p0141.dat,E,33.86809347820737,0.11000000000000001,0.12314070843126375,1.1039397364621761,-0.5674591614576157,1.0
3031,SNIIn/sn2005ip.p0079.dat,E,33.868375669739464,0.1,0.1617017706596356,1.1625896910958047,0.27574437882542524,1.0
3032,SLSN-II/sn2019uba.p0002.dat,E,33.8718167083133,0.1,1.9512368080024836,0.905413767055647,1.1268649894690663,1.0
3033,SNIIn/sn2005ip.p0043.dat,E,33.88060173671522,0.1,0.0954575958824321,1.0327379007202473,-0.9019230736644903,0.9767220267077437
3034,SNIIn/sn2010jl.p0492.dat,E,33.88514685110989,0.1,0.010770897847879124,1.2264549441791874,-1.4739277674451992,1.0
3035,SLSN-I/snPTF12dam.m0022.dat,E,33.893878864586625,0.11000000000000001,0.2562214152843331,1.1096214049237694,0.32966514703009403,1.0
3036,SNII/sn1999em.p0009.dat,E,33.901553264478174,0.1,0.31902874026497324,0.9902994037719245,-0.05693155517001665,1.0
3037,SLSN-I/sn2013dg.p0004.dat,E,33.902054856619635,0.11000000000000001,0.17973035954397631,1.1215821194910158,-0.4630993647983734,1.0
3038,SNIIn/sn1988Z.p1532.dat,E,33.90682181969709,0.11000000000000001,0.010317865830466996,1.2724006416033609,0.543579133520156,1.0
3039,SNII/sn1987A.p0003.dat,E,33.91090732306886,0.11000000000000001,0.025825535192128123,1.108546833717851,-0.4577246064152202,1.0
3040,SLSN-II/sn2019aanx.m0016.dat,E,33.91154515839388,0.11000000000000001,0.1542273642195608,1.1181908962744767,-0.764983936004884,1.0
3041,SNII/sn1987A.p0713.dat,E,33.91492758752294,0.1,0.0981971805124379,1.2018176187034955,0.9060341561836595,1.0
3042,SNIIb/sn1996cb.m0020.dat,E,33.91933964862688,0.11000000000000001,0.030406957737847067,1.122534116368959,-1.7668087202812406,1.0
3043,SNIa-SS/sn2006gr.m0010.dat,E,33.92104068918956,0.11000000000000001,0.16146054135492563,1.115684905702565,-0.17328724731403994,1.0
3044,SNIa-SS/sn2005hk.m0007.dat,E,33.921876526327445,0.11000000000000001,0.20915989681946567,1.1035540959035728,0.0967015169722078,1.0
3045,Gap/sn2002bu.p0081.dat,E,33.92382718687355,0.1,0.02690426233193733,1.1208348665971688,-1.802451259083736,1.0
3046,SLSN-IIn/snPTF10tpz.p0003.dat,E,33.92692969667077,0.1,0.08676623369368847,0.9476509827684246,-1.4518739388630952,1.0
3047,SNIb-n/sn2006jc.p0015.dat,E,33.93035182627518,0.11000000000000001,0.35384248937704693,1.1528699063720107,1.2993415238717765,1.0
3048,SNIa-SS/sn2008A.m0008.dat,E,33.93299512054046,0.11000000000000001,0.131882364979483,1.1130302595641968,-0.35187422075540653,1.0
3049,SNII/sn2012aw.p0008.dat,E,33.94022349850799,0.11000000000000001,0.1801471842547736,1.0959585018077538,-0.09306608964935009,1.0
3050,SNIb-pec/sn2009er.m0005.dat,E,33.94099531671392,0.13,0.8031076157355149,0.8246906924025291,0.37232952927133767,1.0
3051,SLSN-II/sn2020yue.m0021.dat,E,33.941466481471785,0.11000000000000001,0.11681605126622044,1.1145736273690576,-0.780905880138226,1.0
3052,SLSN-II/sn2020yue.p0003.dat,E,33.94605216074511,0.11000000000000001,0.14462986553872584,1.106775929561555,-0.6022763185519082,1.0
3053,SNIb-n/sn2006jc.p0029.dat,E,33.9521104575625,0.11000000000000001,0.23644003617749773,1.1751911489407074,0.4138730323399889,1.0
3054,SNIIn/sn2015da.p0506.dat,E,33.971846373914765,0.1,0.01,1.2395193843894474,-0.9496444728291402,1.0
3055,SNIIn/sn1994Y.p0297.dat,E,33.97393124362533,0.1,0.012234504188278062,1.2538193829545192,-0.6592799019926154,1.0
3056,SNII/sn2012aw.p0006.dat,E,33.98017006404855,0.11000000000000001,0.2835187950347606,1.1113142695641458,0.37969849172166303,1.0
3057,SNIIn/sn1996L.p0336.dat,E,33.98042051733432,0.13,0.01,1.3456116731110417,2.0,0.9576068881474424
3058,SNIa-CN/sn2007F.m0008.dat,E,33.98217330881403,0.11000000000000001,0.16595737999722712,1.1274359657146444,-0.07197414032152046,1.0
3059,SLSN-I/snPTF12dam.m0008.dat,E,33.986418160365744,0.11000000000000001,0.15077141185382256,1.1330169343471437,-0.3542854290957801,1.0
3060,SNIIn/sn1997cy.p0572.dat,E,33.99847474137339,0.11000000000000001,0.03925376128560156,1.1698176205892934,-1.289647316734162,1.0
3061,SNIa-BL/sn2002bo.p0310.dat,E,34.01099246656995,0.11000000000000001,0.030066980546502864,1.095765420752891,-2.0,1.0
3062,SNII/sn2004et.p0292.dat,E,34.01284872877811,0.09000000000000001,0.01095691059231266,1.1590823845641105,-2.0,1.0
3063,SNIIb/sn1993J.p1013.dat,E,34.01500446235773,0.1,0.025729232832646186,1.1114848742736134,-1.9427781766264376,1.0
3064,SNIIn/sn1994Y.p0322.dat,E,34.0198989535928,0.1,0.01,1.2487542828612503,-0.7943015311001521,1.0
3065,Gap/sn2000ch.p3217.dat,E,34.02924570453885,0.09000000000000001,0.012471529629004734,1.1928634872423982,-1.718060583048571,1.0
3066,SLSN-II/sn2019aanx.p0021.dat,E,34.03530422447066,0.11000000000000001,0.04552096448718406,1.1530909808761716,-1.520823398669728,1.0
3067,SLSN-II/sn2018jkq.p0004.dat,E,34.03680510199421,0.11000000000000001,0.0720526261709287,1.137786439682808,-0.9682702908105516,1.0
3068,SNIa-SS/sn2005hk.m0008.dat,E,34.039609345284646,0.11000000000000001,0.12177460823637279,1.1389178582437443,-0.2692309701083363,1.0
3069,SLSN-II/sn2020bfe.m0014.dat,E,34.05156484421284,0.11000000000000001,0.12662825238115433,1.138512546194591,-0.36541005434224627,1.0
3070,SNIIn/sn2006jd.p0021.dat,E,34.05893922029205,0.11000000000000001,0.025740307543369645,1.1569135498317704,-1.7414728918065001,1.0
3071,Gap/sn2000ch.p3245.dat,E,34.064213957541824,0.09000000000000001,0.01,1.193925656265581,-1.9965588111903338,1.0
3072,SNIIn/sn2006jd.p0914.dat,E,34.077487210210776,0.1,0.01,1.252582446113421,-0.6123723553081648,1.0
3073,SNIb-pec/sn2009er.m0006.dat,E,34.07987735500566,0.11000000000000001,0.07992876622876502,1.1559668242640828,-0.877426777227933,1.0
3074,SNII/sn2004et.p0392.dat,E,34.10069470410634,0.09000000000000001,0.016162495202212804,1.137468952802265,-2.0,0.979456029287938
3075,SNIIb/sn1993J.p2901.dat,E,34.103392813593565,0.1,0.3247814419385869,1.0605215975088098,0.34998646503044617,1.0
3076,SNIIn/sn2005ip.p0168.dat,E,34.11070876450561,0.1,0.01,1.2392577538227905,-1.2933869734696768,1.0
3077,SNII/sn2005cs.p0004.dat,E,34.112866417642536,0.1,0.4993735027821004,1.000012231176019,0.7327825306433865,1.0
3078,SNII/sn1987A.p0338.dat,E,34.114087193592916,0.09000000000000001,0.01,1.1805126355923163,0.008459550622977501,1.0
3079,SNIIn/sn1994Y.p0296.dat,E,34.11588057967416,0.1,0.01,1.2520097638517593,-0.7663627141775882,1.0
3080,SLSN-IIn/sn2006gy.m0032.dat,E,34.12424684647786,0.1,0.051335221273946505,0.9501244125392779,-2.0,1.0
3081,SNIb/sn2008D.m0017.dat,E,34.1338330940782,0.11000000000000001,0.025115385145608647,1.127911082356419,-2.0,1.0
3082,SNIIb/sn1993J.p0341.dat,E,34.13698801673438,0.13,0.015490238935517948,1.1626243964799505,-2.0,0.9984096263715646
3083,SNIIn/sn2010jl.p0815.dat,E,34.13726754254777,0.1,0.01,1.2489846054030398,-0.8160781460633222,1.0
3084,SNIIn/sn1988Z.p0811.dat,E,34.14146652374047,0.1,0.01,1.2371906618184312,-1.2530795683357532,1.0
3085,SLSN-II/sn2020hgr.m0010.dat,E,34.14325742396208,0.11000000000000001,0.09598907901544429,1.1619602732677643,-0.34585627659425067,1.0
3086,SNIb/sn2008D.m0016.dat,E,34.14678146158109,0.11000000000000001,0.0254137105889424,1.1205127527611214,-2.0,1.0
3087,SNIb-n/sn2006jc.p0042.dat,E,34.15672687217748,0.1,0.4492487202825836,1.1513225160118425,0.7961526439788923,1.0
3088,SNIIn/sn1988Z.p0782.dat,E,34.15980706249223,0.1,0.01,1.2434436781393317,-1.267395452121943,1.0
3089,SNIb-n/sn2006jc.p0013.dat,E,34.15996567604092,0.11000000000000001,0.5020514609258581,1.1843397379572702,1.1091586916689742,1.0
3090,SNIb-n/sn2006jc.p0012.dat,E,34.161627502820096,0.11000000000000001,0.19756790273131203,1.182282880247424,0.8038752375242206,1.0
3091,SNIIb/sn1993J.p0948.dat,E,34.165438268957054,0.1,0.03212617597329366,1.1456332871800603,-1.5108250737800928,1.0
3092,SNIb-n/sn2006jc.p0047.dat,E,34.18222230692278,0.1,0.5877306667549246,1.161572732961881,1.1285726389820692,1.0
3093,SNIb-n/sn2006jc.p0030.dat,E,34.184598862292745,0.11000000000000001,0.09276264656837378,1.2142638933081544,-0.3393032534935052,1.0
3094,SNIa-SS/sn2005hk.m0009.dat,E,34.189577127343924,0.11000000000000001,0.06417849047252838,1.17545902907366,-0.6669798162681863,1.0
3095,SNIa-CN/sn1994ae.p0366.dat,E,34.19851380715704,0.11000000000000001,0.31684598386209645,1.226283160035539,2.0,1.0
3096,SLSN-I/snPTF13ajg.p0008.dat,E,34.20581668151611,0.11000000000000001,0.05888217231571517,1.1887546138050367,-0.9229473538295772,1.0
3097,SNIIn/sn2010jl.p0901.dat,E,34.207104006490795,0.1,0.01,1.259282823453767,-0.30576739007726567,1.0
3098,SNIb-n/sn2006jc.p0020.dat,E,34.20755689169856,0.11000000000000001,0.15011096948875213,1.207662949687108,0.07428590352797777,1.0
3099,SNIIn/sn1988Z.p0112.dat,E,34.209201053127885,0.1,0.05496588994899242,1.172104308120132,-0.7213847721092509,1.0
3100,SNIIb/sn2008ax.m0019.dat,E,34.21123159794605,0.11000000000000001,0.034345129253457,1.0376221545483815,-1.9971805603621717,1.0
3101,SNIIn/sn2006jd.p0406.dat,E,34.215823401820735,0.1,0.01,1.2548823157426867,-0.8877806182548003,1.0
3102,SNIIn/sn2006jd.p0409.dat,E,34.22167436776721,0.1,0.01,1.2546047741676503,-0.6620945379492832,1.0
3103,SNIIn/sn2006jd.p0415.dat,E,34.22254809275092,0.1,0.01,1.2545210844213854,-0.6840443315843543,1.0
3104,SNIb-n/sn2006jc.p0019.dat,E,34.22256901114976,0.11000000000000001,0.15289223510197672,1.206597532023636,0.08672202265941514,1.0
3105,SNIa-SS/sn2000cx.p0115.dat,E,34.23359724918646,0.11000000000000001,0.06913496710097106,1.2096497937474537,-0.016106387079735364,1.0
3106,SNIIn/snPTF12csy.p0457.dat,E,34.23958988782961,0.1,0.013133683441595384,1.2448305092418335,-0.8381639224035644,1.0
3107,SNII/sn1987A.p0005.dat,E,34.242148287143074,0.1,0.01,0.9186845115079504,1.2611328887583726,1.0
3108,SNIb-n/sn2006jc.p0017.dat,E,34.24447419208431,0.11000000000000001,0.1155989745587568,1.2099587830373253,-0.14255699860377424,1.0
3109,SNIb-n/sn2006jc.p0004.dat,E,34.25209270515435,0.11000000000000001,0.09720781871344356,1.1883189733124442,-0.16390548131441143,1.0
3110,SNII/sn2002gd.p0037.dat,E,34.2550918121032,0.11000000000000001,0.02803366071959694,1.0944947088705756,-2.0,1.0
3111,SNIb-n/sn2006jc.p0038.dat,E,34.25721288158002,0.1,0.44039785508955337,1.168458578414877,0.8675656339582704,1.0
3112,SNIb-n/sn2006jc.p0063.dat,E,34.25863885961182,0.11000000000000001,0.012712288803986152,1.2289525426961556,-1.8475676234648597,1.0
3113,SNIIn/sn1995N.p1791.dat,E,34.26412867214284,0.1,0.01,1.2564224191021798,-0.3545987558425562,1.0
3114,SNIb-n/sn2006jc.p0035.dat,E,34.265252363974334,0.11000000000000001,0.04200792672590841,1.2274094008449155,-0.9618578483275607,1.0
3115,SNIb-pec/sn2007uy.m0013.dat,E,34.27095244803778,0.11000000000000001,0.017742880179098707,1.188644850774292,-2.0,1.0
3116,SNIb-n/sn2006jc.p0064.dat,E,34.276553881641604,0.11000000000000001,0.014972253603937457,1.22296126081539,-1.9338453032541094,1.0
3117,SNIb-n/sn2006jc.p0033.dat,E,34.28085602841207,0.11000000000000001,0.033467652842980394,1.2302255472763517,-1.1573375489474391,1.0
3118,SNIa-SS/sn2000cx.p0119.dat,E,34.28145652312585,0.11000000000000001,0.08056443223006315,1.2141916821929166,0.13194106884184906,1.0
3119,Gap/sn2000ch.p1454.dat,E,34.286861897583165,0.1,0.01,1.2478734654216,-0.9517595897531044,1.0
3120,SNIIn/sn1988Z.p0481.dat,E,34.29890343856022,0.1,0.010207030952838477,1.265559222070284,0.08486918288114911,1.0
3121,SNIb-n/sn2006jc.p0061.dat,E,34.304449132550914,0.11000000000000001,0.014248106151069435,1.2359432013973728,-1.909633636417187,1.0
3122,SNIa-CL/sn2005bl.m0006.dat,E,34.31194238798359,0.11000000000000001,0.01353099799282087,1.2134729361123913,-1.8793456104066195,1.0
3123,SNII/sn2006bp.p0003.dat,E,34.33556558136867,0.07,2.7098882227017276,0.31624325102900686,1.3368190426004387,0.9814076666035776
3124,SNII/sn1999em.p0008.dat,E,34.33690309520414,0.11000000000000001,0.015333954427812166,1.2051595942836382,-2.0,1.0
3125,SNII/sn1987A.p0407.dat,E,34.33980867681082,0.1,0.01,1.2125431580527193,-0.3071200580091311,1.0
3126,SNIb-n/sn2006jc.p0065.dat,E,34.34339501978553,0.11000000000000001,0.012324360694565252,1.2379265332248293,-2.0,1.0
3127,SLSN-II/snCSS121015.p0431.dat,E,34.351766727596114,0.07,0.056393987887802546,0.766278981475922,-2.0,0.9965082951924938
3128,SNIb-n/sn2006jc.p0011.dat,E,34.35476937993811,0.11000000000000001,0.09489354719522217,1.2188033987549385,-0.22084190547561025,1.0
3129,SNIb-n/sn2006jc.p0010.dat,E,34.358397336792976,0.11000000000000001,0.085905471597471,1.218148865194198,-0.31203688870509777,1.0
3130,SNII/sn2009N.p0412.dat,E,34.36844752259207,0.1,0.01,1.223516218216645,-1.5819808232105237,1.0
3131,SNII/sn1987A.p0398.dat,E,34.38331427415965,0.1,0.01,1.2201852417957617,0.07330978981731703,1.0
3132,SNII/sn1987A.p0586.dat,E,34.38463961690018,0.1,0.02411009905508452,1.2113909045407587,0.06309486724868743,1.0
3133,SNIIn/sn2006jd.p1513.dat,E,34.391624807219465,0.1,0.01,1.270006175141841,0.6112107056517012,1.0
3134,SNIa-SS/sn2000cx.p0124.dat,E,34.39324746492305,0.11000000000000001,0.05569536704220159,1.2300627569984641,0.06219108998606422,1.0
3135,SNIIn/sn1988Z.p0475.dat,E,34.39483841130674,0.1,0.04277615136353538,1.2684023428432705,2.0,1.0
3136,SNIIb/sn1993J.p0770.dat,E,34.39521256483816,0.1,0.10413238988576702,1.151313356455312,-0.4153785374399624,1.0
3137,SNIIn/sn1995N.m0276.dat,E,34.39914008739593,0.1,0.01,1.2705630007446724,1.0399712448740648,1.0
3138,SNIIn/sn2006jd.p0040.dat,E,34.40256377031143,0.11000000000000001,0.012349839527445746,1.2191599586066926,-1.9105056332143584,1.0
3139,SNIIn/sn1988Z.p1124.dat,E,34.403269078018695,0.1,0.01,1.2702884189947592,0.8396566353476943,1.0
3140,SNIb-n/sn2006jc.p0008.dat,E,34.40984083342889,0.11000000000000001,0.06793035122345807,1.2256809942608495,-0.4632673725394655,1.0
3141,SNIb-n/sn2006jc.p0009.dat,E,34.411310883811254,0.11000000000000001,0.06271248007044855,1.2278009165044226,-0.5125027280217489,1.0
3142,SNII/sn1987A.p0422.dat,E,34.41423998781537,0.1,0.01,1.215639359103071,-0.13122472386833184,1.0
3143,SNII/sn2004et.p0456.dat,E,34.42898468749758,0.1,0.012293199201774062,1.1894594182839087,-2.0,0.9677256761976527
3144,SNIIn/sn1995N.m0043.dat,E,34.430248623909364,0.1,0.01,1.2705511067821342,0.83218167640779,1.0
3145,SNIIn/sn2006jd.p0034.dat,E,34.434001660610306,0.11000000000000001,0.011109707747468613,1.222426415199702,-2.0,1.0
3146,SNII/sn1987A.p0513.dat,E,34.43876745987216,0.1,0.01,1.209307778964139,-0.6142760018723882,1.0
3147,SNII/sn1987A.p0497.dat,E,34.44266888776957,0.1,0.01,1.2058793324602084,-0.653223034335942,1.0
3148,SNIb-n/sn2006jc.p0007.dat,E,34.443080012614466,0.11000000000000001,0.04918207305799934,1.2315240109133894,-0.696637182170401,1.0
3149,SNIIn/sn1988Z.p3691.dat,E,34.44615343962468,0.1,0.01,1.2724096386773327,0.1088663035394041,1.0
3150,SNII/sn1987A.p0525.dat,E,34.45185863966945,0.1,0.01,1.210437346123054,-0.642234621645439,1.0
3151,SNIb-n/sn2006jc.p0075.dat,E,34.45811963295537,0.11000000000000001,0.011293506189146268,1.2402868348761298,-2.0,1.0
3152,SNIIn/sn1995N.p0051.dat,E,34.463740851161766,0.1,0.01,1.2709018350110508,0.803824722937311,1.0
3153,SNIIn/sn2005kj.p0006.dat,E,34.463978860388565,0.11000000000000001,0.013957356054306536,1.1972431170455162,-2.0,1.0
3154,SNIa-CN/sn1994D.p0611.dat,E,34.4827561131195,0.11000000000000001,0.16640120663124783,1.2485060861922308,2.0,1.0
3155,SNIb-n/sn2006jc.max.dat,E,34.4874904820485,0.11000000000000001,0.016295557312806176,1.2335501881853623,-1.2460694531082253,1.0
3156,SNIb-n/sn2006jc.p0006.dat,E,34.48938976699185,0.11000000000000001,0.035125510095201457,1.234912899967977,-0.7160492392642839,1.0
3157,SNIa-CN/sn1998bu.p0189.dat,E,34.49921141487879,0.11000000000000001,0.033447957363241645,1.2397415630267377,-0.1538972828810213,1.0
3158,SNIIn/sn2006jd.p0092.dat,E,34.502784746114465,0.11000000000000001,0.01,1.23365653161493,-1.8787302841124844,1.0
3159,SNIa-CN/sn1998bu.p0178.dat,E,34.5123110421939,0.11000000000000001,0.02875176503043701,1.2419398454906971,-0.28886116011691115,1.0
3160,SNIa-CN/sn1998aq.p0229.dat,E,34.51386612979614,0.11000000000000001,0.04337916255231031,1.240029694140373,0.1056631668515008,1.0
3161,SNIb-nIIb-n/sn2005la.p0019.dat,E,34.51482374308045,0.08,3.0,0.6739480925620291,1.6869782672363614,0.9604290711260703
3162,SNIa-CN/sn1995D.p0275.dat,E,34.5175578766146,0.11000000000000001,0.16122840169623665,1.2518286702520642,2.0,1.0
3163,SNIIn/sn2006jd.p0065.dat,E,34.533327676103575,0.11000000000000001,0.01,1.2368661938406458,-1.88735167880159,1.0
3164,SNIIb/sn2008ax.m0020.dat,E,34.534242337497076,0.11000000000000001,0.014826239404562855,1.1949384201418043,-2.0,1.0
3165,SNIa-CN/sn1998bu.p0242.dat,E,34.53864696206204,0.11000000000000001,0.020014467217654448,1.243769971918362,-0.7411193364357269,1.0
3166,SNIa-CN/sn1998aq.p0210.dat,E,34.541106555003374,0.11000000000000001,0.041808310417885707,1.2462583287978293,0.03584579570533136,1.0
3167,SNIa-CN/sn1998bu.p0207.dat,E,34.56152241150367,0.11000000000000001,0.03607537128209157,1.2493220151127973,0.09237605191924124,1.0
3168,SNII/sn2006bp.p0006.dat,E,34.56156903359,0.07,0.43458478916972504,0.8102536909688711,0.006620103968865412,0.9801310097540518
3169,SNIa-SS/sn2000cx.p0141.dat,E,34.56375627855632,0.11000000000000001,0.014720231779458722,1.2541245297083061,-0.7339210963120991,1.0
3170,SNIa-CN/sn1998aq.p0239.dat,E,34.56616109011416,0.11000000000000001,0.06830006589756438,1.2484874846851912,0.7835804393134621,1.0
3171,SNIIn/sn2006jd.p0060.dat,E,34.58269676390683,0.11000000000000001,0.042792674238549495,1.2168789323741618,-0.4098338800061736,1.0
3172,SNIIn/sn2006jd.p0184.dat,E,34.58458123905792,0.11000000000000001,0.01,1.2423372968735227,-1.6330775779851938,1.0
3173,SNIa-CN/sn1998bu.p0216.dat,E,34.58621189263451,0.11000000000000001,0.017888481726677646,1.2518006055850366,-0.6471658222861159,1.0
3174,SNIIb/sn1993J.p0590.dat,E,34.60088797462724,0.07,0.08629346121294093,1.1439607353172492,-0.6568116395263115,1.0
3175,SNIIb/sn1993J.p0655.dat,E,34.60114881879143,0.07,0.08601905877570118,1.1439842826644206,-0.6565631752684359,1.0
3176,SNIa-BL/sn2007af.p0301.dat,E,34.60694722776625,0.11000000000000001,0.07813663674294954,1.2560470461702566,1.2078085646039958,1.0
3177,SNIa-CN/sn1995D.p0283.dat,E,34.609367795975665,0.11000000000000001,0.15682580304502658,1.2611374762851237,2.0,1.0
3178,SNII/sn2006bp.p0002.dat,E,34.60999752055767,0.07,1.7871418187702366,0.5279977522685991,1.1542247165649706,0.9814076666035776
3179,SNII/sn1987A.p0360.dat,E,34.61416315859208,0.09000000000000001,0.01,1.2032002999007083,1.656268076360263,1.0
3180,SNIIn/sn2006jd.p0121.dat,E,34.64139523665702,0.11000000000000001,0.01,1.2568760511739765,-1.3496680029334547,1.0
3181,SNIb-n/sn2006jc.p0070.dat,E,34.642241323448985,0.1,0.02594625188985941,1.1824825015235134,-1.6455555585297168,1.0
3182,SNIa-SS/sn2000cx.p0154.dat,E,34.64711960463471,0.11000000000000001,0.011186421689218806,1.2651243566805213,-0.6715866389297795,1.0
3183,SNIc-bl/sn1998bw.p0029.dat,E,34.6646022964695,0.08,0.6738106941169005,0.5374388558770988,0.18702403606317486,0.9526237679521936
3184,SNIa-SS/sn2000cx.p0181.dat,E,34.733468965800846,0.11000000000000001,0.01,1.2762788489842007,-0.45935005075347723,1.0
3185,SNIIn/sn2006jd.p0119.dat,E,34.743104378534426,0.11000000000000001,0.01,1.2527438779135376,-1.4124722516694495,1.0
3186,SNIIb/sn1993J.p2960.dat,E,34.751524273431954,0.11000000000000001,0.01,1.259954235387296,-1.302729494425952,1.0
3187,SNIIn/sn2006jd.p0440.dat,E,34.816336065742526,0.11000000000000001,0.01,1.2935847191472725,2.0,1.0
3188,SNII/sn1999em.p0006.dat,E,34.81873266203499,0.11000000000000001,0.014532759963617558,1.2119442125797502,-2.0,0.9753709941373461
3189,SNIc/sn2004aw.p0403.dat,E,34.82108750274003,0.12000000000000001,0.01,1.2815155761980452,1.0432565657547197,0.9919638398659435
3190,Gap/sn2019abn.p0053.dat,E,34.8398187775772,0.11000000000000001,0.01,1.293653559521922,2.0,1.0
3191,SNII/sn2004et.p0305.dat,E,34.876243904704246,0.1,0.01,1.2488764231665388,-0.5955527420955986,1.0
3192,SNIc/sn2005kl.p0008.dat,E,34.922224256826695,0.11000000000000001,0.01,1.2908455603448752,2.0,1.0
3193,SNII/sn2004et.p0176.dat,E,34.92365567548639,0.09000000000000001,0.01,1.1936615166030082,-1.4356121269418232,1.0
3194,SNII/sn2005cs.p0177.dat,E,34.99773297373176,0.11000000000000001,0.01,1.2896458039242382,2.0,1.0
3195,SNIb-nIIb-n/sn2005la.p0014.dat,E,35.000417786618364,0.09000000000000001,1.862458103195654,0.5758540861266601,1.2537218300335757,0.9601420645781887
3196,SNII/sn2005cs.p0133.dat,E,35.037005803813365,0.11000000000000001,0.01,1.2900845867561022,2.0,1.0
3197,SNII/sn2005cs.p0166.dat,E,35.04865018523518,0.11000000000000001,0.01,1.289117332378084,2.0,1.0
3198,SNII/sn2006bp.p0025.dat,E,35.06156189896553,0.09000000000000001,0.21865215233470414,0.7882602533252107,-0.6641875237376037,0.9575449217526346
3199,SNII/sn2005cs.p0005.dat,E,35.137731709355975,0.09000000000000001,2.9180091430717416,0.6545557634255514,1.86162622078121,0.9510293055731069
3200,SNII/sn1999em.p0005.dat,E,35.187008478203595,0.11000000000000001,0.01,1.2925098045390395,2.0,0.9753709941373461
3201,SNII/sn2006bp.p0008.dat,E,35.27669887709567,0.07,0.12680017452277567,1.0568522613254103,-0.49844436044070894,0.9814076666035776
3202,SNIIb/sn1993J.p0150.dat,E,35.2826479453296,0.1,0.010729945709068775,1.2099557044244962,-1.7954501473080067,0.9599642622493234
3203,SNII/sn2006bp.p0012.dat,E,35.3178793870878,0.07,0.024166107433138982,1.1804132884124663,-1.4026367480179478,0.9801310097540518
3204,Gap/sn2019abn.m0024.dat,E,35.34277743885389,0.1,0.027803749966726337,1.1206582100945974,-2.0,0.9690147259877945
3205,SNIb/sn2009iz.p0015.dat,E,35.35983024122729,0.07,0.01,1.2460065412439731,-1.5269274900268661,1.0
3206,SNIc-bl/sn2002ap.p0270.dat,E,35.36139534355271,0.11000000000000001,0.01,1.2588088604568417,-0.7361612340866431,0.9572960915319649
3207,SNIIb-flash/sn2013cu.max.dat,E,35.531008661633,0.07,2.23906849203456,0.7582393614217976,2.0,0.9595300036570854
3208,SNII/sn2006bp.p0010.dat,E,35.549082232258876,0.07,0.02984124596814718,1.1515086347192045,-1.4752099288366973,0.9814076666035776
3209,SNII/sn2006bp.p0016.dat,E,35.72229305623488,0.07,0.01,1.2088100918668834,-1.9965117343425876,0.9814076666035776
3210,SNII/sn2006bp.p0021.dat,E,35.82524618903546,0.07,0.01,1.2170995563437346,-1.7729326588243617,0.9814076666035776
3211,SNII/sn2006bp.p0338.dat,E,35.96505927285797,0.09000000000000001,0.011048558867274167,1.1864282707972795,-2.0,0.9575449217526346
3212,SNII/sn2005cs.p0018.dat,E,36.06632953901533,0.07,0.06375266816945752,1.1903487199495586,-0.15940937576600162,0.9556305032175967
3213,SNIIb/sn1993J.p0184.dat,E,36.368041684196996,0.07,0.01,1.271838081848403,2.0,0.9711585938333627
3214,SNIIn/sn2010jl.p0208.dat,E,36.65451726494678,0.07,0.01,1.2704143971218211,2.0,0.951719292574388
3215,SNII/sn1987A.p0472.dat,E,37.10610901824524,0.09000000000000001,0.01,1.2477167728493463,2.0,1.0
3216,SNIIn/sn2010jl.p0766.dat,E,37.658105729314755,0.13,0.01,1.301665049755431,2.0,0.9522593991465048
3217,SNII/sn1987A.p0374.dat,E,38.65103210483964,0.09000000000000001,0.01,1.1222785908601933,2.0,1.0
3218,SNII/sn1987A.p0008.dat,E,46.64255561291385,0.09000000000000001,0.01,0.35951689695263095,2.0,1.0
3219,SNII/sn1987A.p0018.dat,E,86.8177296774372,0.09000000000000001,0.01,0.0,2.0,1.0
3220,SNII/sn1987A.p0014.dat,E,164.83332979558054,0.09000000000000001,0.01,0.0,2.0,1.0
3221,SNII/sn1987A.p0128.dat,E,206.89196458227505,0.08,0.01,0.0,2.0,1.0
3222,SNII/sn1987A.p0070.dat,E,406.6671854109273,0.09000000000000001,0.01,0.0,2.0,1.0
3223,SNII/sn1987A.p0021.dat,E,453.6654584373924,0.09000000000000001,0.01,0.0,2.0,1.0
3224,SNII/sn1987A.p0027.dat,E,666.7909670949463,0.09000000000000001,0.01,0.0,2.0,1.0
3225,SNII/sn1987A.p0107.dat,E,680.5046245130778,0.09000000000000001,0.01,0.0,2.0,1.0
3226,SNII/sn1987A.p0095.dat,E,2140.7171075796064,0.13,0.01,0.0,2.0,1.0
3227,SNII/sn1987A.p0044.dat,E,3584.461697811855,0.13,0.01,0.0,2.0,1.0
3228,SNII/sn1987A.p0073.dat,E,3626.666160000805,0.13,0.01,0.0,2.0,1.0
3229,SNII/sn1999br.p0041.dat,E,461436.4887202323,0.07,0.01,3.0,2.0,1.0
3230,SNIa-CN/sn2003kf.p0397.dat,E,1752432381.9660158,0.09000000000000001,0.01,3.0,2.0,0.9813772434017596
3231,Gap/sn2007sv.p0025.dat,E,inf,0.1,2.2750396690578403,0.494988562363851,1.060254036299832,1.0
3232,SNII/sn2012aw.p0305.dat,E,inf,0.09000000000000001,0.019280285362915973,1.0972326998814663,-2.0,1.0
3233,SNII/sn2009N.p0057.dat,E,inf,0.1,0.6522589991252924,0.6565235026862647,0.18140676059292124,1.0
3234,SNII/sn2009N.p0046.dat,E,inf,0.09000000000000001,0.29749395089693614,0.39271868082318667,-0.8497242408302751,1.0
3235,SNIc/sn1994I.p0116.dat,E,inf,0.13,3.0,0.4508918690407761,1.1932552857796097,1.0
3236,SLSN-I/sn2010gx.p0057.dat,E,inf,0.12000000000000001,2.997446560565129,0.3096365939846022,0.986280492930124,1.0
3237,SLSN-I/snPTF13ajg.p0046.dat,E,inf,0.11000000000000001,3.0,0.446097060960714,1.1837603793539422,1.0
3238,SLSN-I/snPTF13ajg.p0010.dat,E,inf,0.11000000000000001,3.0,0.446097060960714,1.1837603793539422,1.0
3239,Gap/sn2015dl.p0005.dat,E,inf,0.1,0.4182903515994312,0.4971564500664486,-0.6134793504986481,1.0
3240,SNIb/sn2005bf.p0213.dat,E,inf,0.1,0.3604050033173969,0.21414984912982238,-1.0126551019079146,1.0
3241,SNIIn/sn1988Z.p0742.dat,E,inf,0.1,0.02888843090361537,1.0831860433812208,-1.9773676118726737,1.0
3242,SNIIb-flash/sn2013cu.m0003.dat,E,inf,0.07,2.23906849203456,0.7582393614217976,2.0,0.9595300036570854
3243,SLSN-I/snPS1-10awh.m0018.dat,E,inf,0.11000000000000001,0.40159897555879126,1.0975511799774542,0.428399605150187,1.0
3244,SNIIn/sn2010jl.p0021.dat,E,inf,0.11000000000000001,0.01,1.2423372968735227,-1.6330775779851938,1.0
3245,SLSN-I/sn2010gx.m0005.dat,E,inf,0.13,0.9768007607506847,0.5398747760162341,0.4513064416337708,1.0
3246,SNII/sn2012aw.p0012.dat,E,inf,0.09000000000000001,0.01,0.0,2.0,1.0
3247,SNII/sn2004dj.p0065.dat,E,inf,0.09000000000000001,0.01,0.0,2.0,1.0
3248,SLSN-I/snPTF13ajg.p0080.dat,E,inf,0.12000000000000001,3.0,0.45664477213646126,1.081024503802818,1.0
3249,Gap/sn2017be.p0037.dat,E,inf,0.1,0.4182903515994312,0.4971564500664486,-0.6134793504986481,1.0
3250,SLSN-I/snASASSN-15lh.p0020.dat,E,inf,0.13,0.9768007607506847,0.5398747760162341,0.4513064416337708,1.0
3251,Gap/sn2019abn.m0013.dat,E,inf,0.09000000000000001,1.5324351193530725,0.0,0.33263673916949743,1.0
3252,SLSN-I/snSCP06F6.m0004.dat,E,inf,0.11000000000000001,0.4496183743578392,1.0832459287992562,0.543837181062845,1.0
3253,Gap/sn2015dl.p0000.dat,E,inf,0.1,0.027803749966726337,1.1206582100945974,-2.0,0.9690147259877945
3254,SLSN-I/snPS1-11ky.p0015.dat,E,inf,0.11000000000000001,0.37450183771779466,1.0688788098799553,0.22938645470146268,1.0
3255,Gap/sn2001ac.p0013.dat,E,inf,0.09000000000000001,0.012471529629004734,1.1928634872423982,-1.718060583048571,1.0
3256,Gap/sn2000ch.p0028.dat,E,inf,0.07,0.2216701144384029,0.0,-1.8558094408926666,1.0
3257,SLSN-I/sn2006oz.m0020.dat,E,inf,0.11000000000000001,0.37450183771779466,1.0688788098799553,0.22938645470146268,1.0
3258,SLSN-I/snSNLS-06D4eu.m0023.dat,E,inf,0.13,0.9768007607506847,0.5398747760162341,0.4513064416337708,1.0
3259,SNII/sn2012aw.p0015.dat,E,inf,0.1,3.0,0.5195711653862845,1.5493934747866642,1.0
3260,SLSN-I/snPTF13ajg.m0009.dat,E,inf,0.12000000000000001,3.0,0.37325278467034123,1.0726549118178232,1.0
3261,SNII/sn1987A.p0061.dat,E,inf,0.1,0.01,1.215639359103071,-0.13122472386833184,1.0
3262,SLSN-I/snASASSN-15lh.p0015.dat,E,inf,0.11000000000000001,0.24459216897262936,1.050110056938016,-0.2042241403476948,1.0
3263,SLSN-I/snSCP06F6.p0001.dat,E,inf,0.12000000000000001,1.5634845039931526,0.0,0.3302397738198415,1.0
3264,SLSN-I/sn2011kf.p0051.dat,E,inf,0.11000000000000001,2.8797068798295915,0.0,0.9545221337246186,1.0
3265,SLSN-IIn/sn2006gy.p0055.dat,E,inf,0.09000000000000001,0.28838957472285637,0.0,-1.7052955381751405,1.0
3266,SNII/sn2004dj.p0066.dat,E,inf,0.09000000000000001,0.11954387836038627,0.5314050442752528,-1.872011005722309,1.0
3267,SLSN-I/snPS1-11bam.p0005.dat,E,inf,0.11000000000000001,2.8797068798295915,0.0,0.9545221337246186,1.0
3268,SLSN-I/snPS1-11bam.p0003.dat,E,inf,0.11000000000000001,3.0,0.9045823168619505,1.682040455527474,1.0
3269,SLSN-I/snPTF13ajg.p0027.dat,E,inf,0.11000000000000001,3.0,0.9045823168619505,1.682040455527474,1.0
3270,SLSN-IIn/sn2006gy.p0109.dat,E,inf,0.09000000000000001,0.28838957472285637,0.0,-1.7052955381751405,1.0
3271,Gap/sn2007sv.p0031.dat,E,inf,0.09000000000000001,0.012471529629004734,1.1928634872423982,-1.718060583048571,1.0
3272,SLSN-IIn/sn2006gy.p0027.dat,E,inf,0.08,0.20865391058256386,0.0,-2.0,1.0
3273,SLSN-I/snPS1-10awh.p0013.dat,E,inf,0.11000000000000001,3.0,0.8675520086116173,1.46699668370827,1.0
3274,SNII/sn1999gi.p0106.dat,E,inf,0.09000000000000001,0.19531298176769948,0.4495939830887657,-1.5831679499370157,1.0
3275,SLSN-I/snSNLS-07D2bv.m0164.dat,E,inf,0.1,1.2279238955197969,0.29834754878950526,0.3973125184400942,1.0
3276,SNII/sn2004dj.p0056.dat,E,inf,0.1,0.31902874026497324,0.9902994037719245,-0.05693155517001665,1.0
3277,SLSN-IIn/sn2006gy.p0023.dat,E,inf,0.1,0.2679038526880862,0.7642889097326824,-0.5545836357492555,1.0
3278,SNIIn/sn2007pk.p0080.dat,E,inf,0.09000000000000001,1.0640507313836483,0.0,0.018338966316508137,1.0
3279,Gap/snLSQ13zm.p0244.dat,E,inf,0.09000000000000001,0.23392162895064886,0.0,-1.8461818440381683,1.0
3280,SNIIn/sn1994Y.p0182.dat,E,inf,0.1,0.01,1.2709018350110508,0.803824722937311,1.0
3281,SNIIn/sn1988Z.p0669.dat,E,inf,0.09000000000000001,1.7281321010012747,0.0,0.44844569713178084,1.0
3282,SNII/sn1987A.p0251.dat,E,inf,0.09000000000000001,0.31840785920901904,0.44411574549009336,-0.9869188132757314,0.9984825891281872
3283,SNIb/sn2004gq.p0297.dat,E,inf,0.09000000000000001,0.2721448645728318,0.42236036298141455,-1.1350142832229535,1.0
3284,SLSN-I/snPTF13ajg.m0008.dat,E,inf,0.11000000000000001,0.24459216897262936,1.050110056938016,-0.2042241403476948,1.0
3285,SLSN-I/snSCP06F6.m0016.dat,E,inf,0.11000000000000001,3.0,0.19370451220243043,1.0544300308069263,1.0
3286,SLSN-I/snPS1-11ky.p0001.dat,E,inf,0.08,3.0,0.512091128743913,1.2506529662153267,1.0
3287,SLSN-I/snPS1-10awh.p0006.dat,E,inf,0.12000000000000001,3.0,0.07477165001456437,0.9688567772432988,1.0
3288,SLSN-I/snPTF11rks.p0044.dat,E,inf,0.11000000000000001,1.7341244311713648,0.0,0.5651192139472093,1.0
3289,SNII/sn2004dj.p0100.dat,E,inf,0.11000000000000001,0.1801471842547736,1.0959585018077538,-0.09306608964935009,1.0
3290,Gap/sn2000ch.p0055.dat,E,inf,0.07,0.30597661401401277,0.0,-1.4689288432338656,1.0
3291,SLSN-I/snPS1-11ky.m0002.dat,E,inf,0.12000000000000001,3.0,0.0,1.1003814055048617,1.0
3292,SNII/sn2009N.p0025.dat,E,inf,0.09000000000000001,1.479271697667424,0.5284742144017358,0.9378984469151221,1.0
3293,SLSN-IIn/snPTF10scc.p0067.dat,E,inf,0.09000000000000001,0.26635679085199604,0.0,-1.6576431648634324,1.0
3294,SNII/sn2004dj.p0051.dat,E,inf,0.07,0.01,1.2170995563437346,-1.7729326588243617,0.9814076666035776
3295,SLSN-I/sn2010gx.p0010.dat,E,inf,0.12000000000000001,3.0,0.0,1.1003814055048617,1.0
3296,SNIIn/sn2010jl.p0169.dat,E,inf,0.1,0.01,1.2392577538227905,-1.2933869734696768,1.0
3297,SNII/sn2009N.p0372.dat,E,inf,0.1,0.011418077542089742,1.1702521744549421,-2.0,1.0
3298,SLSN-I/snLSQ12dlf.p0008.dat,E,inf,0.11000000000000001,1.3488626908047983,0.0,0.42461852834332414,1.0
3299,Gap/sn2017be.p0098.dat,E,inf,0.1,0.23605115934972584,0.9602283572448144,-0.23444332947503893,1.0
3300,SNII/sn1999em.p0048.dat,E,inf,0.07,2.7098882227017276,0.31624325102900686,1.3368190426004387,0.9814076666035776
3301,SNIb/sn2004gq.p0343.dat,E,inf,0.1,0.3689963069157783,0.47564805929953974,-0.7033833794631271,1.0
3302,SNII/sn1999em.p0094.dat,E,inf,0.07,2.7098882227017276,0.31624325102900686,1.3368190426004387,0.9814076666035776
3303,SLSN-I/snPTF13ajg.p0025.dat,E,inf,0.1,1.277200698648045,0.0,0.25885512161175606,1.0
3304,SLSN-I/snPS1-11ky.p0026.dat,E,inf,0.11000000000000001,3.0,0.585232091544444,1.1609073144487685,1.0
3305,SLSN-IIn/sn2006gy.p0084.dat,E,inf,0.11000000000000001,0.6172723552772174,0.7956331015034943,0.2017024315351272,1.0
3306,SNII/sn1999em.p0515.dat,E,inf,0.13,0.01,0.0,2.0,1.0
3307,SLSN-I/sn2010gx.p0021.dat,E,inf,0.1,3.0,0.17687835399226945,1.06812663056326,1.0
3308,SLSN-I/snASASSN-15lh.p0031.dat,E,inf,0.13,2.1590010920990625,0.0979964888687912,0.7627187153869213,1.0
3309,SNIIn/sn1998S.p0411.dat,E,inf,0.1,0.05205465938597863,1.0994835086072163,-1.2252381325315786,1.0
3310,SLSN-I/sn2011ke.p0036.dat,E,inf,0.12000000000000001,3.0,0.6279326469037422,1.256050752286499,1.0
3311,Gap/sn2015dl.p0119.dat,E,inf,0.09000000000000001,1.115083820529847,0.1453798859062154,0.16886576033665734,1.0
3312,SNII-flash/sniPTF14flu.p0013.dat,E,inf,0.11000000000000001,0.014248106151069435,1.2359432013973728,-1.909633636417187,1.0
3313,SNIIn/sn1998S.p0467.dat,E,inf,0.1,0.046452939507929364,1.1120750446469883,-1.2616560188753532,1.0
3314,SNIa-CSM/snASASSN-15og.p0036.dat,E,inf,0.1,0.09051671465957793,0.9988347135860354,-1.0036145921951265,1.0
3315,SLSN-II/sn2013hx.p0002.dat,E,inf,0.07,0.12338545685806909,0.30480258155896367,-2.0,0.9965082951924938
3316,SNIa-CSM/snASASSN-15og.p0087.dat,E,inf,0.1,0.10350253260479453,0.9671049971233782,-0.9604226246256488,1.0
3317,SNIa-CSM/sn1999E.p0004.dat,E,inf,0.1,0.07228372178021969,1.1554745080556008,-0.5359868278974537,1.0
3318,SNIa-CSM/sn2005gj.p0042.dat,E,inf,0.08,3.0,0.46891196332115415,1.411640299481629,1.0
3319,SNIa-CSM/sn2011km.p0712.dat,E,inf,0.1,1.1273502878692634,0.0,0.22911462082450929,1.0
3320,SLSN-II/snCSS121015.m0003.dat,E,inf,0.1,3.0,0.34724448954846715,1.0497040209782935,1.0
3321,SNII/sn2004dj.p0095.dat,E,inf,0.07,0.01,3.0,2.0,1.0
3322,SNIIn/sn1995G.p0251.dat,E,inf,0.11000000000000001,0.013957356054306536,1.1972431170455162,-2.0,1.0
3323,SNIIn/snLSQ12heq.p0042.dat,E,inf,0.09000000000000001,0.8799844515205165,0.208041125957466,0.04993811487401709,1.0
3324,SNIIn/sn2005kj.p0059.dat,E,inf,0.1,0.6360468984930859,0.9222701020187241,0.7129290966605856,1.0
3325,SNII/sn2012aw.p0092.dat,E,inf,0.09000000000000001,0.23193954503035674,0.48366753798233686,-1.1389534463940434,0.9820094155442092
3326,SLSN-II/snCSS121015.m0002.dat,E,inf,0.07,0.056393987887802546,0.766278981475922,-2.0,0.9965082951924938
3327,SNII/sn1987A.p0085.dat,E,inf,0.1,0.06725627114813577,0.8128627418953492,-1.8292751526597346,1.0
3328,SNII/sn2012aw.p0005.dat,E,inf,0.1,0.06725627114813577,0.8128627418953492,-1.8292751526597346,1.0
3329,SNII/sn1987A.p0001.dat,E,inf,0.11000000000000001,0.01,1.2896458039242382,2.0,1.0
3330,SNIIn/sn1998S.p0002.dat,E,inf,0.09000000000000001,0.8035474185264883,0.0,-0.43762498603286876,1.0
3331,SNII/sn2012aw.p0014.dat,E,inf,0.11000000000000001,0.45820273086728164,1.017759166080661,0.5957114869755162,1.0
3332,SNIIn/sn2006qq.p0058.dat,E,inf,0.1,0.020285200753413314,1.1758445962145008,-1.6843077154662534,1.0
3333,SNIIn/sn2008S.m0004.dat,E,inf,0.09000000000000001,0.47601133954333175,1.1321455298988534,0.8118243156334499,0.955265220486891
3334,SNIIn/sn1988Z.p0653.dat,E,inf,0.09000000000000001,0.019024750002019773,1.1052698924227686,-2.0,1.0
3335,SNIIn/sn2006bo.p0011.dat,E,inf,0.11000000000000001,0.01,1.2368661938406458,-1.88735167880159,1.0
3336,SNIIn/sn1995G.p0361.dat,E,inf,0.1,0.02421796231895537,1.117450989179733,-2.0,1.0
3337,SNIIn/sn1998S.p0326.dat,E,inf,0.1,0.24007391548287033,0.9433244315849719,-0.3469240393429485,1.0
3338,SNIIn/sn1998S.p0004.dat,E,inf,0.1,0.24007391548287033,0.9433244315849719,-0.3469240393429485,1.0
3339,SNII/sn2002gd.p0100.dat,E,inf,0.11000000000000001,0.3131539390725299,1.0604759141212894,0.20727536469365715,1.0
3340,SNII/sn2005cs.p0160.dat,E,inf,0.11000000000000001,0.3131539390725299,1.0604759141212894,0.20727536469365715,1.0
3341,SNIa-CSM/snASASSN-15og.p0056.dat,E,inf,0.1,3.0,0.20677445007832046,1.079002326744565,1.0
3342,SNIIn/sn2007pk.m0001.dat,E,inf,0.1,0.012234504188278062,1.2538193829545192,-0.6592799019926154,1.0
3343,SNIa-CSM/snASASSN-15og.p0020.dat,E,inf,0.1,0.15648350310336967,0.9348837316476138,-0.7442567651052813,1.0
3344,SNIa-CSM/sn2011km.p0043.dat,E,inf,0.1,0.1344721512268763,0.9497942537222802,-0.8460197067776256,1.0
3345,SNIc-bl/sn1998bw.m0009.dat,E,inf,0.11000000000000001,0.6681631927608074,0.0,-0.48528193780110557,1.0
3346,SNIa-CL/sn1999by.p0010.dat,E,inf,0.09000000000000001,3.0,0.49776733500339515,1.4279479799920232,1.0
3347,SNIa-CL/sn1999by.p0002.dat,E,inf,0.1,0.6318041346710758,0.01197799426273049,-0.3752320229513445,1.0
3348,SNIa-CL/sn1999by.m0002.dat,E,inf,0.11000000000000001,1.6866504013525516,0.24335958601539492,0.9678673499578027,1.0
3349,SNIa-CL/sn1999by.p0011.dat,E,inf,0.1,1.0396268011427554,0.0,0.06733324061715865,1.0
3350,SNIIb/sn2008ax.p0337.dat,E,inf,0.1,0.40539556026139484,0.30988093646536485,-0.6994594244325382,1.0
3351,SNIIb/sn1993J.p0047.dat,E,inf,0.1,0.8918905672678848,0.0,-0.13186957780498523,1.0
3352,SNIc-bl/sn1998bw.p0373.dat,E,inf,0.11000000000000001,0.38787042031584207,0.09480975447785871,-0.9356327002230647,1.0
3353,SNIIb/sn1998fa.p0037.dat,E,inf,0.1,0.010729945709068775,1.2099557044244962,-1.7954501473080067,0.9599642622493234
3354,SNIa-CN/sn1998aq.m0004.dat,E,inf,0.1,1.3495458639373608,0.8198939258490333,1.1919009583045,1.0
3355,SNIIb/sn2008ax.p0127.dat,E,inf,0.1,0.6552876706026728,0.26142756953631546,-0.3383579100014023,1.0
3356,SNIIb/sn1998fa.p0007.dat,E,inf,0.1,2.0618643401785417,0.5112190042780128,1.0651914729087906,1.0
3357,SNIa-CN/sn1998bu.max.dat,E,inf,0.13,1.7086923758153767,0.47421188914614826,0.8639391131189956,1.0
3358,SNIIb/sn1993J.p0215.dat,E,inf,0.1,0.8420917504889078,0.003217739487190278,-0.28679396103637256,1.0
3359,SNIIb/sn1998fa.p0016.dat,E,inf,0.1,0.30785280917758095,0.6400324466223972,-0.531626671535861,1.0
3360,SNIIb/sn2008ax.p0258.dat,E,inf,0.1,0.08437615486561875,0.6418929829569685,-2.0,1.0
3361,SNIa-BL/sn1999cl.p0005.dat,E,inf,0.11000000000000001,2.1440758222475393,0.4490735074188192,1.1058492566929448,1.0
3362,SNIIb/sn1993J.p0067.dat,E,inf,0.1,0.21121310986409314,0.6798202919773146,-1.0462489052475896,1.0
3363,SNIIb/sn2008ax.p0031.dat,E,inf,0.1,0.21121310986409314,0.6798202919773146,-1.0462489052475896,1.0
3364,SNIa-BL/sn2006cj.m0002.dat,E,inf,0.11000000000000001,0.5076520096505595,0.8416700746833703,0.13037207107567717,1.0
3365,SNIa-SS/sn1998ab.p0007.dat,E,inf,0.1,3.0,0.4728692255208862,1.549375190673659,1.0
3366,SNIa-SS/sn1998es.m0009.dat,E,inf,0.07,3.0,0.5966733546841443,1.5281001096342917,1.0
3367,SLSN-II/snCSS121015.p0027.dat,E,inf,0.09000000000000001,3.0,0.0656026153523216,1.0522832574638428,1.0
3368,SNIc-bl/sn2002ap.p0129.dat,E,inf,0.11000000000000001,0.802117133705476,0.0,-0.41906145853353927,1.0
3369,SNIa-CSM/snASASSN-15og.p0021.dat,E,inf,0.1,0.7018476476157475,0.14449549826239053,-0.305767666949933,1.0
3370,SNIa-CSM/snASASSN-15og.p0059.dat,E,inf,0.1,0.2109616432384706,1.0422452883337947,-0.048886843479756595,1.0
3371,SNIa-CSM/snASASSN-15og.p0055.dat,E,inf,0.1,1.078236274805719,0.0,0.08689922431756815,1.0
3372,SLSN-II/sn2013hx.p0018.dat,E,inf,0.1,3.0,0.5980125392678739,1.4085571136779216,1.0
3373,SNII/sn1999em.p0040.dat,E,inf,0.1,0.6641885846059323,0.2602158019735445,0.030668868729045583,1.0
3374,SNIIn/sn1988Z.p0701.dat,E,inf,0.1,0.01,1.2702884189947592,0.8396566353476943,1.0
3375,SNII/sn2005cs.p0193.dat,E,inf,0.09000000000000001,0.6101279788409499,0.31135684873982605,-0.3043155439074845,1.0
3376,SNIIn/sn2005kj.p0086.dat,E,inf,0.09000000000000001,0.21818471532382266,0.557903796445437,-1.211482651018871,1.0
3377,SNIIn/snLSQ12heq.p0020.dat,E,inf,0.09000000000000001,0.21818471532382266,0.557903796445437,-1.211482651018871,1.0
3378,SNIIn/sn2006jd.p0107.dat,E,inf,0.09000000000000001,0.21818471532382266,0.557903796445437,-1.211482651018871,1.0
3379,SNII/sn2012aw.p0026.dat,E,inf,0.08,0.15356741445153346,0.33519243967921736,-1.7129681815340034,1.0
3380,SNIIn/sn2005kj.p0066.dat,E,inf,0.11000000000000001,0.01,1.23365653161493,-1.8787302841124844,1.0
3381,SNIIn/snLSQ12hxg.p0072.dat,E,inf,0.1,1.9556974607196604,0.48935004403576515,1.072195676871259,1.0
3382,SNIc/sn2004aw.p0058.dat,E,inf,0.1,0.0915089758585034,0.8032601331122339,-1.4040598835544251,1.0
3383,SNII/sn2005cs.p0009.dat,E,inf,0.09000000000000001,0.691310350816403,0.0,-0.5126774294397684,1.0
3384,SNII/sn1999em.p0049.dat,E,inf,0.09000000000000001,0.691310350816403,0.0,-0.5126774294397684,1.0
3385,SNII/sn2012aw.p0009.dat,E,inf,0.09000000000000001,0.691310350816403,0.0,-0.5126774294397684,1.0
3386,SNII/sn2006ov.p0168.dat,E,inf,0.09000000000000001,0.691310350816403,0.0,-0.5126774294397684,1.0
3387,SNIIn/sn1988Z.p0442.dat,E,inf,0.1,1.9556974607196604,0.48935004403576515,1.072195676871259,1.0
3388,SNIIn/sn1994Y.p0205.dat,E,inf,0.09000000000000001,0.2774508633976898,0.6755105058948628,-0.7055554301524646,1.0
3389,SNIc/sn1990B.p0039.dat,E,inf,0.1,2.716085433259882,0.0,0.7433886098792576,1.0
3390,SNII/sn2004dj.p0048.dat,E,inf,0.09000000000000001,0.010843331802512127,1.1616033711402094,-2.0,1.0
3391,SNII/sn2004dj.p0098.dat,E,inf,0.11000000000000001,0.01,1.2925098045390395,2.0,0.9753709941373461
3392,SNIb/sn2008D.m0013.dat,E,inf,0.1,0.6359007940660021,0.0033767104965535776,-0.5167408899463245,1.0
3393,SNII/sn2004dj.p0096.dat,E,inf,0.08,0.39299243503692327,0.29248837778811665,-0.6302073302905382,1.0
3394,SNIIn/sn2006qq.p0042.dat,E,inf,0.13,0.01,1.301665049755431,2.0,0.9522593991465048
3395,SNIb/sn2009iz.p0041.dat,E,inf,0.11000000000000001,1.6128004699898346,0.25072015399195224,0.5536571003880162,1.0
3396,SNIIn/sn2006qq.p0036.dat,E,inf,0.1,0.016905046512825348,1.156041901937452,-2.0,1.0
3397,SNIc/sn1994I.p0034.dat,E,inf,0.12000000000000001,0.8329786620462556,0.0,-0.2535963684000852,1.0
3398,SNIc/sn1994I.p0033.dat,E,inf,0.11000000000000001,3.0,0.3768480304943395,1.3716850848913462,1.0
3399,SNIIn/sn2008fq.p0028.dat,E,inf,0.11000000000000001,0.010317865830466996,1.2724006416033609,0.543579133520156,1.0
3400,SNIb/sn2005hg.p0022.dat,E,inf,0.1,1.783263410942311,0.3175440223922385,0.9049661760082877,1.0
3401,SNII/sn2004dj.p0084.dat,E,inf,0.09000000000000001,0.1019512799733827,0.5629871306243699,-1.9928400336965852,0.9575449217526346
3402,SNIc/sn2004aw.p0025.dat,E,inf,0.11000000000000001,3.0,0.11296541697831615,1.2021105472969043,1.0
3403,SNIIn/sn2008S.p0073.dat,E,inf,0.1,0.1617017706596356,1.1625896910958047,0.27574437882542524,1.0
3404,SLSN-II/sn2008es.m0011.dat,E,inf,0.11000000000000001,1.4012063485081825,0.8957812927946943,1.0455657370873173,1.0
3405,SNII/sn2004dj.p0068.dat,E,inf,0.08,0.09016838290491624,0.6739267802386865,-2.0,1.0
3406,SNIIn/sn2006aa.p0034.dat,E,inf,0.09000000000000001,0.2481850500215605,0.5620074686244612,-0.9707550985754074,1.0
3407,SNIIn/sn2005kj.p0115.dat,E,inf,0.1,0.01,1.2702884189947592,0.8396566353476943,1.0
3408,SNII/sn2005cs.p0003.dat,E,inf,0.1,0.7976392034969836,0.6340177995134254,0.46324049360067543,1.0
3409,SNIIn/sn1998S.p0308.dat,E,inf,0.1,0.01,1.2702884189947592,0.8396566353476943,1.0
3410,SNIIn/sn2015da.m0043.dat,E,inf,0.1,0.01,1.2702884189947592,0.8396566353476943,1.0
3411,SNIIn/sn2006jd.p1151.dat,E,inf,0.1,0.06471153716548009,1.0828700184528546,-1.2182503140790588,1.0
3412,SNII/sn2004dj.p0053.dat,E,inf,0.08,0.19110940473676524,0.41860900291416964,-1.3212365421718208,1.0
3413,SLSN-II/sn2008am.p0345.dat,E,inf,0.09000000000000001,0.7279308302168183,0.3795054723601205,-0.025107448739990754,1.0
3414,SNIIn/sn1998S.p0689.dat,E,inf,0.1,0.02800459951513961,1.097588823818721,-2.0,1.0
3415,SNIIn/sn1988Z.p0716.dat,E,inf,0.1,0.05470418602181675,1.0933269581481326,-1.2114460848432143,1.0
3416,SNIIn/sn2008S.p0031.dat,E,inf,0.09000000000000001,0.67683147047188,0.24794817030435373,-0.21446880148244718,1.0
3417,SNIIn/sn1998S.p0339.dat,E,inf,0.09000000000000001,1.6331940720376967,0.6213429670980953,0.8707264385848034,1.0
3418,SNIIn/sn1988Z.p0775.dat,E,inf,0.11000000000000001,0.8267764188975882,1.1280675356106051,2.0,1.0
3419,SNII/sn1999em.p0020.dat,E,inf,0.09000000000000001,0.026319810771735747,0.9329561619016603,-2.0,1.0
3420,SNII/sn2005cs.p0281.dat,E,inf,0.09000000000000001,0.026319810771735747,0.9329561619016603,-2.0,1.0
3421,SLSN-II/sn2008es.p0080.dat,E,inf,0.11000000000000001,0.12820712790955827,1.0082733275299853,-0.9504487174185736,1.0
3422,SNIIn/sn1998S.p1083.dat,E,inf,0.1,0.01,1.2243602069749309,-1.4443408960950486,1.0
3423,SNIIn/sn2008S.m0008.dat,E,inf,0.1,0.01,1.2243602069749309,-1.4443408960950486,1.0
3424,SNIb-pec/sn2009er.m0001.dat,E,inf,0.13,2.6738508009494386,0.25021326142368117,0.8659528818184306,1.0
3425,SLSN-II/sn2013hx.p0017.dat,E,inf,0.11000000000000001,0.6935602499106365,0.9655775775701069,0.6079383868481778,1.0
3426,SNIIn/sn2006qq.p0031.dat,E,inf,0.09000000000000001,0.020822821990996276,1.084290167001798,-2.0,1.0
3427,SNII/sn1999em.p0158.dat,E,inf,0.09000000000000001,0.46207882002450357,0.5836978533336766,-0.24341325744948042,1.0
3428,SNIc/sn2004aw.p0060.dat,E,inf,0.1,0.5272873076208415,0.0,-0.8354730991276258,1.0
3429,SNIc/sn2004aw.p0039.dat,E,inf,0.1,0.5272873076208415,0.0,-0.8354730991276258,1.0
3430,SNIc/sn2004aw.p0045.dat,E,inf,0.1,0.9954745004521995,0.0,-0.08878712477924662,1.0
3431,SNIIn/sn1998S.p0298.dat,E,inf,0.09000000000000001,2.925958863513268,0.3428370051483285,1.1943853202819317,0.9619118518992806
3432,SNII/sn2005cs.p0270.dat,E,inf,0.1,0.8011429095757077,0.5003069977612926,0.2165282698058664,1.0
3433,SNIc/sn1990B.p0004.dat,E,inf,0.11000000000000001,1.0997368786295036,0.2394127097126503,0.194228039456955,1.0
3434,SNII/sn2012aw.p0007.dat,E,inf,0.08,0.09016838290491624,0.6739267802386865,-2.0,1.0
3435,SNII/sn2005cs.p0333.dat,E,inf,0.09000000000000001,0.46207882002450357,0.5836978533336766,-0.24341325744948042,1.0
