I,SN,gal,Chi^2,z,cSN,cgal,Av,sfrac
0,SNIa-BL/sn1999cc.p0018.dat,E,9.907977549689317e-05,0.1,0.9997888355782212,0.0,-0.00018022787357503317,1.0
1,SNIa-BL/sn2006ac.p0022.dat,E,1.6618237003109921,0.1,0.3975428631301186,0.14179594542179394,-0.8137728882256184,1.0
2,SNIa-BL/sn2002bo.p0021.dat,E,1.730969623437486,0.1,0.09418665187349655,0.2388672507713268,-1.9980576823983986,1.0
3,SNIa-BL/sn1999gh.p0012.dat,E,1.7582012990298588,0.1,0.3767072020287609,0.16749258469035,-0.7194855661700107,1.0
4,SNIa-BL/sn2004fu.p0022.dat,E,1.7844938016133711,0.1,0.11386610151682759,0.15000504198297468,-2.0,1.0
5,SNIa-BL/sn2002bo.p0020.dat,E,1.8974029725410522,0.1,0.10588458863313432,0.2501750328173137,-1.8257682190616498,1.0
6,SNIa-BL/sn2004ef.p0020.dat,E,1.9023124340854454,0.1,0.23196534849095496,0.10791629768656104,-1.3352343141409913,1.0
7,SNIa-CL/sn2007hj.p0012.dat,E,1.9853257763654335,0.1,0.4083932715104212,0.0,-0.7899471667173706,1.0
8,SNIa-BL/sn1998ec.p0026.dat,E,1.9896204817656629,0.1,0.1207278696923769,0.14297750322204486,-1.9637973030074591,1.0
9,SNIa-CN/sn1994D.p0020.dat,E,2.050171456833303,0.1,0.42808789554948845,0.0,-0.771079634268178,1.0
10,SNIa-CN/sn1996X.p0022.dat,E,2.053979043134821,0.1,0.16824220339494403,0.18925175791913904,-1.4456654731814775,1.0
11,SNIa-SS/sn2001V.p0024.dat,E,2.122411582097138,0.1,0.471085196765869,0.11860963162936944,-0.5506992816126832,1.0
12,SNIa-BL/sn1997bq.p0019.dat,E,2.1486147520491636,0.1,0.17402531065447407,0.21736630036951066,-1.4210550077708675,1.0
13,SNIa-CL/sn2007hj.p0014.dat,E,2.164871722599801,0.1,0.23952099977738028,0.03657523128675789,-1.3279096600263527,1.0
14,SNIa-CN/sn2008ar.p0023.dat,E,2.169512501397376,0.1,0.5208524474666842,0.031108470801191807,-0.5300289520506373,1.0
15,SNIa-CN/sn1998dm.p0026.dat,E,2.1713271076051446,0.1,0.19716279230218564,0.003949343021367118,-1.5584278535660743,1.0
16,SNIa-BL/sn1999gh.p0011.dat,E,2.1742052994937664,0.1,0.5142077637270207,0.1485597920709354,-0.43873027980718593,1.0
17,SNIa-CN/sn2003kf.p0025.dat,E,2.3090996938093356,0.1,0.1744306067921844,0.13751298887172098,-1.5544562589027888,1.0
18,SNIa-CN/sn1998eg.p0023.dat,E,2.3480347111913717,0.1,0.38345706071808705,0.05501469151887423,-0.8339282750412642,1.0
19,SNIa-CN/sn2003du.p0025.dat,E,2.364895496558811,0.1,0.5929081751118078,0.11751284925924542,-0.3482947802544967,1.0
20,SNIa-CN/sn2005cf.p0023.dat,E,2.377154136986033,0.1,0.22910865996715776,0.15885878187747546,-1.2011914533661938,1.0
21,SNIa-CN/sn2007F.p0026.dat,E,2.3801570969948926,0.1,0.3902086130264558,0.10013076144784142,-0.8026167893891534,1.0
22,SNIa-SS/sn2001V.p0027.dat,E,2.3912738646611187,0.1,0.2438023761495723,0.16022561083559317,-1.1747468412316633,1.0
23,SNIa-CN/sn2005cf.p0024.dat,E,2.3999594233243915,0.1,0.221122619101297,0.1824172831074572,-1.214461731974105,1.0
24,SNIa-CL/sn2007ci.p0013.dat,E,2.4574296996413496,0.1,0.34243831731973046,0.18085151895919815,-0.7767736447103418,1.0
25,SNIa-BL/sn2003cq.p0017.dat,E,2.5309553034286942,0.1,0.707215107217012,0.0919655334113583,-0.2650383926609277,1.0
26,SNIa-CN/sn1994D.p0021.dat,E,2.536686669418798,0.1,0.2638747902824141,0.07825987391703097,-1.1968176818135898,1.0
27,SNIa-BL/sn1995al.p0025.dat,E,2.549843045286766,0.1,0.061025030822552645,0.3090460846527402,-1.9401953904293712,1.0
28,SNIa-BL/sn2007bm.p0018.dat,E,2.5505083605266137,0.1,0.16276262248419207,0.15845922540845592,-1.5734426557554093,1.0
29,SNIa-CN/sn1994S.p0027.dat,E,2.5553454318185502,0.1,0.6541496809505717,0.11312398050793164,-0.23812664347956733,1.0
30,SNIa-CN/sn2005bo.p0022.dat,E,2.5554622282855535,0.1,0.1415899974468254,0.13748155293649014,-1.7654922419055243,1.0
31,SNIa-SS/sn2001eh.p0029.dat,E,2.579806932336159,0.1,0.30062898318984355,0.11959926573160953,-1.0719539557036264,1.0
32,SNIa-CN/sn2005cf.p0021.dat,E,2.5813419181432353,0.1,0.39380932025794513,0.14821708213528512,-0.6611604404848287,1.0
33,SNIa-CN/sn1996X.p0020.dat,E,2.6452757474498636,0.1,0.1993132323928258,0.18773234705007555,-1.283295919810925,1.0
34,SNIa-BL/sn2007af.p0024.dat,E,2.6553607882974477,0.1,0.1667521517540361,0.2111904790747273,-1.496344361901284,1.0
35,SNIa-SS/sn2001V.p0023.dat,E,2.7106618206701834,0.1,0.5765704215595073,0.14195750908026966,-0.3270362211165342,1.0
36,SNIa-BL/sn2001ay.p0023.dat,E,2.7948455988408236,0.1,0.8622232411770594,0.0,-0.15013441584502893,1.0
37,SNIa-CN/sn2005cf.p0025.dat,E,2.795793430575497,0.1,0.1582573500766841,0.1922363673537909,-1.5702852912997227,1.0
38,SNIa-SS/sn2001eh.p0027.dat,E,2.800292391687524,0.1,0.5093684499545454,0.0773072853729838,-0.5903276990211097,1.0
39,SNIa-SS/sn2001eh.p0026.dat,E,2.8129155293261343,0.1,0.5672945292664086,0.0697406650937399,-0.4861974844682282,1.0
40,SNIa-CN/sn2003du.p0028.dat,E,2.8363516507057804,0.1,0.2678131363862809,0.14490114283279246,-1.123261572787075,1.0
41,SNIa-BL/sn2002hd.p0016.dat,E,2.838141413875186,0.1,0.7518932337606866,0.04337773360487738,-0.22087738066980497,1.0
42,SNIa-BL/sn2002bo.p0018.dat,E,2.8522635280824558,0.1,0.14442584493133648,0.27658626251829654,-1.4850656886268323,1.0
43,SNIa-SS/sn2006gr.p0024.dat,E,2.863532858426093,0.1,0.49014308769410797,0.10345070643661639,-0.5925575759423658,1.0
44,SNIa-SS/sn2007S.p0025.dat,E,2.8689964353776922,0.1,0.18081470977269948,0.008301206938289726,-1.6143064959411646,1.0
45,SNIa-BL/sn1997E.p0020.dat,E,2.889451426176354,0.1,0.1339521757595786,0.0974846836817729,-2.0,1.0
46,SNIa-CN/sn1994D.p0017.dat,E,2.8948551274284915,0.1,0.8871598158346532,0.010823820246576715,-0.0014890910521831314,1.0
47,SNIa-CN/sn2005na.p0024.dat,E,2.9471139160338797,0.1,0.3271377632823249,0.019951861944041478,-1.0473528287913392,1.0
48,SNIa-SS/sn1999aa.p0027.dat,E,3.0237103257619538,0.1,0.33236061586271515,0.10106443943924699,-0.9667092045842856,1.0
49,SNIa-SS/sn2001V.p0028.dat,E,3.0238365619517595,0.1,0.22133902573725764,0.18611029512227711,-1.2562355240029368,1.0
50,SNIa-BL/sn2003kc.p0020.dat,E,3.0455679076332913,0.1,0.6602752566516832,0.0,-0.4582564988542525,1.0
51,SNIa-CN/sn2001fe.p0028.dat,E,3.045776553292845,0.1,0.39859800795210176,0.037792583814203425,-0.8408262135836931,1.0
52,SNIa-CN/sn2000ce.p0022.dat,E,3.1001905969269403,0.1,0.14722794006308998,0.1149967165381272,-1.7936123829607828,1.0
53,SNIa-BL/sn2002dp.p0023.dat,E,3.1015416589150115,0.1,0.16641338706816514,0.18561639100864272,-1.5541155497022474,1.0
54,SNIa-CN/sn2008ar.p0026.dat,E,3.1152385615226397,0.1,0.29240991305516745,0.0,-1.1952657195385217,1.0
55,SNIa-BL/sn2001bg.p0019.dat,E,3.117687427239681,0.1,0.3671820606533472,0.2521254719324815,-0.6333931535932773,1.0
56,SNIa-BL/sn2007le.p0021.dat,E,3.1331547721493442,0.1,0.14166952060309762,0.27011950938942453,-1.5094215271677967,1.0
57,SNIa-BL/sn2004as.p0025.dat,E,3.144828293509735,0.1,0.19132713703491627,0.17646995518193406,-1.4335802495670542,1.0
58,SNIa-CN/sn2003du.p0023.dat,E,3.152803190559737,0.1,0.7890184379888203,0.12749810356284927,-0.06628125170178703,1.0
59,SNIa-CN/sn2001cp.p0026.dat,E,3.1774253893113764,0.1,0.24167240115333646,0.1158745086680953,-1.2637921462948551,1.0
60,SNIa-SS/sn1999aa.p0028.dat,E,3.226452415959823,0.1,0.32655029563834115,0.1357064192565299,-0.9330807602733358,1.0
61,SNIa-BL/sn2006ac.p0018.dat,E,3.2440904618793174,0.1,0.4579933159455407,0.22732969120311042,-0.49508233811918445,1.0
62,SNIa-SS/sn2001V.p0022.dat,E,3.2533057108618726,0.1,0.69695859862341,0.1484048384881656,-0.1438514162428729,1.0
63,SNIa-BL/sn2001gc.p0022.dat,E,3.2592758406284315,0.1,0.09292704791974336,0.30092527791058254,-2.0,1.0
64,SNIa-SS/sn1998es.p0025.dat,E,3.272966631702441,0.1,0.5264608452529307,0.0,-0.5883161214116264,1.0
65,SNIa-BL/sn2007kk.p0025.dat,E,3.2977291072218393,0.1,0.11040004097672475,0.2829801211021962,-1.9685156418203278,1.0
66,SNIa-SS/sn1998es.p0029.dat,E,3.3057793597809493,0.1,0.19966955963548008,0.09282902441752339,-1.4615652551741989,1.0
67,SNIa-BL/sn2007bm.p0021.dat,E,3.316505255378741,0.1,0.12329564494135184,0.13807378685121743,-1.895794600503464,1.0
68,SNIa-BL/sn2001ep.p0021.dat,E,3.3165587008258073,0.1,0.18782749006164814,0.22561042525773276,-1.378381116444125,1.0
69,SNIa-CN/sn2008bf.p0032.dat,E,3.3331012410067924,0.1,0.20322192419013124,0.15857714678416482,-1.4055354451628774,1.0
70,SNIa-BL/sn2002dp.p0017.dat,E,3.3378340507035977,0.1,0.737083709041977,0.11246035510500006,-0.146842855389939,1.0
71,SNIa-CN/sn2005el.p0023.dat,E,3.361618334483685,0.1,0.22562085812939012,0.0469160278550518,-1.4338080954162855,1.0
72,SNIa-CN/sn2005cf.p0026.dat,E,3.381755812934637,0.1,0.1503196310602605,0.2376403433182797,-1.567662777941433,1.0
73,SNIa-BL/sn1997do.p0021.dat,E,3.3858316619973827,0.1,0.3145507351396596,0.2928475385377673,-0.5325558613926697,1.0
74,SNIa-SS/sn2001eh.p0025.dat,E,3.3993825755818676,0.1,0.5194917983222596,0.11433617803161504,-0.5250562123763275,1.0
75,SNIa-CN/sn2006lf.p0016.dat,E,3.431140925508408,0.1,0.14841601240583246,0.0,-1.9895688523213133,1.0
76,SNIa-CN/sn2006lf.p0019.dat,E,3.4335119084387373,0.1,0.1547198582225099,0.0,-2.0,1.0
77,SNIa-SS/sn2001eh.p0031.dat,E,3.4408025273956264,0.1,0.18811652319386077,0.22176662348436735,-1.4522781482233136,1.0
78,SNIa-BL/sn2007bm.p0016.dat,E,3.4677957066427614,0.1,0.23385607171020378,0.1313939045537019,-1.1986854277966883,1.0
79,SNIa-SS/sn1999aa.p0029.dat,E,3.5059625014984745,0.1,0.2511878273247699,0.1755296442316849,-1.153451164843057,1.0
80,SNIa-CN/sn1997Y.p0023.dat,E,3.546528073051067,0.1,0.35018546354440677,0.15140158776560564,-0.806016483083924,1.0
81,SNIa-SS/sn2006gr.p0023.dat,E,3.566234413287359,0.1,0.7887165798951373,0.06141294700248717,-0.1693183044280858,1.0
82,SNIa-BL/sn2005am.p0015.dat,E,3.5689330670979906,0.1,1.169926834424602,0.05073940321502911,0.2748549344941979,1.0
83,SNIa-BL/sn1997do.p0020.dat,E,3.592377697890567,0.1,0.6237635923938135,0.1446009156539369,-0.28526491389442465,1.0
84,SNIa-SS/sn1999dq.p0026.dat,E,3.5959424668109405,0.1,0.2774558485848141,0.0,-1.3083488264488754,1.0
85,SNIa-CN/sn2002cr.p0019.dat,E,3.667572381004621,0.1,0.7232378492492072,0.11228879779779477,-0.14619751617553242,1.0
86,SNIa-CN/sn2001G.p0031.dat,E,3.7409794797227507,0.1,0.32947943493101367,0.0,-1.070232392480845,1.0
87,SNIa-BL/sn2008af.p0024.dat,E,3.7793915774419986,0.1,0.11978798992092071,0.267272781281863,-1.7860829239157736,1.0
88,SNIa-CN/sn1994ae.p0029.dat,E,3.8006243794357237,0.1,0.22566767198615578,0.14500327841164978,-1.355661266908518,0.985154838709677
89,SNIa-BL/sn2002cs.p0018.dat,E,3.8157352794601165,0.11000000000000001,0.5844993634002407,0.0,-0.5249952913055596,1.0
90,SNIa-SS/sn2005eq.p0027.dat,E,3.8563995555630157,0.1,0.36855981525234927,0.12277982352016696,-0.8522546103805173,1.0
91,SNIa-CN/sn2002jy.p0031.dat,E,3.874481882946931,0.1,0.20910014335220256,0.15222545144679675,-1.4425976951743262,1.0
92,SNIa-BL/sn1998ef.p0018.dat,E,3.8799364530479927,0.1,0.5433554075532189,0.0,-0.6065330816902835,1.0
93,SNIa-CN/sn2005cf.p0027.dat,E,3.9240276554562286,0.1,0.12421964241145507,0.2643592185633511,-1.754815296089185,1.0
94,SNIa-SS/sn2002de.p0027.dat,E,3.935451809121519,0.1,0.2595827110142709,0.0,-1.4177338708801859,1.0
95,SNIa-BL/sn2007le.p0020.dat,E,3.9442262338812486,0.1,0.18591939068516536,0.2948664170680578,-1.2267907696845939,1.0
96,SNIa-CN/sn2001G.p0026.dat,E,3.9448481050392417,0.1,0.4310111107962763,0.0,-0.872297353569146,1.0
97,SNIa-CN/sn2000ce.p0020.dat,E,3.9448533454426453,0.1,0.20072405285887737,0.13958227211226343,-1.4391885803487998,1.0
98,SNIa-SS/sn2001V.p0021.dat,E,3.9814695309038766,0.1,0.5704949122470914,0.1680286561812214,-0.10923349951364567,1.0
99,SNIa-BL/sn2004dt.p0019.dat,E,3.9816499862788026,0.1,0.4925674360113696,0.0,-0.6679808236527675,1.0
100,SNIa-BL/sn2002bf.p0018.dat,E,4.008215519799529,0.11000000000000001,0.4279696859142737,0.0,-0.822584840560273,1.0
101,SNIa-BL/sn1999gh.p0009.dat,E,4.06734899729534,0.1,1.1112855036095521,0.1354457814737357,0.24084179185345705,1.0
102,SNIa-BL/sn1998ec.p0020.dat,E,4.069712276218827,0.1,0.30589351679992643,0.21148317157011878,-0.8947950985381625,1.0
103,SNIa-BL/sn2001ay.p0029.dat,E,4.088773588079211,0.09000000000000001,0.5263259375814656,0.0,-0.6425511868182106,1.0
104,SNIa-SS/sn2001az.p0025.dat,E,4.121002745900421,0.1,0.5100359252991331,0.16999472453143424,-0.5203047746469174,1.0
105,SNIa-SS/sn1998es.p0023.dat,E,4.1761129704093864,0.1,0.6363674744047176,0.06012280580553829,-0.3236236969407048,1.0
106,SNIa-BL/sn2001ay.p0031.dat,E,4.177459240754566,0.09000000000000001,0.518036398809307,0.008341109058910758,-0.6596835303001441,1.0
107,SNIa-BL/sn2003kc.p0024.dat,E,4.202009887858608,0.1,0.4614735356151921,0.0,-0.8168957950831235,1.0
108,SNIa-CN/sn2006D.p0016.dat,E,4.23208633150913,0.1,0.7345190983572204,0.09015781177977283,-0.012605740128310814,1.0
109,SNIa-CN/sn2000fa.p0021.dat,E,4.253209410072881,0.1,0.40056134529783893,0.3023575742057149,-0.5460353514245192,1.0
110,SNIa-SS/sn1998ab.p0020.dat,E,4.315414556353039,0.1,0.9258861644123351,0.0,-0.11410673916377805,1.0
111,SNIa-CN/sn2005kc.p0016.dat,E,4.355628421088051,0.1,1.3315279418551116,0.0423320146440519,0.29119500744518734,1.0
112,SNIa-CN/sn2008ar.p0028.dat,E,4.406873495704392,0.09000000000000001,0.2069897649367388,0.15515435191185808,-1.4104477135053721,1.0
113,SNIa-CL/sn2007ux.p0016.dat,E,4.414519906399026,0.1,0.9390686891393633,0.008832183507823109,0.21316520440553235,1.0
114,SNIa-BL/sn2001gc.p0018.dat,E,4.4238620419435115,0.11000000000000001,0.12928343194407654,0.42324665070085443,-1.5087695533065846,1.0
115,SNIa-SS/sn1998ab.p0018.dat,E,4.425808024465605,0.1,1.1434516237406593,0.0,0.10813775405806676,1.0
116,SNIa-CL/sn2006bt.p0016.dat,E,4.43279416125203,0.1,1.5909279724363417,0.0,0.4010437165682276,1.0
117,SNIa-BL/sn2001ay.p0030.dat,E,4.458715679150524,0.09000000000000001,0.4301208509994574,0.0,-0.7689678484617231,1.0
118,SNIa-BL/sn2002bo.p0016.dat,E,4.4762958888900375,0.1,0.23170948882350076,0.3306864751587831,-0.9925796878173938,1.0
119,SNIa-BL/sn2006sr.p0018.dat,E,4.498527942532156,0.1,0.7207856357759577,0.14832232031482634,-0.1503341242185493,1.0
120,SNIa-BL/sn2007kk.p0027.dat,E,4.513336480283559,0.1,0.18176249528079153,0.0974295406825406,-1.7404374045062512,1.0
121,SNIa-CN/sn2001fe.p0031.dat,E,4.514126293868044,0.1,0.1425594638732444,0.24099400944515928,-1.692802599476014,1.0
122,SNIa-CN/sn2008bf.p0039.dat,E,4.517363951465832,0.1,0.2672527133155643,0.15786663692456362,-1.1405976287085902,1.0
123,SNIa-BL/sn2003W.p0021.dat,E,4.519383521082804,0.1,0.4170338624334223,0.0,-0.9252528779585079,1.0
124,SNIa-CN/sn2000dg.p0017.dat,E,4.561442530354273,0.1,0.5095145008223229,0.0,-0.7232222335503711,1.0
125,SNIa-SS/sn2005M.p0032.dat,E,4.614117384274695,0.09000000000000001,0.15428811480178173,0.2590279636203851,-1.5796319451347582,1.0
126,SNIa-CN/sn2005el.p0030.dat,E,4.625241976380245,0.1,0.21672047931112015,0.16191023366822635,-1.3422658735038833,1.0
127,SNIa-CN/sn2005cf.p0029.dat,E,4.631474245189647,0.09000000000000001,0.1041198022738635,0.3119578660728261,-1.9470281116343156,1.0
128,SNIa-CN/sn2003du.p0021.dat,E,4.6348437234058055,0.1,1.041254669019086,0.1852411001939131,0.24652101791838296,1.0
129,SNIa-CN/sn2004at.p0030.dat,E,4.642215237437303,0.1,0.24002581663642716,0.18956415643161778,-1.2196862582647636,1.0
130,SNIa-CL/sn2007ci.p0017.dat,E,4.643171458622235,0.1,0.09519336214310878,0.3321286781284399,-1.9160455268421892,1.0
131,SNIa-BL/sn2002bo.p0024.dat,E,4.645893467305647,0.1,0.10474188996642257,0.2612933439089653,-2.0,1.0
132,SNIa-SS/sn1998ab.p0019.dat,E,4.647739162025546,0.1,1.0425858498783669,0.0,-0.015308498547566034,1.0
133,SNIa-SS/sn2001eh.p0033.dat,E,4.6607785311480034,0.1,0.20706376441413346,0.19755474766410447,-1.4072149521297357,1.0
134,SNIa-SS/sn1998ab.p0017.dat,E,4.661288864693249,0.1,1.4112145794999766,0.0,0.32341734695231383,1.0
135,SNIa-CN/sn1994D.p0040.dat,E,4.668690648373446,0.1,0.24256767553235578,0.2644374368333421,-1.1226715052197005,1.0
136,SNIa-CN/sn2001G.p0033.dat,E,4.700976509662235,0.1,0.347077550548821,0.0,-1.0194962240166046,1.0
137,SNIa-CN/sn2002jy.p0033.dat,E,4.7175052709593395,0.1,0.13824340682151656,0.22632643814983638,-1.6536628597557759,1.0
138,SNIa-CL/sn1998bp.p0013.dat,E,4.761872471071864,0.09000000000000001,0.16245374007973656,0.22469824726342605,-1.5470690450789952,1.0
139,SNIa-BL/sn2005am.p0039.dat,E,4.7621539201466,0.1,0.15562929950730553,0.3147502620016264,-1.4821216069010439,1.0
140,SNIa-SS/sn1998ab.p0021.dat,E,4.765631904860194,0.1,0.8275982742504453,0.0,-0.2255936657327623,1.0
141,SNIa-BL/sn2007kk.p0021.dat,E,4.773852269081699,0.1,0.42771050798599564,0.25568753837610225,-0.6012290205034574,1.0
142,SNIa-SS/sn2001V.p0020.dat,E,4.805401183218799,0.1,0.5753865710512156,0.1737423778926479,0.10199390603253197,1.0
143,SNIa-CN/sn2005cf.p0028.dat,E,4.8109866238144114,0.09000000000000001,0.10702992059855965,0.26615523599460783,-2.0,1.0
144,SNIa-SS/sn1998ab.p0022.dat,E,4.82518201680978,0.1,0.7975618354055952,0.0,-0.26824275233863193,1.0
145,SNIa-SS/sn1999gp.p0021.dat,E,4.833531244105648,0.1,0.8811904812466458,0.0,-0.11743057634887927,1.0
146,SNIa-CN/sn1996X.p0033.dat,E,4.864008568550393,0.1,0.09664270445747952,0.3084810543295492,-1.979098288230522,1.0
147,SNIa-CN/sn2005na.p0020.dat,E,4.871239789906945,0.1,0.6508819863620032,0.0,-0.4219929486844066,1.0
148,SNIa-CN/sn1999ac.p0025.dat,E,4.884773118256598,0.09000000000000001,0.23510760014810467,0.18032545363449645,-1.2500417056569186,1.0
149,SNIa-BL/sn2002hd.p0012.dat,E,4.887445487948753,0.1,1.6825598778100157,0.08112000576858257,0.6100031030656488,1.0
150,SNIa-BL/sn2000cf.p0025.dat,E,4.905196795544187,0.09000000000000001,0.8353911055026686,0.0,-0.22193994649997992,1.0
151,SNIa-CL/sn1998bp.p0030.dat,E,4.924029757032853,0.09000000000000001,0.3580134104624164,0.10584759920587451,-0.9002453789813745,1.0
152,SNIa-BL/sn2001ay.p0036.dat,E,4.9382255334475476,0.09000000000000001,0.4234541525175084,0.0,-0.8699701370216745,1.0
153,SNIa-CN/sn1994D.p0043.dat,E,4.946937071886812,0.1,0.1815407414112519,0.3232889391735589,-1.352414914540934,1.0
154,SNIa-BL/sn2007le.p0019.dat,E,4.9486612410393604,0.1,0.21259423042583814,0.33799375622029304,-1.0520706035390155,1.0
155,SNIa-CN/sn1998aq.p0030.dat,E,4.9912987539186915,0.1,0.16943386738619343,0.27123468965913583,-1.4644449209285282,1.0
156,SNIa-BL/sn1999cc.p0023.dat,E,5.005643095451784,0.1,0.1910651587077661,0.27545863188335995,-1.385488134394783,1.0
157,SNIa-BL/sn2007af.p0028.dat,E,5.02308723139903,0.09000000000000001,0.10048469050818626,0.32104522368168087,-2.0,1.0
158,SNIa-CN/sn2003du.p0033.dat,E,5.059968411170544,0.1,0.1805356195311269,0.20963378154469914,-1.5031972039252028,1.0
159,SNIa-CN/sn1999ac.p0027.dat,E,5.067991934260951,0.09000000000000001,0.17633829809362056,0.19806902419325745,-1.5641843470007544,1.0
160,SNIa-CL/sn2000dk.p0033.dat,E,5.071954144873064,0.09000000000000001,0.3940043207672001,0.14231687671090826,-0.7710164619324715,1.0
161,SNIa-BL/sn2005am.p0036.dat,E,5.090775053985306,0.1,0.09479592995713924,0.3943402684350691,-1.8803254840965096,1.0
162,SNIa-CL/sn2007hj.p0033.dat,E,5.101949042627692,0.09000000000000001,0.13354659757955004,0.28340023641894746,-1.7151204130365716,1.0
163,SNIa-CN/sn2007ca.p0035.dat,E,5.105223381507077,0.09000000000000001,0.1877755444922262,0.04906625490003571,-1.7043354910920723,1.0
164,SNIa-CN/sn2002fk.p0030.dat,E,5.119006836116947,0.09000000000000001,0.22072088191759315,0.2223406806393402,-1.2922952021453458,1.0
165,SNIa-SS/sn1999dq.p0029.dat,E,5.126846075949459,0.1,0.24377911020626877,0.0,-1.4853330378872245,1.0
166,SNIa-BL/sn1997bp.p0019.dat,E,5.1453130926382125,0.11000000000000001,0.170248607719149,0.3979908917868459,-1.2348349372435339,1.0
167,SNIa-BL/sn2002he.p0035.dat,E,5.14855375018903,0.1,0.28585011550812334,0.233808736082041,-1.0321216360667949,1.0
168,SNIa-BL/sn2007bm.p0013.dat,E,5.16766436163604,0.1,0.550673736311762,0.04502492658452321,-0.47042244399524036,1.0
169,SNIa-CN/sn2007F.p0032.dat,E,5.168052207150553,0.1,0.11127478625390134,0.2858193500867472,-1.8944266331121904,1.0
170,SNIa-CL/sn2002dl.p0010.dat,E,5.180173044733191,0.1,0.6322297207425261,0.0,-0.4779486409014239,1.0
171,SNIa-CN/sn2008bf.p0042.dat,E,5.186933817844681,0.1,0.2984222404328998,0.23019020866603862,-0.9584783608469212,1.0
172,SNIa-BL/sn1997E.p0041.dat,E,5.1912285133905645,0.1,0.3217373142658582,0.2701482236314838,-0.8637251280832946,1.0
173,SNIa-BL/sn2005am.p0024.dat,E,5.19705116841635,0.1,0.11231140435634507,0.26995007761955664,-1.9127278028244141,1.0
174,SNIa-BL/sn2003W.p0025.dat,E,5.225019577886787,0.1,0.2782185032114477,0.0,-1.3292221333231826,1.0
175,SNIa-CN/sn1998dm.p0041.dat,E,5.252307414082541,0.1,0.19753540709812906,0.02829724305618341,-1.7105724181417545,1.0
176,SNIa-BL/sn2002dp.p0037.dat,E,5.258786318230618,0.09000000000000001,0.1617074972609939,0.2714891859315999,-1.5485921231162973,1.0
177,SNIa-BL/sn2005am.p0032.dat,E,5.262670184211783,0.1,0.17950307182938044,0.2114432826079052,-1.4804792830597404,1.0
178,SNIa-CL/sn1998bp.p0025.dat,E,5.263334574291621,0.09000000000000001,0.20160866727874052,0.19119946909637175,-1.4119249896372288,1.0
179,SNIa-CN/sn1996bl.p0018.dat,E,5.270422764585103,0.1,0.5631496775284149,0.14843823559052868,-0.4580227442081427,1.0
180,SNIa-CN/sn1998aq.p0035.dat,E,5.307481369472489,0.1,0.17728465229283827,0.25763234478984454,-1.4293338644886646,1.0
181,SNIa-CN/sn1998aq.p0031.dat,E,5.321414088808995,0.1,0.17502159968678976,0.2831579517933158,-1.414563045551525,1.0
182,SNIa-BL/sn2002ha.p0035.dat,E,5.324883419089598,0.1,0.3244691661284903,0.2623390486764297,-0.8648358377520206,1.0
183,SNIa-CL/sn1998bp.p0028.dat,E,5.340371613310966,0.09000000000000001,0.23347653435182683,0.11292859346425031,-1.3636675812793222,1.0
184,SNIa-CL/sn2007hj.p0008.dat,E,5.3601268576372085,0.1,0.7790369654992079,0.1209691056076995,0.09505882038685,1.0
185,SNIa-CL/sn2007hj.p0037.dat,E,5.363269414891305,0.09000000000000001,0.18571582166879363,0.1914916166249384,-1.5285953302371715,1.0
186,SNIa-CL/sn1998bp.p0015.dat,E,5.366039056705684,0.09000000000000001,0.12287175734537938,0.23702243234112313,-1.9064107390174325,1.0
187,SNIa-CN/sn2003it.p0032.dat,E,5.382517165925817,0.1,0.37316065350984634,0.07251949655626158,-0.9939251301802987,1.0
188,SNIa-CN/sn1994ae.p0035.dat,E,5.411021247304253,0.1,0.22887120645624676,0.20498148166888328,-1.2461292091439071,1.0
189,SNIa-CN/sn2003kf.p0021.dat,E,5.420019499537947,0.1,0.2731823919634363,0.2355825639516299,-0.9690641738504512,1.0
190,SNIa-CN/sn1999ac.p0029.dat,E,5.421535641682784,0.09000000000000001,0.17627317959313787,0.23036233711824855,-1.516941733663536,1.0
191,SNIa-BL/sn2002bf.p0015.dat,E,5.423318491472514,0.11000000000000001,0.7548348800630257,0.0,-0.28836325731067525,1.0
192,SNIa-BL/sn2002bo.p0015.dat,E,5.424285165133988,0.1,0.28137139412152046,0.35728685976659513,-0.8013845855115749,1.0
193,SNIa-CL/sn2006hb.p0030.dat,E,5.44021779023867,0.09000000000000001,0.15470156217572104,0.30343566863393806,-1.4693691947786336,1.0
194,SNIa-CL/sn2005ke.p0031.dat,E,5.4638841913511484,0.09000000000000001,0.15429126929075235,0.29193416629863905,-1.628012346020022,1.0
195,SNIa-CN/sn2001fe.p0034.dat,E,5.474822436011085,0.1,0.1525728318004116,0.24335500675791946,-1.6076840003779767,1.0
196,SNIa-CN/sn1998aq.p0033.dat,E,5.4986246159401855,0.1,0.18755069097919067,0.2692150061494184,-1.3641536606328166,1.0
197,SNIa-CL/sn2006hb.p0024.dat,E,5.500334900275748,0.09000000000000001,0.09665385647583287,0.3420328064309517,-2.0,1.0
198,SNIa-SS/sn2002hu.p0022.dat,E,5.507807546084003,0.1,0.7491279042143004,0.17088248607559908,-0.13145944241886143,1.0
199,SNIa-CN/sn1994D.p0046.dat,E,5.511428656645165,0.1,0.25238890579199785,0.2895136856308359,-1.0502550399184267,1.0
200,SNIa-CN/sn1999gd.p0026.dat,E,5.518136833232176,0.09000000000000001,0.2606261019797166,0.009567502074869321,-1.3844952668958102,1.0
201,SNIa-CL/sn1998bp.p0026.dat,E,5.526592054842151,0.09000000000000001,0.21360395932749007,0.1515808621334264,-1.4056163904293664,1.0
202,SNIa-BL/sn2001ep.p0028.dat,E,5.528402163276172,0.09000000000000001,0.1300231671988963,0.2631305790386958,-1.8150708786550795,1.0
203,SNIa-BL/sn1999gh.p0036.dat,E,5.530213582573255,0.09000000000000001,0.11884840499511244,0.3491492719679691,-1.7321875900872823,1.0
204,SNIa-BL/sn2000cf.p0017.dat,E,5.537539410201449,0.1,2.212957451683616,0.0,0.7796742372338656,1.0
205,SNIa-BL/sn1999gh.p0040.dat,E,5.548779139781374,0.09000000000000001,0.19235210117902007,0.3377482484572147,-1.2838828421333788,1.0
206,SNIa-BL/sn2000cf.p0024.dat,E,5.553299420244213,0.1,0.5460082375513537,0.0,-0.6535952274113627,1.0
207,SNIa-BL/sn1999gh.p0008.dat,E,5.553876372864526,0.1,1.2917705847785925,0.14910532027223888,0.3728868412006825,1.0
208,SNIa-CN/sn1994ae.p0039.dat,E,5.557660664820406,0.1,0.2679339473282944,0.20632249606711883,-1.0967461538897645,1.0
209,SNIa-BL/sn1999gh.p0034.dat,E,5.564746716875113,0.09000000000000001,0.14583769822961798,0.34360412538678653,-1.5299302002771697,1.0
210,SNIa-BL/sn2007af.p0032.dat,E,5.579464337067333,0.09000000000000001,0.10253622258183767,0.32138372631974255,-1.9892599070392571,1.0
211,SNIa-CN/sn1996X.p0049.dat,E,5.584009402418102,0.1,0.10564312990624493,0.3354556597088731,-1.919173704551982,1.0
212,SNIa-BL/sn1997bq.p0012.dat,E,5.584249458804099,0.11000000000000001,0.5254847990519965,0.2525060044109816,0.052384160657619847,1.0
213,SNIa-CN/sn1996X.p0028.dat,E,5.602893249404067,0.1,0.10447467559533265,0.2704549644156398,-2.0,1.0
214,SNIa-CL/sn2005ke.p0028.dat,E,5.603010057116581,0.09000000000000001,0.1559246633896204,0.26248274384242243,-1.6425698985617065,1.0
215,SNIa-CL/sn2005ke.p0026.dat,E,5.6115581397714305,0.09000000000000001,0.14284263411830167,0.23669965409607485,-1.7907844674223596,1.0
216,SNIa-CN/sn2001G.p0037.dat,E,5.631184232464854,0.1,0.4626951722758712,0.019231518716955345,-0.7423427953162597,1.0
217,SNIa-BL/sn2006ac.p0036.dat,E,5.637627635067349,0.1,0.1522243698706709,0.317741801478072,-1.5980459979648831,1.0
218,SNIa-BL/sn2001ep.p0033.dat,E,5.639280229166582,0.09000000000000001,0.27745774514106636,0.1509655946167984,-1.126607402969742,1.0
219,SNIa-BL/sn1997bp.p0027.dat,E,5.6445646801080525,0.1,0.09149730532392966,0.31210841730199435,-2.0,1.0
220,SNIa-BL/sn2006ac.p0034.dat,E,5.657588401387569,0.1,0.22283369164548866,0.2583511030197169,-1.2940822656593092,1.0
221,SNIa-BL/sn1998dh.p0036.dat,E,5.661941069443517,0.1,0.10172423941533551,0.30492453965343613,-1.9862434945155694,1.0
222,SNIa-BL/sn2002bf.p0014.dat,E,5.6750370697196875,0.11000000000000001,1.0880155144692438,0.0,0.0995670197409511,1.0
223,SNIa-BL/sn2001gc.p0013.dat,E,5.676452318297548,0.11000000000000001,0.49160559985395086,0.2743565181200221,-0.39932606648545316,1.0
224,SNIa-BL/sn2001ep.p0032.dat,E,5.702433195287345,0.09000000000000001,0.1578359902246162,0.23763388667451196,-1.6452781914348087,1.0
225,SNIa-CN/sn1998co.p0023.dat,E,5.721939474146804,0.09000000000000001,0.22135027266583845,0.0,-1.632860190162789,1.0
226,SNIa-BL/sn1998dh.p0040.dat,E,5.737087203408752,0.1,0.09896144439895907,0.31379071757309096,-2.0,1.0
227,SNIa-SS/sn1999gp.p0035.dat,E,5.7423191126183815,0.09000000000000001,0.4559401464965358,0.0,-0.8052490619497341,1.0
228,SNIa-CN/sn2001cp.p0022.dat,E,5.766392384495708,0.1,0.47222910733267387,0.1852937558625135,-0.5428171029370655,1.0
229,SNIa-CL/sn2000dk.p0010.dat,E,5.7836098044315545,0.1,2.265916372904129,0.0,0.7882698218732554,1.0
230,SNIa-BL/sn1999gh.p0042.dat,E,5.7857629777483774,0.09000000000000001,0.19471251050480126,0.33459881865378927,-1.3303567746770946,1.0
231,SNIa-CN/sn2003kf.p0040.dat,E,5.787161986711749,0.1,0.11376782698208457,0.2552332148991482,-2.0,1.0
232,SNIa-BL/sn2001ep.p0035.dat,E,5.787328548019532,0.09000000000000001,0.12443529124380699,0.3619325357287228,-1.6869747674765119,1.0
233,SNIa-CN/sn2007ca.p0038.dat,E,5.813813410565492,0.09000000000000001,0.3533317966047021,0.0,-1.0948562970148985,1.0
234,SNIa-BL/sn2006ac.p0015.dat,E,5.852756004086636,0.11000000000000001,0.8446569672982447,0.2836256695820612,0.14444260031929507,1.0
235,SNIa-CN/sn2005cf.p0017.dat,E,5.854678941325492,0.1,0.9872319793760265,0.21048895341118365,0.23088324132215382,1.0
236,SNIa-BL/sn2007le.p0018.dat,E,5.868052151870194,0.1,0.2760738923506208,0.34004304404540847,-0.8052896123236543,1.0
237,SNIa-BL/sn1998dh.p0043.dat,E,5.872061892746959,0.1,0.13445118898206473,0.3231439514755129,-1.6561037454766137,1.0
238,SNIa-CN/sn1999ac.p0031.dat,E,5.884219367693939,0.09000000000000001,0.17657236515201974,0.22471579206726333,-1.547477146943943,1.0
239,SNIa-BL/sn1999gh.p0028.dat,E,5.885052033563209,0.09000000000000001,0.10721093052753367,0.35524526757125824,-1.8151360419434086,1.0
240,SNIa-CL/sn2007bc.p0036.dat,E,5.890573044146704,0.09000000000000001,0.13420510845344472,0.34957826255740504,-1.6134307668533259,1.0
241,SNIa-SS/sn2001eh.p0035.dat,E,5.902058941310955,0.1,0.1620032626666505,0.27250714486725186,-1.5723199656323938,1.0
242,SNIa-CN/sn1998bu.p0040.dat,E,5.911107495258696,0.1,0.12110792222261217,0.26057751844768706,-1.9643962586289505,1.0
243,SNIa-CL/sn2007bc.p0031.dat,E,5.924889447352353,0.09000000000000001,0.10669215176542696,0.34022068868116195,-1.8902526314323707,1.0
244,SNIa-SS/sn1998ab.p0034.dat,E,5.926664630409091,0.09000000000000001,0.4944843555406645,0.0,-0.7334832745830075,1.0
245,SNIa-BL/sn2007af.p0034.dat,E,5.948589001874209,0.09000000000000001,0.10293411767663226,0.31823737306263816,-2.0,1.0
246,SNIa-BL/sn1998dh.p0045.dat,E,5.962070730437489,0.1,0.1320601816282131,0.34123803492898414,-1.627553096055116,1.0
247,SNIa-BL/sn2004ef.p0026.dat,E,5.970464588966719,0.09000000000000001,0.13565706749681636,0.2730561100075965,-1.77643212782304,1.0
248,SNIa-CN/sn1994D.p0015.dat,E,5.978706132094521,0.1,1.314628013804472,0.11868644662349608,0.4118773558015987,1.0
249,SNIa-CL/sn2004gs.p0031.dat,E,5.982921739507081,0.09000000000000001,0.09348892965373017,0.40186486603664157,-1.9579007286486962,1.0
250,SNIa-CN/sn2001br.p0027.dat,E,6.0169510101756325,0.1,0.23046053012993895,0.0,-1.5957726407098647,1.0
251,SNIa-CN/sn1998bu.p0033.dat,E,6.028769170796544,0.1,0.12647801822566815,0.18172564707770517,-2.0,1.0
252,SNIa-BL/sn2004ef.p0033.dat,E,6.0417658693188825,0.09000000000000001,0.3805902748248425,0.1044060583102172,-0.9367889566918108,1.0
253,SNIa-CL/sn1999by.p0029.dat,E,6.047209437324481,0.09000000000000001,0.17433340601859043,0.31885036421975604,-1.379103737703324,1.0
254,SNIa-BL/sn2004as.p0028.dat,E,6.0523377257940965,0.09000000000000001,0.2197976672048653,0.16701171387922445,-1.441879526147679,1.0
255,SNIa-SS/sn2001V.p0019.dat,E,6.0569598194383385,0.1,1.2086322463469639,0.24042861425468146,0.4556300574559725,1.0
256,SNIa-BL/sn1997bq.p0011.dat,E,6.06408955272284,0.11000000000000001,1.3760571895687754,0.24905509028341377,0.6280810215837984,1.0
257,SNIa-CN/sn1998V.p0041.dat,E,6.068467193283277,0.1,0.4709619580951196,0.240978407594873,-0.5283479716477961,1.0
258,SNIa-CN/sn2003kf.p0041.dat,E,6.070260686917005,0.1,0.09839344277549522,0.24654774252537376,-2.0,1.0
259,SNIa-BL/sn1999cc.p0025.dat,E,6.0715545682046805,0.09000000000000001,0.2777341342956808,0.28136517313612264,-1.0416794717981062,1.0
260,SNIa-BL/sn2007af.p0039.dat,E,6.076664636454485,0.09000000000000001,0.09313196620071912,0.3522125838761596,-2.0,1.0
261,SNIa-CN/sn1998bu.p0043.dat,E,6.086009086032808,0.1,0.11842621633666822,0.22905614688953033,-2.0,1.0
262,SNIa-CN/sn2003kf.p0042.dat,E,6.087493005218197,0.1,0.11437713845977013,0.2642468412566278,-2.0,1.0
263,SNIa-BL/sn2002dp.p0013.dat,E,6.0932401507435365,0.1,1.8855722833727422,0.1357965993896533,0.7499301480668432,1.0
264,SNIa-CN/sn2005cf.p0043.dat,E,6.102623226942114,0.09000000000000001,0.14160760367552208,0.34526183235244573,-1.5637063197019463,1.0
265,SNIa-CN/sn2006le.p0033.dat,E,6.106828314322321,0.1,0.1135801808503021,0.16447459769922534,-2.0,1.0
266,SNIa-CL/sn1999by.p0033.dat,E,6.150431601212514,0.09000000000000001,0.2001726030637805,0.35144056963861137,-1.2029866998840129,1.0
267,SNIa-CL/sn1999by.p0031.dat,E,6.164935147294964,0.09000000000000001,0.18626376549904505,0.33024076892931203,-1.3038480502384355,1.0
268,SNIa-CN/sn1998aq.p0020.dat,E,6.186157001835479,0.1,1.1198283288677773,0.21672107524003084,0.3470399498953544,1.0
269,SNIa-CN/sn1998bu.p0037.dat,E,6.190205518394283,0.1,0.1424615913709979,0.0705222402074104,-1.9331961848970527,1.0
270,SNIa-CN/sn1999ac.p0033.dat,E,6.193217632124698,0.09000000000000001,0.18325256948760768,0.2217675329903873,-1.5089919746894151,1.0
271,SNIa-CL/sn1999by.p0025.dat,E,6.208205550052522,0.09000000000000001,0.14046504800148252,0.2934394897938707,-1.6590299586950468,1.0
272,SNIa-CSM/sn2011km.p0040.dat,E,6.213077932121101,0.1,0.37221898952384946,0.10730304959084597,-0.7735946241862932,1.0
273,SNIa-CN/sn2003du.p0049.dat,E,6.234216856809646,0.1,0.35560124946874877,0.2721973845767842,-0.7386954137400445,1.0
274,SNIa-CL/sn2002hw.p0020.dat,E,6.237866340807697,0.1,0.13538403697649512,0.1570332231696795,-2.0,1.0
275,SNIa-BL/sn2001en.p0038.dat,E,6.241321821597721,0.1,0.30428248491396515,0.0,-1.2047895581333437,1.0
276,SNIa-BL/sn2002bf.p0013.dat,E,6.256768127125115,0.11000000000000001,1.1293939639456736,0.0,0.11669323557075148,1.0
277,SNIa-CN/sn1995D.p0038.dat,E,6.262202399995636,0.09000000000000001,0.21094723677040952,0.29968687882819,-1.1045004147988733,1.0
278,SNIa-CN/sn2002fk.p0037.dat,E,6.266488540511656,0.09000000000000001,0.28107337359959333,0.22024142807197297,-1.0546356600265012,1.0
279,SNIa-BL/sn1995al.p0019.dat,E,6.275147503120374,0.1,0.3675758181650247,0.30318954223418176,-0.629503323900361,1.0
280,SNIa-SS/sn2001V.p0040.dat,E,6.279238885474346,0.09000000000000001,0.1517543712033543,0.3468568047977229,-1.4685904106207506,1.0
281,SNIa-CL/sn2004gs.p0032.dat,E,6.279812851194542,0.09000000000000001,0.1369093296161725,0.46294936848395035,-1.5668292403682078,1.0
282,SNIa-SS/sn2005M.p0028.dat,E,6.2898646914391785,0.09000000000000001,0.18430314981567192,0.3000930293989881,-1.4453300983818078,1.0
283,SNIa-CL/sn2004gs.p0023.dat,E,6.29011245968206,0.09000000000000001,0.10150815642138739,0.33303643607208366,-2.0,1.0
284,SNIa-CN/sn2002ck.p0029.dat,E,6.290910137697576,0.09000000000000001,0.19263258957330917,0.2354297662569828,-1.5290303467460054,1.0
285,SNIa-CN/sn1998V.p0044.dat,E,6.298575538655172,0.1,0.13654872134399315,0.28576294078605236,-1.6959331968255746,1.0
286,SNIc-bl/sn2003jd.p0020.dat,E,6.298915841466862,0.11000000000000001,0.22559207240767393,0.0,-1.599515276886597,1.0
287,SNIa-SS/sn2005M.p0025.dat,E,6.306269763530178,0.09000000000000001,0.4480864540839858,0.22793088527862354,-0.532542303422809,1.0
288,SNIa-CN/sn1999gd.p0030.dat,E,6.307374619488002,0.09000000000000001,0.2474040883454246,0.0,-1.467155516629498,1.0
289,SNIa-CN/sn1998bu.p0031.dat,E,6.311033735172041,0.1,0.12929681592483475,0.1678275033835834,-2.0,1.0
290,SNIa-CN/sn1995D.p0042.dat,E,6.313541453017442,0.1,0.23926388931198578,0.2608178561042462,-1.184074220296779,1.0
291,SNIa-CN/sn2001fe.p0038.dat,E,6.316711308944182,0.1,0.18103710668798614,0.28467454218411975,-1.4084516552325168,1.0
292,SNIa-CN/sn1999ac.p0035.dat,E,6.321033665068654,0.09000000000000001,0.21473935853253998,0.2416543724988821,-1.3126005870588062,1.0
293,SNIa-CN/sn2006le.p0038.dat,E,6.325264041976574,0.1,0.11539870693236663,0.19555596958642754,-2.0,1.0
294,SNIa-CN/sn1997dt.p0024.dat,E,6.327631866474476,0.1,0.08562171139001482,0.518239021051519,-2.0,1.0
295,SNIa-CN/sn1998dm.p0049.dat,E,6.3287790284202945,0.1,0.21938147034952393,0.0806545236547154,-1.5115706428987765,1.0
296,SNIa-BL/sn2006ac.p0017.dat,E,6.334695045453676,0.1,1.3953255112106957,0.19374623981746955,0.48734243385591003,1.0
297,SNIa-BL/sn2007af.p0031.dat,E,6.3384882618340175,0.09000000000000001,0.11489868017320663,0.262087956075561,-2.0,1.0
298,SNIa-CN/sn2005cf.p0045.dat,E,6.341876766658207,0.09000000000000001,0.1278700493755046,0.34912918012147154,-1.695215673372725,1.0
299,SNIa-CN/sn1998bu.p0027.dat,E,6.360830974690698,0.1,0.1345322447728478,0.1499357181496983,-2.0,1.0
300,SNIa-CN/sn1994D.p0050.dat,E,6.363132313743529,0.1,0.3255278827328794,0.2985283400602588,-0.7888394138712395,1.0
301,SNIa-CL/sn2007bc.p0043.dat,E,6.374661736262883,0.09000000000000001,0.23499396566477115,0.3763704605922322,-1.0366192898422817,1.0
302,SNIa-SS/sn2000cx.p0036.dat,E,6.400177281926046,0.1,0.35279652455343247,0.1871221674142242,-0.8675463887763633,1.0
303,SNIa-CSM/sn2011km.p0030.dat,E,6.41610701421189,0.1,0.5176672619625975,0.0,-0.6085904337509416,1.0
304,SNIa-CL/sn2002hw.p0017.dat,E,6.417689897977061,0.1,0.11645585608820616,0.3144420474806976,-1.9531163644811065,1.0
305,SNIa-BL/sn2005am.p0012.dat,E,6.424468487810202,0.11000000000000001,2.3908601092620114,0.07874890818985499,0.9565049768985026,1.0
306,SNIa-CL/sn1999by.p0007.dat,E,6.45607086422641,0.1,0.3803977229060074,0.04237539179991141,-0.9088582497662576,1.0
307,SNIa-CN/sn1999ac.p0037.dat,E,6.458539938943696,0.09000000000000001,0.2099759561150101,0.2653182130855262,-1.3079102993337721,1.0
308,SNIa-SS/sn2000cx.p0037.dat,E,6.460370853783401,0.1,0.40317606742060536,0.18472929895259327,-0.7410565431178708,1.0
309,SNIa-BL/sn2006cp.p0042.dat,E,6.4604327697196675,0.09000000000000001,0.14933611298492558,0.3486558597081552,-1.5394509163651486,1.0
310,SNIa-BL/sn2002ha.p0032.dat,E,6.465191615479638,0.1,0.4233423760715143,0.26564623692809114,-0.6023537504807462,1.0
311,SNIa-BL/sn2006cp.p0040.dat,E,6.466422797134041,0.1,0.11328686457754714,0.3421760511820524,-1.8367328668567762,1.0
312,SNIa-SS/sn2007S.p0034.dat,E,6.490789391397717,0.09000000000000001,0.13864778569047587,0.08117980132477391,-1.9504008691410868,1.0
313,SNIa-BL/sn2002bo.p0014.dat,E,6.505317861353575,0.11000000000000001,0.3868548803404216,0.3146395885488254,-0.5667220796950591,1.0
314,SNIa-CN/sn2000fa.p0042.dat,E,6.507375237864441,0.1,0.1209499736829188,0.30895832038376725,-1.840183187345321,1.0
315,SNIa-BL/sn2004dt.p0023.dat,E,6.520063709305432,0.1,0.14910674226765752,0.23698913828856574,-1.7321571985718498,1.0
316,SNIa-CL/sn1999by.p0006.dat,E,6.523402008489693,0.1,0.3979417937524153,0.0,-0.9240352186605603,1.0
317,SNIa-BL/sn2004dt.p0016.dat,E,6.52683269854313,0.1,0.9838870516988356,0.1269252350478941,0.046972213671273334,1.0
318,SNIa-CN/sn2003kf.p0020.dat,E,6.5442034170622465,0.1,0.1774046154732454,0.31925413392599583,-1.2877363610296704,1.0
319,SNIa-CN/sn2001G.p0039.dat,E,6.550243699586708,0.1,0.29539594532304503,0.0,-1.3115218797854835,1.0
320,SNIa-CN/sn2003du.p0051.dat,E,6.553549843945001,0.1,0.41182364190252313,0.290911206353462,-0.5725691226056797,1.0
321,SNIa-CN/sn2008ar.p0035.dat,E,6.563643924099261,0.09000000000000001,0.3563886084324929,0.0,-1.1189673753102065,1.0
322,SNIa-BL/sn1997do.p0015.dat,E,6.57782221022184,0.11000000000000001,1.2273058031089574,0.22270635023101332,0.46999753830527147,1.0
323,SNIa-CN/sn1998bu.p0041.dat,E,6.6042118085434165,0.1,0.12705020934065347,0.19967193994779714,-2.0,1.0
324,SNIa-CN/sn1998aq.p0050.dat,E,6.628818449245254,0.1,0.27008878942480385,0.33288569157579057,-0.9289457083584409,1.0
325,SNIa-CN/sn1998bu.p0035.dat,E,6.629226595662908,0.1,0.14826453640284915,0.10252535034654137,-1.8917828074140348,1.0
326,SNIc/sn1994I.p0003.dat,E,6.638974578870329,0.1,0.417602511936665,0.0,-0.8803576827920888,1.0
327,SNIa-CN/sn1999ac.p0039.dat,E,6.639374798639982,0.09000000000000001,0.2181708552477529,0.27528662190566294,-1.261098016179176,1.0
328,SNIa-BL/sn1997bq.p0047.dat,E,6.639836126887221,0.09000000000000001,0.13971803773790292,0.37396412187598865,-1.605122139466483,1.0
329,SNIa-CN/sn1998bu.p0028.dat,E,6.649331376891152,0.09000000000000001,0.1340534998046841,0.1801537230543101,-2.0,1.0
330,SNIa-CN/sn2006lf.p0013.dat,E,6.652008476964356,0.1,0.22029670511656624,0.07603203462564836,-1.4148368597853878,1.0
331,SNIa-CN/sn2003du.p0019.dat,E,6.652810063782798,0.1,1.382370884354046,0.25670050304229547,0.5789126122830421,1.0
332,SNIc-bl/sn2007ru.p0036.dat,E,6.682019801893356,0.12000000000000001,0.24776002109064998,0.0,-1.3834777775601164,1.0
333,SNIa-CL/sn2005ke.p0007.dat,E,6.695093269199923,0.1,0.25104579048204745,0.027395403305416257,-1.332113697794821,1.0
334,SNIa-BL/sn2003kc.p0015.dat,E,6.705178965434815,0.1,1.1270173963990286,0.0,0.06618750813454219,1.0
335,SNIa-CL/sn1999by.p0008.dat,E,6.7055704722399545,0.09000000000000001,0.2681839801855568,0.1138669286485577,-1.201517210687813,1.0
336,SNIa-BL/sn2005am.p0057.dat,E,6.7276401601203055,0.1,0.19094185262528254,0.4902332911961095,-1.0500651421886635,1.0
337,SNIa-CN/sn2005kc.p0012.dat,E,6.729329693942863,0.1,1.287040076535765,0.0,0.25194320330422054,1.0
338,SNIa-CN/sn2002fk.p0042.dat,E,6.730576296758768,0.1,0.2719010761471948,0.2717986196767638,-1.0242309018277245,1.0
339,SNIa-SS/sn2001V.p0047.dat,E,6.73463435453974,0.1,0.22636047972160891,0.2881831670957056,-1.158870759795151,1.0
340,SNIa-BL/sn2006ac.p0013.dat,E,6.748779579835414,0.11000000000000001,1.257991662456275,0.3119351254155819,0.5837498755473992,1.0
341,SNIa-SS/sn1998ab.p0036.dat,E,6.7505476577682,0.09000000000000001,0.6324889042443572,0.0,-0.5190229325299868,1.0
342,SNIc-bl/sn2003jd.p0022.dat,E,6.751634991960815,0.11000000000000001,0.25609481521527866,0.0,-1.4774999522316665,1.0
343,SNIa-BL/sn2002dj.p0016.dat,E,6.765520098456024,0.1,0.4416628975701546,0.0,-0.8436575133796931,1.0
344,SNIa-BL/sn2002bo.p0013.dat,E,6.771464482030261,0.11000000000000001,0.48598463009703524,0.3416486383464062,-0.3221602800584813,1.0
345,SNIa-SS/sn2005M.p0040.dat,E,6.773535858882862,0.09000000000000001,0.09847068100990185,0.36959777014751144,-1.9498754699480083,1.0
346,SNIa-CN/sn1998bu.p0039.dat,E,6.7871903469365,0.1,0.13026060795707017,0.18929130289365453,-2.0,1.0
347,SNIa-SS/sn2001V.p0049.dat,E,6.79092743457573,0.1,0.22682255831962717,0.28977367120306935,-1.1685209813361543,1.0
348,SNIa-CN/sn1999ac.p0012.dat,E,6.802856116217418,0.1,1.389081207694561,0.10353497608762088,0.43287307369486494,1.0
349,SNIa-BL/sn1999ej.p0011.dat,E,6.816134624462456,0.1,2.5212976139622154,0.04409642970572049,0.9466087511219144,1.0
350,SNIa-CN/sn2005kc.p0033.dat,E,6.821726839072763,0.09000000000000001,0.11276178645713543,0.26212605991152055,-2.0,1.0
351,SNIa-BL/sn2002bo.p0028.dat,E,6.8256857827211,0.09000000000000001,0.10410608000384179,0.30832454570554413,-2.0,1.0
352,SNIa-BL/sn1997do.p0014.dat,E,6.828588742419811,0.11000000000000001,1.4090311680899157,0.16509981816765767,0.5478577559453807,1.0
353,SNIc-bl/sn2003jd.p0027.dat,E,6.852532304682211,0.11000000000000001,0.2513053983482002,0.09462247139567317,-1.3859569388652142,1.0
354,SNIa-SS/sn2001V.p0050.dat,E,6.854626844818797,0.1,0.22059498550361323,0.31266670131944374,-1.1495362120983446,1.0
355,SNIa-CL/sn2006H.p0013.dat,E,6.862146222426499,0.09000000000000001,0.17062050260105535,0.0,-2.0,1.0
356,SNIa-CL/sn2007ci.p0018.dat,E,6.871218220110311,0.09000000000000001,0.08597086279716228,0.38827371287019197,-2.0,1.0
357,SNIa-CL/sn2006H.p0010.dat,E,6.873955056809315,0.1,0.20167933847485514,0.0,-1.759449518247669,1.0
358,SNIa-BL/sn2007le.p0017.dat,E,6.878550958617817,0.1,0.2712497583361702,0.4060054773904783,-0.7478549644086501,1.0
359,SNIa-CN/sn2002fk.p0044.dat,E,6.880602289387194,0.1,0.2705703222934999,0.27264135921246113,-1.0226785639500506,1.0
360,SNIa-CN/sn2003it.p0031.dat,E,6.886954092981121,0.1,0.07800016429107212,0.525705578312769,-2.0,1.0
361,SNIa-CN/sn2007fs.p0048.dat,E,6.887218976295086,0.1,0.2250706395223049,0.3217755397762472,-1.151400586829761,1.0
362,SNIa-CN/sn2006le.p0035.dat,E,6.887466450151098,0.1,0.13413872690075274,0.15078327656346077,-1.8621244760825129,1.0
363,SNIa-CN/sn1998co.p0025.dat,E,6.899926818532306,0.09000000000000001,0.25155450454275174,0.0,-1.5403581543971483,1.0
364,SNIa-CL/sn2006hb.p0012.dat,E,6.9093817097364365,0.1,3.0,0.24074346217865022,1.2760150371576366,1.0
365,SNIa-CN/sn1999ac.p0041.dat,E,6.9213592736791485,0.09000000000000001,0.22150854296236605,0.2827735383815151,-1.2462340483026104,1.0
366,SNIa-BL/sn2004fu.p0015.dat,E,6.922662780932908,0.1,1.0392842817595473,0.30530891788527437,0.2648660741466805,1.0
367,SNIa-SS/sn2001V.p0048.dat,E,6.922889050117708,0.1,0.14546428849102191,0.3401651301281511,-1.5402672610087298,1.0
368,SNIa-BL/sn2004as.p0031.dat,E,6.927305061539007,0.09000000000000001,0.2523966480266799,0.17146150219565515,-1.3081619935576752,1.0
369,SNIa-BL/sn2005am.p0027.dat,E,6.930441905945139,0.1,0.080136177325043,0.4323499857723682,-2.0,1.0
370,SNIa-BL/sn1996Z.p0014.dat,E,6.93062648791916,0.11000000000000001,0.33514907487025647,0.3193970578150256,-0.6848323947059852,1.0
371,SNIa-BL/sn1997do.p0048.dat,E,6.93550743536127,0.1,0.6529077066485264,0.16590369033320523,-0.2839650942830332,1.0
372,SNIa-SS/sn1998es.p0044.dat,E,6.937487249333537,0.09000000000000001,0.25748200764109574,0.19458500492245143,-1.1469394081151734,1.0
373,SNIc-bl/sn2003jd.p0019.dat,E,6.958440534486355,0.11000000000000001,0.29612066941960474,0.0,-1.3204160519289665,1.0
374,SNIa-SS/sn1999aa.p0042.dat,E,6.964829702357302,0.09000000000000001,0.269645747060306,0.28723456766889105,-1.016906898044658,1.0
375,SNIa-CN/sn2004at.p0018.dat,E,6.97956807889722,0.1,1.7826390748580456,0.23560673467142054,0.8163545725962862,1.0
376,SNIa-BL/sn2001ep.p0047.dat,E,6.9807154605927435,0.09000000000000001,0.19899849247741774,0.3626720830542681,-1.2881634240074968,1.0
377,SNIa-CL/sn1997cn.p0014.dat,E,6.983281049214769,0.09000000000000001,0.1460106965043053,0.1361561353945819,-1.9669300836292323,1.0
378,SNIa-BL/sn2003W.p0028.dat,E,6.984747405946951,0.09000000000000001,0.3001771706151683,0.0,-1.2842447058446562,1.0
379,SNIa-BL/sn2002bo.p0040.dat,E,6.985055089790291,0.09000000000000001,0.10373566942526015,0.32331457210299813,-2.0,1.0
380,SNIa-SS/sn1998ab.p0046.dat,E,6.9873922175709655,0.09000000000000001,0.7765945454918295,0.0,-0.3096162053343427,1.0
381,SNIa-SS/sn1999dq.p0018.dat,E,6.989602968270271,0.1,0.7900459816463306,0.0,-0.23110608852581688,1.0
382,SNIa-SS/sn2007if.p0033.dat,E,7.0036195865314905,0.1,0.31816008451543504,0.0,-1.2099261350496393,0.9692709677419352
383,SNIa-SS/sn2001V.p0018.dat,E,7.008959343472458,0.1,1.265033137539091,0.26066990567158366,0.5202226835778019,1.0
384,SNIa-CN/sn1998co.p0028.dat,E,7.010442251111391,0.09000000000000001,0.46065639060670993,0.0,-0.84684090574892,1.0
385,SNIa-BL/sn2007af.p0012.dat,E,7.012517563458983,0.1,1.8227984761513691,0.1945100230420801,0.8052093689565456,1.0
386,SNIa-CN/sn2001fe.p0021.dat,E,7.024153230877495,0.1,0.9864098146880128,0.1958989976247122,0.1857584824080094,1.0
387,SNIa-CN/sn1996X.p0058.dat,E,7.043228983200033,0.1,0.1928520698759843,0.4057259520698081,-1.1679414759947355,1.0
388,SNIa-CN/sn2005kc.p0029.dat,E,7.043888426593734,0.09000000000000001,0.1194204281684408,0.2175207504188122,-2.0,1.0
389,SNIa-CN/sn2006le.p0047.dat,E,7.047666275624108,0.1,0.11064845005816222,0.28068169155438916,-1.9252497118946836,1.0
390,SNIc/sn1994I.p0001.dat,E,7.062138826451863,0.1,0.6690868202937776,0.0,-0.4141229675913346,1.0
391,SNIa-CL/sn2004gs.p0020.dat,E,7.062649568391548,0.09000000000000001,0.2884170245349462,0.40104054085312385,-0.9293934324120895,1.0
392,SNIa-CN/sn2006le.p0048.dat,E,7.069716290417613,0.1,0.14400229366736217,0.3530517122121924,-1.6270675124089489,1.0
393,SNIa-CL/sn1999by.p0042.dat,E,7.074947399673512,0.09000000000000001,0.229839402188631,0.41031245175823183,-1.0918368583617748,1.0
394,SNIa-BL/sn1996bo.p0011.dat,E,7.081898584294488,0.11000000000000001,0.23155884215064457,0.3719271535501876,-0.9586638551911003,1.0
395,SNIa-CN/sn2006le.p0043.dat,E,7.0926077478870315,0.1,0.09937876201492656,0.33257821924253556,-2.0,1.0
396,SNIa-SS/sn2008Z.p0023.dat,E,7.1073245875127835,0.1,0.5306229046187328,0.14749738358426676,-0.4649989463266005,1.0
397,SNIa-CL/sn2005ke.p0008.dat,E,7.113652992100808,0.09000000000000001,0.12823886819420868,0.15717726074622462,-2.0,1.0
398,SNIc-bl/sn2003jd.p0023.dat,E,7.124242302134128,0.11000000000000001,0.41372667425279896,0.0,-0.948404895183852,1.0
399,SNIa-SS/sn2006gr.p0039.dat,E,7.126715006853014,0.1,0.22036810593468012,0.15362054729377517,-1.4510062087188438,1.0
400,SNIa-SS/sn2001V.p0053.dat,E,7.126864052328355,0.1,0.1659330154042469,0.3681473152322976,-1.3768589977921717,1.0
401,SNIa-BL/sn2007le.p0040.dat,E,7.127987183950467,0.1,0.09328028863226268,0.30727954362638993,-2.0,1.0
402,SNIa-SS/sn2001V.p0052.dat,E,7.130321278685187,0.1,0.20609136214467155,0.318491654777263,-1.1093860674902083,1.0
403,SNIa-BL/sn1997bq.p0009.dat,E,7.130667051085485,0.11000000000000001,1.5673386068827102,0.2218365637130923,0.7329292679495213,1.0
404,SNIa-CN/sn2002ck.p0016.dat,E,7.141606585754207,0.1,1.2452039953487126,0.24122347927199778,0.4461874131423599,1.0
405,SNIa-SS/sn1999aa.p0044.dat,E,7.144911131837192,0.1,0.23985248131409437,0.26782858672289195,-1.1466015405555863,1.0
406,SNIa-SS/sn2006gr.p0018.dat,E,7.147659340899026,0.11000000000000001,0.9564899964258397,0.1374904441224658,0.10862567405583924,1.0
407,SNIa-CN/sn2006cf.p0017.dat,E,7.150243042114399,0.1,1.8466549840326305,0.0566665356456422,0.656330594696659,1.0
408,SNIa-CL/sn1997cn.p0018.dat,E,7.155592155345253,0.09000000000000001,0.2689436289712144,0.06581637455503368,-1.385758691966551,1.0
409,SNIa-CN/sn2000fa.p0018.dat,E,7.169665959614065,0.1,0.6955233752108505,0.4587826645521796,0.17043243555971851,1.0
410,SNIa-BL/sn2002bo.p0043.dat,E,7.178919174514138,0.1,0.10195391430239323,0.31349288335322756,-2.0,1.0
411,SNIa-CN/sn2002ck.p0037.dat,E,7.1811049159616,0.09000000000000001,0.1843567605618589,0.32634402479551217,-1.3980500696115223,1.0
412,SNIa-BL/sn2007le.p0016.dat,E,7.191809046711903,0.11000000000000001,0.3828572828291749,0.3578738664575542,-0.48247256061593974,1.0
413,SNIa-CL/sn2006H.p0014.dat,E,7.192086867483206,0.09000000000000001,0.1689930041032512,0.0,-2.0,1.0
414,SNIa-BL/sn2001bg.p0014.dat,E,7.2051834030573865,0.11000000000000001,1.1914675253143658,0.2850873837104591,0.4965123907288402,1.0
415,SNIa-BL/sn2002bo.p0012.dat,E,7.214200094994059,0.11000000000000001,0.5649291258757354,0.3412275882646568,-0.18461070524119164,1.0
416,SNIc-bl/sn2003jd.p0021.dat,E,7.22374201670122,0.11000000000000001,0.3090733012852361,0.0,-1.2774929618216802,1.0
417,SNIa-CL/sn1997cn.p0012.dat,E,7.226052467008034,0.09000000000000001,0.3257181289461043,0.05707188387215888,-1.1925479415065656,1.0
418,SNIa-CL/sn2006H.p0017.dat,E,7.23248569745094,0.09000000000000001,0.16596947601023787,0.04832395531928403,-1.9702558134298942,1.0
419,SNIa-SS/sn1999aa.p0046.dat,E,7.237738454945309,0.1,0.302481982059395,0.30426725439965446,-0.8776813133089638,1.0
420,SNIa-CN/sn2000dn.p0046.dat,E,7.242416355472161,0.1,0.37637176979640813,0.3450850681033565,-0.6556408793384639,1.0
421,SNIa-BL/sn2002bo.p0027.dat,E,7.242992141032947,0.09000000000000001,0.10165224888788363,0.32334730557624564,-2.0,1.0
422,SNIa-BL/sn2002bo.p0049.dat,E,7.246908588704185,0.1,0.10559651618742211,0.31596486995141554,-2.0,1.0
423,SNIa-SS/sn1999aa.p0048.dat,E,7.255213548270918,0.1,0.2877821615706684,0.3022849921438222,-0.9371254959155694,1.0
424,SNIa-BL/sn2006cp.p0041.dat,E,7.255757102644607,0.09000000000000001,0.31011130692868133,0.2816424457201669,-0.9767817140803142,1.0
425,SNIa-CL/sn1999by.p0005.dat,E,7.258156795973765,0.1,0.6790977239968936,0.0,-0.3821728460771546,1.0
426,SNIa-BL/sn2000cf.p0015.dat,E,7.26413885961347,0.1,2.102433448130248,0.0,0.7082610742003725,1.0
427,SNIa-CN/sn2007fs.p0051.dat,E,7.2702099909168565,0.1,0.21975067409282018,0.35109911556944723,-1.1147559566649654,1.0
428,SNIa-CN/sn1998aq.p0054.dat,E,7.27081156252588,0.1,0.32305463996027656,0.35142803645274046,-0.7318924970973141,1.0
429,SNIa-CN/sn1998dm.p0019.dat,E,7.279507316405963,0.1,0.5197767406756653,0.2267843406608723,-0.40645514760202317,1.0
430,SNIa-BL/sn2005am.p0011.dat,E,7.294182320686668,0.11000000000000001,2.1650936651772765,0.11854452927833418,0.8843245966996159,1.0
431,SNIa-SS/sn2001az.p0044.dat,E,7.313289206978641,0.1,0.16607769290583976,0.35324614931763454,-1.2813482943696994,1.0
432,SNIc-bl/sn2003jd.p0048.dat,E,7.313985952309121,0.11000000000000001,0.6697031857440752,0.0,-0.44566426713799523,1.0
433,SNIa-CL/sn2007bc.p0060.dat,E,7.323587337818148,0.1,0.36642813177164685,0.38786481331412376,-0.5933705905772519,1.0
434,SNIa-SS/sn2007if.p0014.dat,E,7.324484302135787,0.1,1.5463957400747532,0.0,0.370078873789882,0.968809677419355
435,SNIa-SS/sn2000cx.p0039.dat,E,7.32617965209693,0.1,0.34973765581007743,0.23904803908740413,-0.8518024277790344,1.0
436,SNIa-CN/sn1999ek.p0012.dat,E,7.33144392913249,0.1,0.3487998283756268,0.164827798337787,-0.8666214141256424,1.0
437,SNIa-BL/sn2002bo.p0051.dat,E,7.349408421502645,0.09000000000000001,0.10180230419352859,0.3652685776356436,-2.0,1.0
438,SNIa-CL/sn2002fb.p0027.dat,E,7.354061530781728,0.1,0.17121194417123567,0.19294223480294306,-1.733679685832838,1.0
439,SNIa-SS/sn2006gr.p0048.dat,E,7.3884845102499455,0.1,0.1790374010599275,0.3072708955872525,-1.5036956916219302,1.0
440,SNIa-BL/sn1995al.p0044.dat,E,7.393073768304618,0.09000000000000001,0.14692138567321433,0.3489588822836667,-1.5417919681514078,1.0
441,SNIc-bl/sn2003jd.p0026.dat,E,7.3942386974419465,0.11000000000000001,0.4918788495003173,0.0,-0.7657519362020105,1.0
442,SNIa-BL/sn2003W.p0030.dat,E,7.422059403730402,0.09000000000000001,0.2791148240274126,0.0,-1.4034434640402151,1.0
443,SNIc-bl/sn2003jd.p0049.dat,E,7.423592800763695,0.11000000000000001,0.5506050768801273,0.0,-0.6301861673369658,1.0
444,SNIa-SS/sn2001V.p0057.dat,E,7.429590523748474,0.1,0.2348944692958271,0.34041843485350537,-1.0554409960276485,1.0
445,SNIa-CN/sn2006N.p0028.dat,E,7.442055732757712,0.1,0.25058554452112414,0.0,-1.5500585576112509,1.0
446,SNIa-CL/sn2005ke.p0010.dat,E,7.444082973218531,0.09000000000000001,0.12978754004569706,0.1854109195363202,-2.0,1.0
447,SNIa-SS/sn2008Z.p0042.dat,E,7.450628205667819,0.1,0.35639603963150657,0.03148442805484898,-0.8813260566176717,1.0
448,SNIa-BL/sn1995al.p0018.dat,E,7.466776471930196,0.1,0.41347007026485705,0.3491786124330973,-0.4708303612580067,1.0
449,SNIa-CN/sn1998V.p0015.dat,E,7.469491028231845,0.1,0.9711663737175159,0.24794688343230092,0.20444177133810498,1.0
450,SNIa-CL/sn2006H.p0016.dat,E,7.471626231037913,0.09000000000000001,0.16433619120932277,0.0,-2.0,1.0
451,SNIc-bl/sn2003jd.p0051.dat,E,7.472893379053997,0.11000000000000001,0.776713291830243,0.0,-0.3215691715201232,1.0
452,SNIa-BL/sn2007bm.p0045.dat,E,7.4967134304240854,0.1,0.10633155540697274,0.28610204313380255,-2.0,1.0
453,SNIa-SS/sn2002cx.p0011.dat,E,7.514097957554477,0.09000000000000001,0.8435708273020569,0.0,-0.20585946311281092,1.0
454,SNIa-CL/sn2006H.p0011.dat,E,7.514540821831506,0.09000000000000001,0.2139697817223957,0.0,-1.7448180682768208,1.0
455,SNIa-BL/sn2001da.p0057.dat,E,7.523452543292274,0.1,0.30426715613547684,0.1724359503571748,-1.0343929258619098,1.0
456,SNIa-BL/sn2007le.p0015.dat,E,7.530432978714321,0.11000000000000001,0.44545859771493773,0.3515107116604224,-0.35398980706002753,1.0
457,SNIa-CL/sn1997cn.p0013.dat,E,7.531207778855281,0.09000000000000001,0.22739910478949144,0.05577008703903239,-1.5974857284831276,1.0
458,SNIa-BL/sn2001en.p0014.dat,E,7.561192988603992,0.11000000000000001,1.065968284710434,0.25249388195244676,0.32797396537717266,1.0
459,SNIa-SS/sn1998es.p0051.dat,E,7.562967048953431,0.09000000000000001,0.2871178568566535,0.27377524781729273,-0.9947987455912667,1.0
460,SNIa-BL/sn2001N.p0010.dat,E,7.563738874633167,0.11000000000000001,0.5606262405561867,0.0,-0.5959567702391125,1.0
461,SNIa-SS/sn2006S.p0021.dat,E,7.577575154721463,0.1,1.1455542368265932,0.2496640321043221,0.35712192099729473,1.0
462,SNIa-BL/sn2007bm.p0010.dat,E,7.578457410251707,0.1,0.8875965801282949,0.06505106586171137,-0.0643512522398398,1.0
463,SNIa-BL/sn2002bo.p0045.dat,E,7.5872239598205145,0.09000000000000001,0.10320320079254633,0.3290204021761456,-2.0,1.0
464,SNIa-BL/sn1994M.p0013.dat,E,7.58813042819896,0.11000000000000001,1.377590243293324,0.23162423067946583,0.9290335746627922,1.0
465,SNIa-BL/sn2002bo.p0054.dat,E,7.597132993394752,0.1,0.08775248911925634,0.37670202865990227,-1.938603781434641,1.0
466,SNIa-BL/sn2003kc.p0044.dat,E,7.609097146050847,0.09000000000000001,0.570661105459738,0.0,-0.556775027512924,1.0
467,SNIa-CL/sn2006H.p0015.dat,E,7.6140542429190425,0.09000000000000001,0.19116942893800298,0.036379186106634154,-1.851678150516924,1.0
468,SNIa-BL/sn2001ay.p0055.dat,E,7.615666862151031,0.09000000000000001,0.42184899672564063,0.15420739007035378,-0.6343811439439718,1.0
469,SNIa-CL/sn2007ax.p0019.dat,E,7.615748525724857,0.09000000000000001,0.2391233766193465,0.0,-1.6164780355662685,1.0
470,SNIa-BL/sn2007kk.p0030.dat,E,7.61759484772207,0.09000000000000001,0.10285874643944715,0.34845946900409513,-2.0,1.0
471,SNIa-CN/sn2002fk.p0033.dat,E,7.621797511107664,0.09000000000000001,0.1068558405927341,0.2263181224117047,-2.0,1.0
472,SNIa-CL/sn1997cn.p0024.dat,E,7.635794368885958,0.09000000000000001,0.35055768115111263,0.16979373521630609,-0.9939171759483714,1.0
473,SNIa-CL/sn1997cn.p0020.dat,E,7.637821632537916,0.09000000000000001,0.3865987362648017,0.0,-1.1119175017107459,1.0
474,SNIa-CN/sn2006lf.p0051.dat,E,7.639581085541061,0.1,0.11008165950437401,0.32088721058473474,-2.0,1.0
475,SNIc/sn1994I.m0001.dat,E,7.64300301046659,0.11000000000000001,1.0620854081224895,0.0,0.023190706800767714,1.0
476,SNIa-CL/sn2007ci.p0021.dat,E,7.6495803704376595,0.09000000000000001,0.1149022585546196,0.43369853599316993,-1.7400997679010852,1.0
477,SNIa-BL/sn2001bf.p0042.dat,E,7.672680444254612,0.09000000000000001,0.146719915670056,0.36170198950085897,-1.5742399598154566,1.0
478,SNIa-CN/sn1994D.p0055.dat,E,7.6790057889161805,0.1,0.25205788467588797,0.3544006863573517,-1.0062825890780713,1.0
479,SNIa-CN/sn2003du.p0056.dat,E,7.694146357812134,0.1,0.32886478387919366,0.3256307331994412,-0.7713974561950688,1.0
480,SNIa-BL/sn1997do.p0012.dat,E,7.696025999036525,0.11000000000000001,1.7302285784612828,0.19720413845985507,0.8060778944961973,1.0
481,SNIa-BL/sn2001ep.p0061.dat,E,7.7018390976431785,0.09000000000000001,0.33612577346341604,0.37029127959002023,-0.7254675453569136,1.0
482,SNIa-SS/sn2005hk.p0014.dat,E,7.701860913487561,0.09000000000000001,0.12243823031522777,0.239655136580289,-1.9604894495730623,1.0
483,SNIa-CL/sn1997cn.p0022.dat,E,7.713730676215482,0.09000000000000001,0.26202704567611934,0.14469094878357638,-1.3745358110064694,1.0
484,SNIa-CL/sn2002fb.p0023.dat,E,7.750870351714868,0.1,0.2559570730738416,0.0,-1.4991165875470511,1.0
485,SNIa-CN/sn1998bu.p0042.dat,E,7.751519838958887,0.1,0.21536857097701423,0.10189348326993594,-1.4615605833105252,1.0
486,SNIa-CL/sn1997cn.p0011.dat,E,7.755047188729291,0.09000000000000001,0.21078101656300627,0.12298450187293777,-1.5951407996217184,1.0
487,SNIa-BL/sn1996bo.p0009.dat,E,7.755362503059363,0.11000000000000001,0.5940911029980223,0.3449497472441977,-0.1522777379771241,1.0
488,SNIa-BL/sn1999cl.p0008.dat,E,7.760733259320805,0.11000000000000001,0.12169155203481705,0.10829505143978904,-2.0,1.0
489,SNIa-CN/sn2003kf.p0053.dat,E,7.76118132920741,0.1,0.12879515744715864,0.3763066348832963,-1.6781220770570118,1.0
490,SNIc-bl/sn2003jd.p0033.dat,E,7.764773954657519,0.11000000000000001,0.5536088181307234,0.0,-0.6691123925533916,1.0
491,SNIa-CN/sn2008C.p0012.dat,E,7.766132500047173,0.1,1.0723980044643588,0.0,0.03544313661521523,1.0
492,SNIa-BL/sn2001ep.p0057.dat,E,7.773778961236707,0.09000000000000001,0.3005278472006988,0.36038309267251845,-0.8461863685492855,1.0
493,SNIa-BL/sn2003ch.p0031.dat,E,7.788419118333696,0.09000000000000001,0.15309059162589087,0.4082262363599327,-1.5421362960688056,1.0
494,SNIa-CL/sn2002eu.p0011.dat,E,7.788695801111455,0.1,1.4288027256138305,0.0,0.30901326901214266,1.0
495,SNIa-CSM/sn2002ic.p0057.dat,E,7.808276732451168,0.09000000000000001,0.49004704263606513,0.04876081267308791,-0.4323698228791526,1.0
496,SNIa-BL/sn2006ac.p0011.dat,E,7.810417409841994,0.11000000000000001,1.6776136554213044,0.2628144532013622,0.7993079931890302,1.0
497,SNIa-SS/sn1999dq.p0048.dat,E,7.840754210338891,0.09000000000000001,0.06829227671402656,0.5204853446055422,-1.9966616030385296,1.0
498,SNIa-BL/sn2001N.p0026.dat,E,7.844433077596431,0.09000000000000001,0.2501203477426047,0.0,-1.520069884727603,1.0
499,SNIa-CL/sn2006H.p0012.dat,E,7.85215047617395,0.09000000000000001,0.2086427233094834,0.0,-1.7932711847426783,1.0
500,SNIa-SS/sn1999dq.p0017.dat,E,7.855591455840043,0.1,0.9749864803994335,0.0,-0.02575129833043185,1.0
501,SNIa-BL/sn2007af.p0058.dat,E,7.857420902795688,0.1,0.1846817151715798,0.4160614816944491,-1.1971833634544908,1.0
502,SNIa-CN/sn2006le.p0041.dat,E,7.868145845416558,0.1,0.08822708850861816,0.4025327285796342,-2.0,1.0
503,SNIa-BL/sn2005am.p0063.dat,E,7.876881290020172,0.1,0.2709724517124637,0.4579517469844056,-0.8097016096682323,1.0
504,SNIa-CN/sn2003du.p0018.dat,E,7.883251071712436,0.1,1.393635247879082,0.2961297348857684,0.6209158486127961,1.0
505,SNIa-BL/sn2007le.p0014.dat,E,7.896632049303201,0.11000000000000001,0.5323168083706067,0.3527278913725715,-0.19267212812061282,1.0
506,SNIa-BL/sn2002bf.p0016.dat,E,7.908121010601138,0.11000000000000001,0.5171557017784723,0.0,-0.7231829433388671,1.0
507,SNIc/sn2004aw.p0004.dat,E,7.910829120883913,0.11000000000000001,0.20922643526460286,0.0,-1.5864577678737104,1.0
508,SNIa-BL/sn2002bo.p0010.dat,E,7.941197058020885,0.11000000000000001,0.5947124799575565,0.3138014371989668,-0.17229691873614503,1.0
509,SNIa-CL/sn2007fb.p0015.dat,E,7.94687710674123,0.1,1.628024617364986,0.10810203061582722,0.5473504829737195,1.0
510,SNIa-BL/sn2003W.p0044.dat,E,7.984953943110206,0.09000000000000001,0.21458640191983966,0.13434733551538935,-1.4731466146199805,1.0
511,SNIa-CN/sn1999ac.p0011.dat,E,7.992854171531624,0.1,1.4844557204440674,0.1323526181663728,0.5316197263140805,1.0
512,SNIIb/sn2006T.p0007.dat,E,8.002000668902872,0.09000000000000001,0.18811436196781633,0.0,-1.7234338824325037,1.0
513,SNIa-CL/sn1997cn.p0043.dat,E,8.012925941485623,0.09000000000000001,0.3068241984400106,0.44165006201606294,-0.6036332587217176,1.0
514,SNIa-CL/sn2000dk.p0059.dat,E,8.01589950915342,0.1,0.6473465468278079,0.35606683982480086,-0.07775497914727993,1.0
515,SNIa-CN/sn2007F.p0053.dat,E,8.019445143780079,0.1,0.16824423742123434,0.402291210351541,-1.3419503966490245,1.0
516,SNIa-BL/sn1994M.p0040.dat,E,8.020904784643678,0.1,0.09271034292355573,0.6149044722334848,-1.3754452689814074,1.0
517,SNIa-CL/sn2006H.p0008.dat,E,8.03220687229011,0.1,0.2636239089896885,0.0,-1.4830448810640262,1.0
518,SNIa-SS/sn2008Z.p0048.dat,E,8.032989752807037,0.1,0.3497703772447411,0.02940101206293499,-1.0302391741175558,1.0
519,SNIa-BL/sn2001N.p0009.dat,E,8.043584480031472,0.11000000000000001,0.6836149215816514,0.0,-0.39476939069208244,1.0
520,SNIa-BL/sn2007bm.p0038.dat,E,8.060480009460012,0.09000000000000001,0.10171918659891363,0.30613330051037113,-2.0,1.0
521,SNIa-CN/sn2007fs.p0055.dat,E,8.077167493566746,0.1,0.29662619566221715,0.34982215185872684,-0.8369576990790483,1.0
522,SNIa-BL/sn2007af.p0011.dat,E,8.08445948213009,0.1,1.990930216591455,0.17253277655435106,0.859476619759934,1.0
523,SNIa-BL/sn2002bf.p0012.dat,E,8.086872215357317,0.11000000000000001,0.8236206965079306,0.0,-0.24037901245399299,1.0
524,SNIc/sn1994I.p0006.dat,E,8.087141431677724,0.1,0.19864216517072342,0.0,-1.5383595894086026,1.0
525,SNIa-CN/sn1998aq.p0057.dat,E,8.095612014264724,0.1,0.2686062853583741,0.38462103626127736,-0.8880345087842191,1.0
526,SNIa-CN/sn1994D.p0056.dat,E,8.101461390210009,0.1,0.5329350463226376,0.3197732888953419,-0.3024775060539955,1.0
527,SNIa-CN/sn2003du.p0059.dat,E,8.105540736078385,0.1,0.32423254960986986,0.38305243290468316,-0.5854600649856558,1.0
528,SNIa-SS/sn2007if.p0036.dat,E,8.105784054191057,0.1,0.2648199208981915,0.025351681398055617,-1.4013244040578743,0.9689709677419355
529,SNIa-BL/sn2007jg.p0013.dat,E,8.120062854756636,0.11000000000000001,1.4532702795523078,0.2550004398883072,0.6216620896070669,1.0
530,SNIa-BL/sn1997do.p0011.dat,E,8.12806567918137,0.11000000000000001,1.963322547770116,0.18404048896681433,0.9112589746017972,1.0
531,SNIa-SS/sn1999aa.p0052.dat,E,8.132754010906481,0.1,0.30233595585230405,0.34189795803340584,-0.8480946931173852,1.0
532,SNIa-CL/sn2002fb.p0053.dat,E,8.13424959966861,0.1,0.8113225075210697,0.3868126943872174,0.4436749957760799,1.0
533,SNIa-BL/sn2007le.p0039.dat,E,8.136289802358702,0.1,0.08890742931887788,0.3366101559332066,-2.0,1.0
534,SNIa-CN/sn2005na.p0016.dat,E,8.153671788482322,0.1,0.9955708817121994,0.24028205697095953,0.17837907406273762,1.0
535,SNIa-BL/sn2001N.p0011.dat,E,8.161796678853468,0.11000000000000001,0.5453865818901381,0.0,-0.653902771121026,1.0
536,SNIc/sn1994I.m0002.dat,E,8.165184702707196,0.11000000000000001,1.2524846283162405,0.0,0.20356081540175325,1.0
537,SNIa-BL/sn2001en.p0012.dat,E,8.166154776115139,0.11000000000000001,1.5284838204888815,0.22470054716888063,0.6510220939113874,1.0
538,SNIa-CN/sn2007ca.p0046.dat,E,8.1701358201562,0.1,0.48329256120578024,0.0,-0.8098083872836861,1.0
539,SNIa-CN/sn2001G.p0053.dat,E,8.182895103220776,0.1,0.6095395826152257,0.0,-0.5036084148662033,1.0
540,SNIa-BL/sn2007le.p0013.dat,E,8.183639024627382,0.11000000000000001,0.6154203229786681,0.3363329226430163,-0.08964437196893354,1.0
541,SNIa-CL/sn2002jg.p0025.dat,E,8.190886442437204,0.09000000000000001,0.15549924980647997,0.09962898830648709,-1.9573032309456264,1.0
542,SNIa-SS/sn1999aa.p0050.dat,E,8.200408720422523,0.1,0.2852494346594596,0.3330837956996155,-0.931752660583617,1.0
543,SNIa-CN/sn2006lf.p0011.dat,E,8.201506248420232,0.1,0.34327707813376457,0.09897270233169811,-0.94888163036709,1.0
544,SNIa-CN/sn1994D.p0057.dat,E,8.203369000920018,0.1,0.4560335465058223,0.32061658041626495,-0.4474506536577021,1.0
545,SNIa-BL/sn2004dt.p0044.dat,E,8.204548470284525,0.09000000000000001,0.16268778648300306,0.38046363619611856,-1.472452522647607,1.0
546,SNIa-BL/sn2003cq.p0029.dat,E,8.208356644773742,0.09000000000000001,0.24055872491206154,0.33676984625865375,-1.2020849966660145,1.0
547,SNIa-BL/sn1997E.p0011.dat,E,8.22285945171098,0.1,0.5134384451607003,0.21139644751014472,-0.37873369664709,1.0
548,SNIa-CN/sn1998bu.p0038.dat,E,8.225590694924092,0.09000000000000001,0.1149136170639634,0.2791752098786469,-2.0,1.0
549,SNIa-SS/sn1999gp.p0050.dat,E,8.247288892898013,0.09000000000000001,0.524406937072229,0.0,-0.7028922461288132,1.0
550,SNIa-SS/sn1998es.p0056.dat,E,8.247850427065732,0.1,0.4095885152268403,0.1629442736148295,-0.7408193152401836,1.0
551,SNIa-CL/sn2007hj.p0007.dat,E,8.284522674919778,0.1,1.2085995312407285,0.043829804529434004,0.20314835263421344,1.0
552,SNIa-CN/sn2008ar.p0056.dat,E,8.285844116993207,0.1,0.41511136765205253,0.13953155326444477,-0.790707005314744,1.0
553,SNIa-BL/sn1997bp.p0049.dat,E,8.312618992855555,0.1,0.12634832631498466,0.4118120437958836,-1.5994863673872537,1.0
554,SNIa-BL/sn2007co.p0012.dat,E,8.314601421762312,0.11000000000000001,1.2515422911970044,0.21627501697501889,0.45351351607805235,1.0
555,SNIa-CN/sn2006lf.p0040.dat,E,8.31651854990796,0.1,0.13947678637102706,0.14268849797810162,-2.0,1.0
556,SNIa-BL/sn2007af.p0061.dat,E,8.326053729927398,0.1,0.21535402523528774,0.4282032906306536,-1.0308647240861248,1.0
557,SNIa-CL/sn2006H.p0007.dat,E,8.326841050315789,0.1,0.28405635476395663,0.0,-1.379259367849104,1.0
558,SNIa-CL/sn1999by.p0004.dat,E,8.357599291628791,0.1,0.8683107469692531,0.0,-0.14503888816957525,1.0
559,SNIa-BL/sn2006ac.p0010.dat,E,8.35795993063858,0.11000000000000001,2.0507855487246167,0.2571088323562459,0.9839668214789525,1.0
560,SNIa-CN/sn1998bu.p0030.dat,E,8.360545797394835,0.1,0.1365285131031595,0.1608393967832492,-2.0,1.0
561,SNIa-CL/sn2006hb.p0011.dat,E,8.362072381178958,0.1,3.0,0.15694162166622963,1.2167190864679913,1.0
562,SNIa-CN/sn1995D.p0017.dat,E,8.36613885260043,0.1,1.2659971770398055,0.2639477994471911,0.783011494664862,1.0
563,SNIa-BL/sn2007le.p0053.dat,E,8.375304479404729,0.1,0.08313497453889532,0.433795165974794,-2.0,1.0
564,SNIa-CN/sn1998aq.p0018.dat,E,8.393839796693792,0.1,1.4550763510024785,0.29873433443785197,0.6752584998741487,1.0
565,SNIa-BL/sn2001E.p0015.dat,E,8.424083956976878,0.11000000000000001,0.3238266784803778,0.3488120810267652,-0.7354199446123071,1.0
566,SNIa-CL/sn2005ke.p0013.dat,E,8.447175916988487,0.09000000000000001,0.1419848170557407,0.04835218437722566,-1.9861203995654888,1.0
567,SNIc/sn1994I.p0009.dat,E,8.460890435303625,0.1,0.1510694274411465,0.0,-1.853164331622725,1.0
568,SNIa-CN/sn2008bf.p0060.dat,E,8.461359527831897,0.1,0.36683289977131506,0.3005412230733656,-0.7161876414574051,1.0
569,SNIa-CL/sn1997cn.p0016.dat,E,8.473937156982227,0.09000000000000001,0.18650610964449774,0.06738455763066194,-1.8071023920425857,1.0
570,SNIa-CN/sn2003kf.p0018.dat,E,8.491974266539783,0.1,0.3311977318687004,0.3783819179722274,-0.6773313685342358,1.0
571,SNIa-CL/sn2002eu.p0061.dat,E,8.492305968552811,0.1,0.8413561648469124,0.0,-0.09571220037793508,1.0
572,SNIc-bl/sn2003jd.p0047.dat,E,8.510561632888203,0.11000000000000001,0.7221757484135959,0.0,-0.4191681540640634,1.0
573,SNIa-CN/sn1998aq.p0059.dat,E,8.514595079978523,0.1,0.30491209090838106,0.40999069287486956,-0.7402958321762122,1.0
574,SNIa-SS/sn2008A.p0043.dat,E,8.516375531821433,0.09000000000000001,0.10180818711958929,0.35259523365595763,-2.0,1.0
575,SNIa-CN/sn2003du.p0060.dat,E,8.5230640058649,0.1,0.272612109380984,0.367405309460336,-0.9127099643326984,1.0
576,SNIa-SS/sn1999aa.p0054.dat,E,8.539798549058341,0.1,0.28340687895272165,0.37726286052744673,-0.8665487271233608,1.0
577,SNIa-BL/sn1996Z.p0010.dat,E,8.543102147915949,0.11000000000000001,0.3630541363861225,0.2875656564393499,-0.6172014631142552,1.0
578,SNIa-BL/sn2002dj.p0010.dat,E,8.558216963256001,0.11000000000000001,1.5614862368578728,0.34179668812411157,0.8687929298169443,1.0
579,SNIa-BL/sn2007le.p0048.dat,E,8.568279445590925,0.09000000000000001,0.10372091538391441,0.26348079728235596,-2.0,1.0
580,SNIa-BL/sn2007le.p0012.dat,E,8.57316246786134,0.11000000000000001,0.7184478831364064,0.32196362390808136,0.022752890242256824,1.0
581,SNIa-SS/sn2002cx.p0015.dat,E,8.576797545754497,0.09000000000000001,0.4869437449862073,0.0,-0.7809110793021652,1.0
582,SNIa-SS/sn2005hk.p0027.dat,E,8.583623962733903,0.08,0.12327224993281495,0.2438729902907273,-2.0,1.0
583,SNIc/sn1994I.p0002.dat,E,8.585864688521752,0.1,0.565207471935304,0.19840899147703017,-0.0918864246164927,1.0
584,SNIa-CN/sn2003du.p0061.dat,E,8.586116601388044,0.1,0.32428294656048084,0.3855329158525951,-0.7035402084684454,1.0
585,SNIa-SS/sn1999aa.p0056.dat,E,8.615640892133136,0.1,0.35736162076335976,0.3555919096381081,-0.6670431751116368,1.0
586,SNIa-CN/sn2006le.p0017.dat,E,8.620642186505588,0.11000000000000001,0.5526981636313287,0.28292433859024146,-0.27705338787634826,1.0
587,SNIa-CL/sn2006H.p0006.dat,E,8.626672977315879,0.1,0.33152068964808173,0.0,-1.174332054476289,1.0
588,SNIa-BL/sn2007af.p0063.dat,E,8.632497150532238,0.1,0.2087158861454524,0.4428098630718409,-1.0474929687564563,1.0
589,SNIa-CL/sn2002eu.p0026.dat,E,8.633840532795064,0.09000000000000001,0.3644024624443139,0.03151285955070106,-1.1079041557360194,1.0
590,SNIa-SS/sn2005eq.p0051.dat,E,8.640780398797087,0.09000000000000001,0.270657017700336,0.3128568173855724,-1.0714184339172648,1.0
591,SNIa-CN/sn2005kc.p0010.dat,E,8.642427234761245,0.1,1.2911849867957759,0.0,0.18913489606564382,1.0
592,SNIa-CN/sn2000fa.p0016.dat,E,8.653135269769729,0.11000000000000001,0.858429140874828,0.41830154105755407,0.3441851379583994,1.0
593,SNIa-BL/sn1997bq.p0041.dat,E,8.665488496956062,0.09000000000000001,0.31178445287050005,0.29692105242230815,-0.93753550751256,1.0
594,SNIa-CL/sn2002jg.p0009.dat,E,8.675658498952092,0.1,0.7254615646524541,0.0,-0.3539371684630084,1.0
595,SNIa-BL/sn1997do.p0010.dat,E,8.700614098326021,0.11000000000000001,2.15283334836685,0.1643270624479741,0.9751995651995349,1.0
596,SNIa-BL/sn1994M.p0012.dat,E,8.726049253647858,0.11000000000000001,1.5294415806531454,0.306571214599445,1.2931737356247932,1.0
597,SNIa-CN/sn2001ck.p0016.dat,E,8.737480830459088,0.1,1.95439365747741,0.16659433274770294,0.8164255881221143,1.0
598,SNIc-bl/sn1997ef.m0004.dat,E,8.760470578345203,0.12000000000000001,1.013732560704702,0.0,-0.025588402872346587,1.0
599,SNIa-CN/sn2003cg.p0011.dat,E,8.779074293894773,0.1,0.12237495809594193,0.12707566266361617,-2.0,1.0
600,SNIa-SS/sn2001az.p0020.dat,E,8.77934113308104,0.1,0.572058826025017,0.33307554966290437,0.051816840272555356,1.0
601,SNIa-BL/sn2002bo.p0029.dat,E,8.782845500234565,0.09000000000000001,0.12732472674826564,0.3364406966831316,-1.7449869293433413,1.0
602,SNIa-CN/sn1998bu.p0056.dat,E,8.789298882666195,0.1,0.10297406846640525,0.318228660340344,-2.0,1.0
603,SLSN-I/snSSS120810.p0041.dat,E,8.79001757803131,0.1,0.654381139229304,0.0,-0.28568137269674504,1.0
604,SNIa-CN/sn1994D.p0059.dat,E,8.803060790391488,0.1,0.3399172905530767,0.393821252949825,-0.6419448589988664,1.0
605,SNIc-bl/sn1997ef.m0006.dat,E,8.816844504347923,0.13,1.1276863992950321,0.0,0.0874470479942131,1.0
606,SNIa-SS/sn2005eq.p0054.dat,E,8.823767831808485,0.1,0.2998615891946569,0.26040735599453424,-1.0078852839300585,1.0
607,SNIa-CL/sn2007fb.p0014.dat,E,8.825249658233385,0.1,2.2773132105166085,0.23343436908971546,1.0178289929728679,1.0
608,SNIa-BL/sn1999gh.p0066.dat,E,8.836362862988828,0.09000000000000001,0.5620253868951139,0.42033344412617507,-0.11710506205854604,1.0
609,SNIa-BL/sn2007bm.p0034.dat,E,8.843917153280556,0.09000000000000001,0.10441226495318977,0.329558177125499,-2.0,1.0
610,SNIa-CL/sn2002es.p0011.dat,E,8.84582420831953,0.09000000000000001,0.41279340669844566,0.0,-1.0130299356987973,1.0
611,SNIa-CL/sn2002es.p0027.dat,E,8.84736999403201,0.09000000000000001,0.27383791361395116,0.0,-1.4990048107986673,1.0
612,SNIa-BL/sn2007co.p0011.dat,E,8.848488202374643,0.11000000000000001,1.5698701643196453,0.19753498515584117,0.6672948931465894,1.0
613,SNIa-BL/sn1995al.p0016.dat,E,8.865100079912512,0.11000000000000001,0.557809933101026,0.3589524947637388,-0.17217046336609165,1.0
614,SNIa-CN/sn2001fe.p0052.dat,E,8.875353735082438,0.1,0.2893402593269308,0.3366512378075869,-0.8995650795054534,1.0
615,SNIa-CL/sn2007ax.p0010.dat,E,8.876489938430927,0.09000000000000001,0.18600113768728913,0.0,-1.8581933936955621,1.0
616,SNIa-CN/sn1998V.p0013.dat,E,8.888750953409165,0.1,1.5888047121249682,0.25344352723093055,0.7290855053518853,1.0
617,SNIc-bl/sn1997ef.m0005.dat,E,8.890075276911107,0.13,1.002182669609997,0.0,-0.03549023904394716,1.0
618,SNIa-BL/sn2004dt.p0049.dat,E,8.89339279751165,0.09000000000000001,0.11201284299405874,0.5397563176718043,-1.6243414945398935,1.0
619,SNIa-BL/sn2005am.p0010.dat,E,8.899433377130107,0.11000000000000001,1.1053927486176391,0.03867717579170085,0.09111713326156172,1.0
620,SNIa-CN/sn2000fa.p0038.dat,E,8.900900103389258,0.1,0.05273835463014875,0.6445368578219732,-2.0,1.0
621,SNIa-BL/sn2001E.p0039.dat,E,8.907034181371664,0.09000000000000001,0.12175618103888793,0.33384231126716285,-1.873017118469499,1.0
622,SNIa-CL/sn2007ax.p0017.dat,E,8.907849376441096,0.09000000000000001,0.3221619384672039,0.0,-1.3037218699586972,1.0
623,SNIa-CN/sn2007F.p0018.dat,E,8.90794456773172,0.1,1.1167102964951225,0.36805787941938845,0.5027033956470981,1.0
624,SNIa-BL/sn1997bp.p0054.dat,E,8.917313657712592,0.1,0.12796087848672494,0.41758720047943443,-1.579583072412774,1.0
625,SNIa-CN/sn2006le.p0037.dat,E,8.937074128002264,0.09000000000000001,0.09245197088564944,0.4143189950934655,-1.9337491619092546,1.0
626,SNIa-SS/sn1998es.p0018.dat,E,8.95619053555156,0.1,0.7813083512213207,0.34310013884592905,0.09087322721731841,1.0
627,SNIa-CN/sn1994D.p0013.dat,E,8.965551791514581,0.11000000000000001,2.372887351307877,0.17082386681367173,1.0609495472338482,1.0
628,SNIa-CN/sn1998bu.p0029.dat,E,8.966632346082637,0.09000000000000001,0.13292196913541052,0.2058078545150595,-2.0,1.0
629,SNIa-BL/sn1997bp.p0032.dat,E,8.969487634528836,0.1,0.0990790168578503,0.35008012689151125,-2.0,1.0
630,SNIa-SS/sn2007if.p0057.dat,E,8.971553497906168,0.1,0.5574214459058321,0.24536960113343245,-0.4651689437861933,0.9689709677419355
631,SNIa-CL/sn2005ke.p0011.dat,E,8.977143214143537,0.09000000000000001,0.21211116278605843,0.10621059975769628,-1.4982786932301488,1.0
632,SNIa-BL/sn2002dp.p0010.dat,E,8.97779368507469,0.1,2.587275750824391,0.1475717584286583,1.0746764748273476,1.0
633,SNIa-CN/sn1998dx.p0013.dat,E,8.978295926325982,0.11000000000000001,2.2249456084200117,0.21060066588501292,0.9260430375610867,1.0
634,SNIa-CN/sn1998eg.p0017.dat,E,8.985589730834148,0.11000000000000001,0.7109844146848973,0.2688516296344853,-0.12494316681338054,0.9500835483870966
635,SNIa-BL/sn1999gh.p0007.dat,E,8.986185233979764,0.1,1.791556445192808,0.206124566137395,0.7151356951253118,1.0
636,SNIa-CN/sn1998dm.p0017.dat,E,8.986617698487365,0.1,0.5220863811497765,0.2613826644895456,-0.39056333137945515,1.0
637,SNIa-CL/sn2007ax.p0021.dat,E,8.991224091409219,0.09000000000000001,0.3116905192138135,0.017971854848669838,-1.3443444785333825,1.0
638,SNIa-CL/sn1997cn.p0015.dat,E,8.997676454032906,0.09000000000000001,0.14661134719063332,0.20616717759070494,-1.9482028171687151,1.0
639,SNIc/sn1994I.m0003.dat,E,9.004763174764433,0.11000000000000001,1.03704723683516,0.0,0.2150299618595067,1.0
640,SNIa-CN/sn2007F.p0044.dat,E,9.008011099379834,0.1,0.18882310357232396,0.41235228368555377,-1.2992189674494066,1.0
641,SNIa-BL/sn1998ec.p0012.dat,E,9.014119886851896,0.11000000000000001,0.8027078693655499,0.2572638360589633,0.019115212712873517,1.0
642,SNIc/sn2005mf.p0004.dat,E,9.025984046116902,0.1,0.49626802371017614,0.0,-0.7075453577059055,1.0
643,SNIa-SS/sn1999gp.p0055.dat,E,9.027267072656624,0.09000000000000001,0.5105084268175757,0.0,-0.7493787967313982,1.0
644,SNIa-CN/sn2001G.p0055.dat,E,9.0303229924546,0.1,0.6402548381819604,0.0,-0.46778896340618603,1.0
645,SNIa-CL/sn1998de.p0003.dat,E,9.031064963307646,0.1,0.5498902957711785,0.11721395846630511,-0.48464115709100675,1.0
646,SNIc/sn2005mf.p0007.dat,E,9.037701273886608,0.1,0.4213107189229548,0.0,-0.9048599808067073,1.0
647,SLSN-I/snSSS120810.p0059.dat,E,9.057293726562735,0.1,0.5967740917646963,0.0,-0.48582798968067026,1.0
648,SNIa-BL/sn2007le.p0011.dat,E,9.080875662525886,0.11000000000000001,0.8541473465232495,0.29462093809658024,0.14178313103463097,1.0
649,SNIa-CN/sn1999ac.p0062.dat,E,9.082324120625163,0.09000000000000001,0.2718639900493048,0.4478628641764003,-0.8291573501553796,1.0
650,SNIa-CN/sn2000fa.p0014.dat,E,9.103249067125425,0.11000000000000001,1.3749267070268865,0.4132163603596733,0.8168269614876043,1.0
651,SNIa-BL/sn2004dt.p0051.dat,E,9.118981594014878,0.09000000000000001,0.139876481091825,0.5022504983542454,-1.4513085315132819,1.0
652,SNIa-CN/sn1998bu.p0014.dat,E,9.128098752353509,0.1,1.4283558862663606,0.26812361917794514,0.5991169154700281,1.0
653,SNIa-CN/sn2004L.p0026.dat,E,9.13672852377337,0.09000000000000001,0.5952678276153267,0.0,-0.639730574692184,1.0
654,SNIa-CN/sn2006lf.p0050.dat,E,9.142750305115523,0.1,0.21294489319226362,0.15552909894632108,-1.4982720518516328,1.0
655,SNIa-SS/sn2008Z.p0021.dat,E,9.147176380082632,0.1,0.6028322456939229,0.2714862712194372,-0.23805759756010178,1.0
656,SNIa-CN/sn2008C.p0010.dat,E,9.163105197430694,0.1,1.3977851661453162,0.08582746320204643,0.5868411552349605,1.0
657,SNIa-BL/sn2007af.p0010.dat,E,9.165980954504764,0.1,2.3007620903253176,0.18078513405523178,1.0215736913852602,1.0
658,SNIa-CN/sn2005el.p0059.dat,E,9.17489984406434,0.1,0.3046320549001349,0.3922548779173004,-0.802837894766219,1.0
659,SNIa-CN/sn1995D.p0064.dat,E,9.18603987162756,0.1,0.4123439876617102,0.4095760156114429,-0.471394134749574,1.0
660,SNIc-bl/sn1998bw.p0045.dat,E,9.240662146406857,0.11000000000000001,0.5040078725257043,0.0,-0.5632228991412819,1.0
661,SNIa-CN/sn1998aq.p0062.dat,E,9.246143578581272,0.1,0.32826165859631595,0.4408546551479574,-0.6371991188797683,1.0
662,SNIa-SS/sn2005hk.p0023.dat,E,9.24881674252444,0.08,0.12075092935751733,0.25863864190999886,-2.0,1.0
663,SNIa-CN/sn2006le.p0015.dat,E,9.250586536447928,0.11000000000000001,0.7789313431101087,0.282177225199322,0.035978579434879074,1.0
664,SNIc-bl/sn2002ap.p0006.dat,E,9.252407085516692,0.1,0.26849135240614513,0.0,-1.1636937331593642,1.0
665,SNIa-SS/sn2005M.p0063.dat,E,9.263700790504682,0.09000000000000001,0.06275929282237007,0.6017533120125445,-2.0,1.0
666,SNIa-BL/sn2001ep.p0067.dat,E,9.266662033975024,0.09000000000000001,0.34853380894644204,0.41446851653386474,-0.6977416962661909,1.0
667,SNIa-CN/sn2003du.p0016.dat,E,9.26753779679286,0.1,1.97290170599773,0.35044003413743025,1.0488685170070344,1.0
668,SNIa-CN/sn2008C.p0029.dat,E,9.273879851740187,0.09000000000000001,0.3734151667871174,0.0,-1.1244557083305582,1.0
669,SNIa-CL/sn2007fb.p0060.dat,E,9.276384462741222,0.1,0.5201580181519664,0.0,-0.7109354145138527,1.0
670,SNIa-BL/sn2002cd.p0018.dat,E,9.283236033225474,0.11000000000000001,0.08038904379337707,0.3585934345433961,-2.0,1.0
671,SNIc-bl/sn1998bw.p0051.dat,E,9.28504870369851,0.11000000000000001,1.1255779473870553,0.0,0.12770630180830272,1.0
672,SNIa-BL/sn1995al.p0015.dat,E,9.288317973818028,0.11000000000000001,0.695771833743557,0.36539306248190234,0.034482806375053666,1.0
673,SNIa-CN/sn2007fs.p0061.dat,E,9.295815604879925,0.1,0.2889987768788154,0.4392069498411767,-0.7660687355076924,1.0
674,SNIc-bl/sn2002ap.p0004.dat,E,9.328307756054528,0.11000000000000001,0.5855304673976455,0.0,-0.5816965988961995,1.0
675,SNIa-CN/sn1998eg.p0019.dat,E,9.347127096659662,0.11000000000000001,0.5640122109106025,0.16561307266125497,-0.49926801366158546,0.9515125513196478
676,SNIa-BL/sn2007af.p0067.dat,E,9.350921096014218,0.1,0.21537497094648547,0.4717245728818235,-0.9714248106577601,1.0
677,SNIc-bl/sn2002ap.p0005.dat,E,9.360599247082881,0.11000000000000001,0.6448107121195238,0.0,-0.48532448594761723,1.0
678,SNIa-CN/sn2006le.p0014.dat,E,9.377083957243855,0.11000000000000001,0.8383716735113512,0.29430779836623916,0.13018147215597906,1.0
679,SNIa-CN/sn1996bl.p0013.dat,E,9.386861691754493,0.11000000000000001,0.6771369957572295,0.13526239920916983,-0.2887647072519144,1.0
680,SNIa-CN/sn2006lf.p0010.dat,E,9.387950107366079,0.1,0.33763095264124676,0.15161514858341169,-0.9293444763639193,1.0
681,SNIc-bl/sn2002ap.p0007.dat,E,9.407839689546485,0.1,0.4246109363621493,0.0,-0.9216655467905689,1.0
682,SNIa-BL/sn2004fu.p0027.dat,E,9.421065679684423,0.1,0.10763235315877395,0.28165550711251763,-2.0,1.0
683,SNIa-CN/sn2008bf.p0016.dat,E,9.42954810420345,0.11000000000000001,2.0907422792003993,0.2928473946241255,1.0236632452743004,1.0
684,SNIa-SS/sn2005hk.p0020.dat,E,9.434696352316582,0.08,0.12792551692132373,0.24426331800128842,-1.9025459554922273,1.0
685,SNIa-CN/sn2000fa.p0032.dat,E,9.435249574754087,0.1,0.06476010801857786,0.5676692837018857,-2.0,1.0
686,SNIa-BL/sn2006ac.p0009.dat,E,9.44164393121833,0.11000000000000001,1.9581902972300407,0.2629412602695988,0.9275155978774234,1.0
687,SNIa-BL/sn2001en.p0010.dat,E,9.459392122625633,0.11000000000000001,1.7512170803491598,0.20479421521913027,0.7699179270419303,1.0
688,SNIa-BL/sn2004dt.p0053.dat,E,9.466082439593892,0.1,0.1646088930550645,0.38799991478172363,-1.3780330062240684,1.0
689,SNIIb/sn1993J.p0005.dat,E,9.469988153506456,0.09000000000000001,0.3934049847858115,0.0,-0.8429959227535113,1.0
690,SLSN-I/snSSS120810.p0034.dat,E,9.47297399693873,0.11000000000000001,0.8185481971658383,0.0,-0.15974875253423038,1.0
691,SNIa-CN/sn2002do.p0023.dat,E,9.476630755293145,0.09000000000000001,0.4657417125731722,0.0,-0.8531009265625089,1.0
692,SNIa-CSM/sn2005gj.p0049.dat,E,9.480964862946426,0.09000000000000001,0.6933117740629587,0.0,-0.35321024295184406,1.0
693,SNIa-BL/sn1996bo.p0007.dat,E,9.520595369339349,0.11000000000000001,0.5716580245461608,0.31725127678524606,-0.2660227016069068,1.0
694,SNIa-CN/sn2004L.p0023.dat,E,9.565037679274024,0.09000000000000001,0.43813321646710446,0.0,-0.9607370264414129,1.0
695,SNIa-SS/sn2005eu.p0023.dat,E,9.579666310587074,0.1,0.9764395140486728,0.0,-0.07537136379068723,1.0
696,SNIa-CN/sn2006N.p0012.dat,E,9.583561977876771,0.11000000000000001,3.0,0.4985604477566207,1.5703782322268978,1.0
697,SNIa-BL/sn2001gc.p0007.dat,E,9.586697378580727,0.12000000000000001,0.6325040620551688,0.23023323942651772,-0.28243248452097863,1.0
698,SNIa-BL/sn1997bp.p0060.dat,E,9.591051423496607,0.1,0.15397821840514864,0.43278018480964053,-1.377512209049956,1.0
699,SNIa-CN/sn1998V.p0012.dat,E,9.593393435058633,0.1,2.0438975202780205,0.23951213181430364,0.949485810675008,1.0
700,SNIc/sn2005mf.m0002.dat,E,9.601048232629172,0.11000000000000001,0.7657805922367069,0.0,-0.25906111490944456,1.0
701,SNIa-CSM/sn2011km.p0064.dat,E,9.602060710257764,0.1,0.36757355836106453,0.22924165159464366,-0.7393277965013557,1.0
702,SNIa-CN/sn1999ac.p0010.dat,E,9.609781047930117,0.1,1.1977498602776464,0.1596809165660752,0.29712669920399426,1.0
703,SNIa-CN/sn2006lf.p0038.dat,E,9.62290500386924,0.1,0.1368639059822257,0.15715401858427971,-2.0,1.0
704,SNIa-BL/sn2001bg.p0010.dat,E,9.63056351923742,0.11000000000000001,1.6720826546204122,0.24574707302521992,0.790125186413597,1.0
705,SNIIb/sn1993J.p0003.dat,E,9.632365191376795,0.09000000000000001,0.5370585198712314,0.0,-0.5893605537356323,1.0
706,SNIc-bl/sn2003jd.p0061.dat,E,9.647479338933886,0.11000000000000001,0.9735530022762108,0.0,-0.13021207351185,1.0
707,SNIa-CL/sn2002es.p0009.dat,E,9.648018512370014,0.09000000000000001,0.5404450798656505,0.0,-0.7357312777893519,1.0
708,SNIa-BL/sn2007af.p0070.dat,E,9.648298619514868,0.1,0.25892165103315884,0.5041037860961465,-0.7479776248319745,1.0
709,SNIc-bl/sn2002ap.p0003.dat,E,9.649996901149795,0.11000000000000001,0.44463357039263607,0.0,-0.45888454923108085,1.0
710,SNIb-pec/sn2007uy.m0003.dat,E,9.650728566909125,0.13,0.586002182876011,0.0,-0.5605246834025888,1.0
711,SNIa-CN/sn1998bu.p0012.dat,E,9.664259413978582,0.1,1.381189477867861,0.26538766722907176,0.5754136062951657,1.0
712,SNIa-CN/sn2003kf.p0017.dat,E,9.665316469161482,0.1,0.4765397259703819,0.4148642449735105,-0.3016980433100688,1.0
713,SNIa-CL/sn2006H.p0004.dat,E,9.687762020190345,0.1,0.29176603520498384,0.0,-1.3307100065268669,1.0
714,SNIa-SS/sn2001V.p0014.dat,E,9.695123644761768,0.11000000000000001,2.622413978569303,0.25618650507100715,1.2566783179523233,1.0
715,SNIa-CL/sn2007fb.p0063.dat,E,9.710240553345661,0.1,0.5585638634290289,0.0,-0.6483114341818086,1.0
716,SNIa-CSM/sn2011km.p0025.dat,E,9.710664033364768,0.1,0.5159048924410715,0.229778643444482,-0.3870670914280366,1.0
717,SNIc/sn2007gr.p0008.dat,E,9.711598108448086,0.09000000000000001,0.6854950975339867,0.0,-0.4190616446717143,1.0
718,SNIa-BL/sn2006X.p0011.dat,E,9.716843515818606,0.11000000000000001,0.09958529334376424,0.2878803857261532,-2.0,1.0
719,SNIa-CL/sn2006em.p0004.dat,E,9.724914716900928,0.1,0.3011726731841391,0.032776413698777165,-1.218831252434891,1.0
720,SNIa-BL/sn2002cd.p0015.dat,E,9.725282032654999,0.11000000000000001,0.07599462834144263,0.4459669388697124,-2.0,1.0
721,SNIc/sn2004aw.p0017.dat,E,9.745327749635969,0.1,0.18591382772518716,0.0,-2.0,1.0
722,SNIa-CN/sn2006lf.p0046.dat,E,9.748477458999348,0.1,0.11764368845058794,0.24878249809324204,-2.0,1.0
723,SNIa-BL/sn2007le.p0050.dat,E,9.764464158406991,0.1,0.06361070441485481,0.6025499816115985,-2.0,1.0
724,SNIa-CN/sn2001ck.p0014.dat,E,9.76636102631658,0.1,1.8551263832537965,0.22663731176545535,0.8215910375121561,1.0
725,SNIa-SS/sn1998es.p0017.dat,E,9.777073617744716,0.1,0.9199875566605971,0.3512461294514722,0.2873299262049673,1.0
726,SNIa-CN/sn2006lf.p0009.dat,E,9.824689673050013,0.1,0.4426834030733428,0.10245481394410266,-0.7176118227215124,1.0
727,SNIb/sn2007kj.p0004.dat,E,9.828830640231084,0.09000000000000001,0.9012148467292779,0.0,-0.14251468295270925,1.0
728,SNIc/sn2004aw.p0018.dat,E,9.829190168072923,0.1,0.185215239304011,0.0,-2.0,1.0
729,SNIa-CN/sn2001fe.p0054.dat,E,9.831913570475365,0.1,0.7828565650633972,0.0,-0.27820888992251996,1.0
730,SNIc-bl/sn2002ap.p0012.dat,E,9.83214823038795,0.1,0.2921392148386683,0.0,-1.3023205595842517,1.0
731,SNIa-CN/sn2004L.p0024.dat,E,9.837085030697803,0.09000000000000001,0.4624904151273667,0.0,-0.9026405217155928,1.0
732,SNIa-BL/sn2007nq.p0009.dat,E,9.847117470805669,0.11000000000000001,3.0,0.29335500121275454,1.2695913597069834,1.0
733,SNIa-BL/sn2002bo.p0057.dat,E,9.849992881921784,0.1,0.11360174617971452,0.42892027092535817,-1.8185834423671383,1.0
734,SNIc/sn2007gr.p0009.dat,E,9.854398474595111,0.09000000000000001,0.5956503313358773,0.0,-0.5703343301458039,1.0
735,SNIa-CN/sn2002ck.p0012.dat,E,9.85954484220117,0.1,1.996458580004658,0.2719062030189311,0.931712424440751,1.0
736,SNIc/sn2004aw.p0003.dat,E,9.87063783203087,0.11000000000000001,0.35179650479562136,0.0,-1.1452185786591462,1.0
737,SNIc/sn2004fe.p0003.dat,E,9.879775833612278,0.1,2.0524571567132406,0.31882104553290025,0.9606944673270943,1.0
738,SNIa-BL/sn2001ay.p0009.dat,E,9.884667644314458,0.11000000000000001,3.0,0.08981988781209135,1.0815137838395839,1.0
739,SNIc/sn2007gr.m0001.dat,E,9.896991150608558,0.1,1.3483187890931794,0.0,0.30548513867714244,1.0
740,SNIa-CL/sn2007fb.p0013.dat,E,9.900888453945,0.11000000000000001,1.8172042365559924,0.19765457382830778,0.7584815585438283,1.0
741,SNIa-CN/sn2004L.p0031.dat,E,9.905654793916955,0.09000000000000001,0.49041161417386875,0.0,-0.8473676409584179,1.0
742,SNIa-CN/sn1998aq.p0065.dat,E,9.919871341081254,0.1,0.3141927913959922,0.45790381084065507,-0.6581687788732551,1.0
743,SNIa-BL/sn1995al.p0013.dat,E,9.936513364814022,0.11000000000000001,0.9378289344245105,0.35418847263146797,0.34376976838595263,1.0
744,SNIa-BL/sn2001bf.p0013.dat,E,9.955691604348804,0.1,1.9860455420139715,0.13374644368514083,0.7613528145064512,1.0
745,SNIa-CN/sn1999ek.p0009.dat,E,9.95794347741751,0.1,0.43691425557996794,0.0891699110077301,-0.7713861144752675,1.0
746,SNIa-CL/sn2005ke.p0003.dat,E,9.97637182029476,0.1,0.7339959004996911,0.0,-0.2849138250089423,1.0
747,SNIa-CL/sn2007fb.p0066.dat,E,9.992118531906149,0.1,0.5488239713294142,0.0,-0.6367295844011421,1.0
748,SNIa-CL/sn2002es.p0005.dat,E,10.002060188580511,0.09000000000000001,0.8985189314432888,0.0,-0.2143806165339145,1.0
749,SNIc/sn1994I.m0004.dat,E,10.008314582561743,0.11000000000000001,1.1830468071463303,0.0,0.11991193906883679,1.0
750,SNIa-SS/sn2003fa.p0018.dat,E,10.016497157988967,0.1,1.5263629833374446,0.30484135304413534,0.8026927613543399,1.0
751,SNIa-CL/sn1999by.p0003.dat,E,10.02014738783511,0.1,0.7437121772546429,0.0,0.0560161371455592,1.0
752,SNIa-BL/sn2003ch.p0014.dat,E,10.035945167022861,0.1,1.9929768369419272,0.3283768033044227,1.037948380665712,1.0
753,SNIc-bl/sn1998bw.p0063.dat,E,10.03860034350293,0.12000000000000001,0.726309254224749,0.0,-0.3375454302134552,1.0
754,SNIa-CL/sn2007al.p0008.dat,E,10.04882233424771,0.1,0.24877203176884316,0.0,-1.475739796590331,1.0
755,SNIc/sn2005mf.m0003.dat,E,10.055149118571904,0.11000000000000001,0.884082488004486,0.0,-0.12341631081978256,1.0
756,SNIa-BL/sn2004as.p0009.dat,E,10.061715905221625,0.11000000000000001,2.1000360664857163,0.1832647418865334,0.8902954163021506,1.0
757,SNIa-BL/sn1996Z.p0008.dat,E,10.061786820706201,0.11000000000000001,0.25302855991062995,0.30473053287449303,-0.9505820605442257,1.0
758,SNIIb/sn1993J.p0002.dat,E,10.064211301487209,0.09000000000000001,0.553228549123044,0.0,-0.5774403634024885,1.0
759,SNIa-CN/sn2001fh.p0009.dat,E,10.081515675958023,0.1,0.33779607209484425,0.0,-1.2069204479397848,1.0
760,SNIa-BL/sn2007le.p0010.dat,E,10.107051584432305,0.11000000000000001,1.0225316659234043,0.2637138121022905,0.29542911862726684,1.0
761,SNIa-BL/sn1999gh.p0071.dat,E,10.113700127611581,0.09000000000000001,0.6381848231577965,0.4585434335566498,0.06471043983090102,1.0
762,SNIa-CN/sn1994ae.p0063.dat,E,10.127624138169468,0.1,0.3088651032157229,0.4526467711073091,-0.7000588902793269,1.0
763,SNIc/sn2004aw.p0023.dat,E,10.130555280384673,0.1,0.19234849276054253,0.0,-2.0,1.0
764,SNIa-SS/sn2002hu.p0073.dat,E,10.1306891162097,0.1,0.3021817249582578,0.4891546972712836,-0.4154689258118483,1.0
765,SNIc-bl/sn1998bw.p0013.dat,E,10.133991822013686,0.11000000000000001,0.412960094396547,0.0,-0.6877708325653451,1.0
766,SNIa-BL/sn2001ep.p0008.dat,E,10.1438277405143,0.1,1.191041032504448,0.129701042906678,0.657794146428923,1.0
767,SNIc/sn2005az.m0004.dat,E,10.167278956641672,0.1,0.5505073132718686,0.0,-0.6366158477956882,1.0
768,SNIa-SS/sn2001V.p0073.dat,E,10.185805297933955,0.1,0.4322990180581478,0.4515672477196241,-0.3344602445058354,1.0
769,SNIc-bl/sn1998bw.p0009.dat,E,10.198026388532277,0.12000000000000001,0.6960153342235714,0.0,-0.19101134154064128,1.0
770,SNIa-SS/sn1999dq.p0033.dat,E,10.202271193738891,0.09000000000000001,0.41807279931499863,0.0,-1.0197737949769459,1.0
771,SNIc/sn2007gr.p0005.dat,E,10.206254511948627,0.1,0.8059482558208334,0.0,-0.22852054110177727,1.0
772,SNIa-BL/sn1999ej.p0008.dat,E,10.216562241789834,0.1,2.815819352840138,0.12259309718067375,1.0756145906003316,1.0
773,SNIa-CN/sn1998bu.p0011.dat,E,10.217830129621635,0.11000000000000001,1.0506536840806082,0.2221065178621505,0.2316467221431512,1.0
774,SNIc-bl/sn1997ef.p0013.dat,E,10.228357943164863,0.1,0.8785217499841429,0.0,-0.23099400635157485,1.0
775,SNIc/sn2005az.m0002.dat,E,10.229139219435723,0.1,0.6223598743881875,0.0,-0.49817983647692476,1.0
776,SNIIb/sn2000H.p0003.dat,E,10.234987282332261,0.1,0.7633369987086417,0.0,-0.35609707909480615,1.0
777,SNIc/sn2007gr.p0007.dat,E,10.235892876677557,0.09000000000000001,0.7424996696898483,0.0,-0.34820861099081274,1.0
778,SNIa-BL/sn2002cd.p0024.dat,E,10.245532758231846,0.1,0.12311716746698712,0.21558497138353966,-2.0,1.0
779,SNIa-CN/sn2006le.p0013.dat,E,10.250566235982276,0.11000000000000001,0.8994480685895876,0.2425384292669951,0.1306596382101685,1.0
780,SNIa-BL/sn2006X.p0013.dat,E,10.262595270110209,0.11000000000000001,0.10492407309066742,0.2934836515475145,-2.0,1.0
781,SNIc/sn2004aw.p0002.dat,E,10.264455887640082,0.11000000000000001,0.4556157929285855,0.0,-0.8157361985431977,1.0
782,SNIa-SS/sn2001V.p0013.dat,E,10.26580023259601,0.11000000000000001,2.8718188893618435,0.23848771272869487,1.3063211484250945,1.0
783,SNIa-BL/sn1997do.p0008.dat,E,10.266402153222145,0.11000000000000001,2.2559610920435413,0.1685717126013265,0.9878835845122669,1.0
784,SNIIb/sn2000H.p0002.dat,E,10.270305549408523,0.1,1.0869711321717688,0.02308333406785811,0.011340551741893768,1.0
785,SNIc/sn2005az.max.dat,E,10.270862905979758,0.1,0.420758348244818,0.0,-0.934306414746478,1.0
786,SNIa-BL/sn2006cp.p0009.dat,E,10.271820611409424,0.11000000000000001,1.6750505839806462,0.30361337167903524,0.8066195853874504,1.0
787,SNIc-bl/sn1998bw.p0022.dat,E,10.277486135946187,0.11000000000000001,0.3049072882791079,0.0,-1.1318791147463227,1.0
788,SNIb-pec/sn2007uy.m0005.dat,E,10.280537696200941,0.13,0.756841160798368,0.0,-0.20548352225017177,1.0
789,SNIa-CN/sn2001G.p0062.dat,E,10.282590086127309,0.1,0.7956687744506831,0.0,-0.24684190584009436,1.0
790,SNIa-CN/sn2004L.p0028.dat,E,10.284319276191614,0.09000000000000001,0.5192441942584499,0.0,-0.7821770684446859,1.0
791,SNIc-bl/sn2002ap.p0013.dat,E,10.287414925034128,0.1,0.1349668143283697,0.0,-1.9616348033178164,0.9625565736422401
792,SNIa-CN/sn2002fk.p0064.dat,E,10.297762794465005,0.1,0.3306639632248784,0.4639072631155648,-0.6144673267223021,1.0
793,SNIa-CN/sn2004L.p0022.dat,E,10.314965082597887,0.1,0.48653783662592714,0.0,-0.8438712907999014,1.0
794,SNIc/sn2007gr.p0010.dat,E,10.318458954864662,0.09000000000000001,0.4824813796083626,0.0,-0.793944093152754,1.0
795,SNIa-CN/sn2002jy.p0018.dat,E,10.338085392576716,0.1,1.1523403672660113,0.4235485537089731,0.6035849523858106,1.0
796,SNIc/sn2004fe.p0009.dat,E,10.360562489177386,0.09000000000000001,0.6881232301136831,0.0,-0.45507538430022415,1.0
797,SNIc-bl/sn1998bw.p0011.dat,E,10.3719620504618,0.12000000000000001,0.4807538735271409,0.01616184208419732,-0.6925247664419987,1.0
798,SNIa-BL/sn2002bf.p0029.dat,E,10.39963078413884,0.09000000000000001,0.3750282881565752,0.0,-1.1094880320090514,1.0
799,SNIa-CN/sn1995D.p0069.dat,E,10.410262498894058,0.1,0.4569206563150337,0.45391721739000157,-0.3138915938530751,1.0
800,SNIa-BL/sn2004dt.p0058.dat,E,10.430496066236696,0.1,0.22922916793717624,0.516287807953796,-0.942722824169987,1.0
801,SNIc/sn2005az.p0003.dat,E,10.432920891250996,0.1,0.35279131823906534,0.0,-1.140973368911716,1.0
802,SNIc/sn2005az.m0009.dat,E,10.450369156518967,0.11000000000000001,0.7978084839743295,0.0,-0.23358312047942556,1.0
803,SNIa-CL/sn2006hb.p0010.dat,E,10.454548671429439,0.1,2.9836177938498243,0.12194184269287453,1.1592803455943543,1.0
804,SNIa-CN/sn2003cg.p0010.dat,E,10.455813496662808,0.1,0.13385325060404152,0.12992796312998164,-1.9149937041688725,1.0
805,SNIa-CN/sn1998bu.p0036.dat,E,10.458413385842665,0.1,0.2528503680681961,0.24046164726923824,-1.0795874010710258,1.0
806,SNIa-BL/sn2001N.p0030.dat,E,10.488475073822219,0.09000000000000001,0.35929003513314695,0.0,-1.1651416832731756,1.0
807,SNIc-bl/sn1998bw.p0012.dat,E,10.496658559628337,0.12000000000000001,0.6173525411071427,0.0,-0.41508397034865574,1.0
808,SNIc/sn2007gr.m0004.dat,E,10.500073984679611,0.1,1.9374440547903167,0.0,0.70757232193217,1.0
809,SNIa-CL/sn2007al.p0010.dat,E,10.51667181732533,0.09000000000000001,0.1898067217318449,0.0,-1.8349435051489607,1.0
810,SNIc-bl/sn1998bw.p0019.dat,E,10.52577805418451,0.11000000000000001,0.19308373300862855,0.0,-1.4606097866287018,1.0
811,SNIa-CN/sn1998co.p0007.dat,E,10.532889654110758,0.1,2.0014677301165333,0.0,0.6315708684390166,1.0
812,SNIa-CN/sn1998bu.p0034.dat,E,10.540298280311433,0.1,0.12789756643042355,0.2269821134988184,-2.0,1.0
813,SNIa-CL/sn2007hj.p0006.dat,E,10.548977352625519,0.1,1.2513839340672193,0.0970692454305452,0.2551071718039185,1.0
814,SNIa-SS/sn2003fa.p0017.dat,E,10.549284039226125,0.1,1.5255432135024587,0.33373593753968367,0.7052447361740013,1.0
815,SNIIb/sn2000H.p0001.dat,E,10.560777836184414,0.1,1.2311948336425673,0.013846177365822799,0.13548632210848505,1.0
816,SLSN-I/snPTF11rks.p0013.dat,E,10.56362166398262,0.12000000000000001,1.332291445748262,0.0,0.24583977100722176,1.0
817,SNIc/sn2004aw.p0011.dat,E,10.563942264859701,0.09000000000000001,0.1754797555646047,0.0,-1.7927477630659336,1.0
818,SNIa-SS/sn1998es.p0016.dat,E,10.570262834011157,0.1,0.9963772680790042,0.3978798601121946,0.4218848553432507,1.0
819,SNIa-CN/sn1994D.p0011.dat,E,10.579188201997002,0.11000000000000001,3.0,0.2309053879077689,1.291786794286776,1.0
820,SNIa-CSM/sn2011km.p0012.dat,E,10.607827716510794,0.11000000000000001,1.6350481479631829,0.0,0.5854579569030844,1.0
821,SNIa-BL/sn2007le.p0067.dat,E,10.614522045670773,0.1,0.11201964015466408,0.48789985817147935,-1.6197680770640246,1.0
822,SNIc-bl/sn2002ap.p0001.dat,E,10.614834790231148,0.11000000000000001,1.0221417798702879,0.0,0.030486113072516995,1.0
823,SNIa-SS/sn2006gr.p0012.dat,E,10.61781514286167,0.11000000000000001,1.5317625827820105,0.15626217309488183,0.5465709996540311,1.0
824,SNIa-SS/sn2001eh.p0059.dat,E,10.621511570246922,0.09000000000000001,0.27773126467940257,0.48466191287185384,-0.8383681338388772,1.0
825,SLSN-I/snLSQ12dlf.p0033.dat,E,10.622719307842457,0.11000000000000001,2.3731675513460133,0.0,0.7199294460007827,1.0
826,SNIa-BL/sn2001bf.p0058.dat,E,10.634671180684707,0.09000000000000001,0.2942772721729959,0.3011673019216242,-0.9758176898427644,1.0
827,SNIa-SS/sn2003fa.p0019.dat,E,10.635946832755483,0.1,0.8818687068214319,0.27580251528865457,0.09533832731925401,1.0
828,SNIc-bl/sn1997ef.p0014.dat,E,10.661676289307685,0.11000000000000001,0.7714037937177818,0.0,-0.3543748388785155,1.0
829,SNIa-CN/sn2008bf.p0068.dat,E,10.665769477829063,0.1,0.35089549716973767,0.35902281572367967,-0.7388210274616422,1.0
830,SNIa-CN/sn2000fa.p0011.dat,E,10.698361329431474,0.11000000000000001,1.708902485200874,0.34089357248652447,0.8870394183470172,1.0
831,SNIa-BL/sn2002bf.p0007.dat,E,10.704428088252396,0.12000000000000001,1.4715910902595297,0.03229735791549919,0.4383791857041066,1.0
832,SNIa-CN/sn2008bf.p0013.dat,E,10.710441721108253,0.11000000000000001,2.577174272900994,0.24808518950034236,1.13440636827858,1.0
833,SNIa-SS/sn2007S.p0013.dat,E,10.715824716974051,0.1,1.399033148557228,0.0,0.3202067542253738,1.0
834,SNIa-BL/sn2007kk.p0010.dat,E,10.718552063025774,0.11000000000000001,1.4910628771347245,0.2779134364635097,0.615222719375935,1.0
835,SNIc/sn2004fe.p0001.dat,E,10.725542279952162,0.1,1.9666418750020556,0.0,0.59600549764215,1.0
836,SNIa-CN/sn1999gd.p0034.dat,E,10.748011519628502,0.09000000000000001,0.09058399784203107,0.47672546954568384,-2.0,1.0
837,SNIa-CN/sn2002fk.p0068.dat,E,10.748433760852787,0.1,0.44765650325621875,0.490569616450178,-0.287851199820138,1.0
838,SNIa-CN/sn2001G.p0063.dat,E,10.749883888036628,0.1,0.39930899739946835,0.23215880313907983,-0.5822511552819023,1.0
839,SNIc-bl/sn2003jd.p0072.dat,E,10.754812093515902,0.12000000000000001,1.2686314056856227,0.0,0.10290955199665185,1.0
840,SNIa-CN/sn1999gd.p0008.dat,E,10.795874046119817,0.1,1.1663496837682137,0.12839248224685537,0.1846458479367824,1.0
841,SNIIb/sn2000H.p0004.dat,E,10.81316383639784,0.1,0.45373624591101464,0.03417218544625753,-0.6949185845665924,1.0
842,SNIc-bl/sn1998bw.p0006.dat,E,10.815974240624328,0.13,0.7781300012944324,0.0,-0.2098393776200691,1.0
843,SNIa-BL/sn1999gh.p0073.dat,E,10.82343556188914,0.09000000000000001,0.7102346373907167,0.480857445117101,0.19908587966594177,1.0
844,SNIa-BL/sn2001bf.p0059.dat,E,10.857442835600834,0.09000000000000001,0.17464515775184422,0.45105393995041565,-1.2063715330412943,1.0
845,SNIa-BL/sn1996Z.p0023.dat,E,10.87850416349956,0.1,0.11803392637460217,0.3189794547686896,-1.8800426871657496,1.0
846,SNIa-BL/sn2002bo.p0072.dat,E,10.87885216633683,0.1,0.15124153183293565,0.487542885476945,-1.3649967160749397,1.0
847,SNIa-BL/sn2006X.p0014.dat,E,10.883818367593566,0.11000000000000001,0.10449175082499267,0.30632823238074713,-2.0,1.0
848,SNIa-SS/sn2008A.p0019.dat,E,10.884394531816488,0.09000000000000001,0.10373497648258143,0.2951012963328077,-2.0,1.0
849,SNIa-CN/sn1998dm.p0014.dat,E,10.897682252960266,0.1,0.9153127047501681,0.29953841477382454,0.18073648243753906,1.0
850,SNIc/sn2007gr.p0012.dat,E,10.900986422552862,0.09000000000000001,0.4931385846875777,0.0,-0.7182080150057235,1.0
851,SNIa-BL/sn1999gh.p0006.dat,E,10.901789005012567,0.1,1.5206570432484199,0.2519229563652553,0.5866693583119582,1.0
852,SNIa-SS/sn1999dq.p0058.dat,E,10.910384877188617,0.09000000000000001,0.5279497870825997,0.0,-0.7203415304983636,1.0
853,SNIa-SS/sn2001V.p0011.dat,E,10.91994805481526,0.11000000000000001,3.0,0.21346128381798404,1.2938753230423945,1.0
854,SNIa-SS/sn2001V.p0078.dat,E,10.920325003113689,0.1,0.41875420986957423,0.48889836285549515,-0.3104153214489952,1.0
855,SNIc-bl/sn2007D.m0008.dat,E,10.951107504874305,0.11000000000000001,0.13688652639719068,0.0,-1.9760849985969033,1.0
856,SNIc-bl/sn2002ap.m0000.dat,E,10.960735317464437,0.12000000000000001,1.224800020982582,0.0,0.2351266252566449,1.0
857,SNIc/sn2007gr.m0005.dat,E,10.963553662689844,0.11000000000000001,3.0,0.013634480306054754,1.1223540237746636,1.0
858,SNIc/sn2005az.m0008.dat,E,10.974323462398093,0.11000000000000001,0.6269052995436506,0.0,-0.4977982390691465,1.0
859,SNIa-CN/sn1999ac.p0009.dat,E,10.97765408338154,0.1,1.4786756806838954,0.20039114656777254,0.58828695372351,1.0
860,SNIa-SS/sn1998es.p0073.dat,E,10.983091304598767,0.1,0.48872221676226985,0.3304893632746571,-0.3826589183501842,1.0
861,SNIa-CN/sn1995E.p0032.dat,E,10.985702896879662,0.09000000000000001,0.13302129662387543,0.21976427041995145,-2.0,1.0
862,SNIc-bl/sn1997ef.m0009.dat,E,10.986755723138138,0.13,1.7618202928430147,0.0,0.5770231318464494,1.0
863,SNIa-BL/sn2001da.p0008.dat,E,10.992913937902177,0.1,1.4767451069241677,0.18165908957754237,0.5243520696606171,1.0
864,SNIa-SS/sn2008ae.p0015.dat,E,11.00321971265874,0.09000000000000001,0.2771465793949678,0.19920933825689627,-1.2498594597556723,1.0
865,SNIc/sn1994I.m0005.dat,E,11.007506671378751,0.12000000000000001,1.2487414770555503,0.0,0.3400627741592386,1.0
866,SNIa-BL/sn1995al.p0010.dat,E,11.0102694251209,0.11000000000000001,1.1321631776747811,0.31893951936124754,0.4677720099464456,1.0
867,SNIa-BL/sn2006X.p0012.dat,E,11.012100642913609,0.11000000000000001,0.08953662776004935,0.47530237589264746,-1.8824192532301627,1.0
868,SNIa-BL/sn2007co.p0009.dat,E,11.02792901430015,0.11000000000000001,1.6011621734484114,0.17502622452046476,0.608714629641186,1.0
869,SNIa-CN/sn2006le.p0011.dat,E,11.036976525053483,0.11000000000000001,1.2762412976878168,0.19125090932869773,0.4095082423487957,1.0
870,SNIa-CL/sn2002es.p0004.dat,E,11.038942978252912,0.09000000000000001,0.9339755123019375,0.0,-0.18838311589308582,1.0
871,SNIa-CN/sn1999ac.p0086.dat,E,11.047227318457184,0.1,0.6571948600643815,0.5171648833976221,0.16572106722507463,1.0
872,SNIb/sn2009jf.p0028.dat,E,11.048501419474405,0.1,0.21199739980019833,0.0,-1.6648585772859739,1.0
873,SNIa-SS/sn2007if.p0009.dat,E,11.072849553424016,0.1,2.656804925519074,0.0,0.8409632043201103,0.9700129032258064
874,SNIa-BL/sn2004as.p0008.dat,E,11.094145186119839,0.11000000000000001,1.5738839911839297,0.2344455890716071,0.6500305805355346,1.0
875,SNIa-SS/sn1999aa.p0017.dat,E,11.095111588121977,0.1,1.5036199840191196,0.4001201269843349,0.8085972374298358,1.0
876,SNIa-CN/sn1995E.p0009.dat,E,11.112347672820235,0.1,0.18556515626850056,0.2352494721068325,-1.224494344420251,1.0
877,SNIc/sn2007gr.m0006.dat,E,11.12539809089625,0.1,2.237149468433575,0.0,0.8700135893883052,1.0
878,SNIa-CN/sn2003kf.p0016.dat,E,11.12946998822284,0.1,0.6055064548464869,0.36372963814224374,-0.17565041740193976,1.0
879,SNIa-CN/sn2008ar.p0061.dat,E,11.139151189930375,0.1,0.6551118591860661,0.14447344992878414,-0.37738255556436096,1.0
880,SNIc/sn2004fe.m0000.dat,E,11.145375245061341,0.1,2.4774720013405553,0.0,0.7828627201315481,1.0
881,SNIa-CN/sn1998bu.p0032.dat,E,11.1554159737404,0.09000000000000001,0.13125319416026723,0.24899708462767756,-2.0,1.0
882,SNIa-CN/sn2001cp.p0017.dat,E,11.165818710810905,0.1,0.8388923720891942,0.41423912755747416,0.2465607772815676,1.0
883,SNIa-CN/sn1995D.p0015.dat,E,11.170927399979714,0.11000000000000001,1.9176766074622276,0.3520390375933806,0.9618460877128098,1.0
884,SNIIb/sn2004ff.m0004.dat,E,11.181078399865058,0.1,1.11386626347865,0.0,0.0882519093903395,1.0
885,SNIa-SS/sn2001V.p0079.dat,E,11.18698711749512,0.1,0.32833438557340805,0.4778621523223248,-0.3364318660574405,1.0
886,SNIc-bl/sn2003jd.p0046.dat,E,11.20243847386176,0.11000000000000001,1.178639218240117,0.0,0.0461574337826806,1.0
887,SNIc-bl/sn1997ef.p0016.dat,E,11.21001340239853,0.1,0.6781434175203938,0.0,-0.4928586212584032,1.0
888,SNIb-pec/sn2007uy.m0006.dat,E,11.248588244101597,0.13,0.8472783139031486,0.0,-0.19964001050059654,1.0
889,SNIa-BL/sn2002bf.p0011.dat,E,11.249531569189672,0.11000000000000001,0.6792592048101955,0.0,-0.46127773881493395,1.0
890,SNIa-BL/sn2001gc.p0005.dat,E,11.256255663386485,0.12000000000000001,0.7200692413253315,0.265797894181814,-0.1215551602838206,1.0
891,SNIa-CN/sn2001fe.p0062.dat,E,11.271204967422525,0.1,0.9782982063363633,0.03837979648005248,-0.023832745909224053,1.0
892,SNIa-CN/sn2002fk.p0072.dat,E,11.274714363383087,0.1,0.493104464879954,0.4738511450687234,-0.22259541662261959,1.0
893,SNIc-bl/sn2003jd.p0055.dat,E,11.274955868131151,0.11000000000000001,1.1733144290063873,0.0,0.03834843054709973,1.0
894,SNIa-CN/sn2005mc.p0006.dat,E,11.276041103954753,0.1,0.8465419045208155,0.22559184338275903,-0.019619048700729103,1.0
895,SNIb/sn2009jf.p0023.dat,E,11.281554798261304,0.1,0.21297346362729683,0.0,-1.6658904944064261,1.0
896,SNIa-CL/sn1997cn.p0021.dat,E,11.315279082401403,0.09000000000000001,0.2709849774812632,0.26945043523613826,-1.2032845329926058,1.0
897,SNIc/sn2007gr.m0007.dat,E,11.316748612920538,0.11000000000000001,2.381024090720149,0.0,0.8861768921281697,1.0
898,SNIa-SS/sn2007S.p0012.dat,E,11.319262071154856,0.11000000000000001,1.0049587681657204,0.1656714095694117,0.1497938827539274,1.0
899,SNIa-CL/sn2007fb.p0011.dat,E,11.319508178150592,0.11000000000000001,2.722351262232121,0.057140394177960255,1.020571160631033,1.0
900,SNIa-BL/sn1995al.p0068.dat,E,11.323774624297288,0.1,0.1972556917004423,0.49213640193773933,-1.0368558425837886,1.0
901,SNIa-CN/sn2001G.p0065.dat,E,11.340537651232431,0.1,0.7183610000974463,0.0,-0.3678664005872096,1.0
902,SNIa-BL/sn2007le.p0008.dat,E,11.348771661173389,0.11000000000000001,0.9646851631329444,0.26368403110913546,0.1898142633911258,1.0
903,SNIa-CN/sn2003cg.p0009.dat,E,11.3546260559559,0.1,0.12738291776312402,0.12818903065562512,-2.0,1.0
904,SNIc-bl/sn2002ap.p0026.dat,E,11.372990371383818,0.11000000000000001,0.24682189152537853,0.020994280182724593,-1.5002557810136659,1.0
905,SNIc-bl/sn2003jd.p0054.dat,E,11.395724844643846,0.11000000000000001,1.0108506366530372,0.0,-0.1037828248433152,1.0
906,SNIc-bl/sn2002ap.m0001.dat,E,11.420369288037765,0.12000000000000001,1.1493537920667891,0.0,0.14007838758857794,1.0
907,SNIa-BL/sn1994T.p0005.dat,E,11.438528588354796,0.11000000000000001,0.6403940602111468,0.3457352666801445,-0.12070938307417911,1.0
908,SNIa-CN/sn2003it.p0010.dat,E,11.45487287725608,0.11000000000000001,2.9218442972619596,0.29004162642036924,1.2458347178561349,1.0
909,SNIa-CL/sn2007bc.p0007.dat,E,11.456765265597372,0.1,3.0,0.16661807859239325,1.1888026143175776,1.0
910,SNIc/sn2004aw.p0021.dat,E,11.485682140789711,0.1,0.16996703859942433,0.0,-2.0,1.0
911,SNIa-CL/sn2007al.p0005.dat,E,11.488090248314297,0.1,0.4766413627651491,0.0,-0.8282229001066799,1.0
912,SNIa-CN/sn2002jy.p0016.dat,E,11.496723610234218,0.1,1.3309600972728939,0.42131937252964563,0.7241182745512614,1.0
913,SNIc-bl/sn2002ap.p0027.dat,E,11.501350311689297,0.11000000000000001,0.20699522280869623,0.0,-1.7240528075527815,0.9893963306770203
914,SNIc-bl/sn1997ef.p0018.dat,E,11.501543362902721,0.1,0.5505425035225162,0.0,-0.7170343801497968,1.0
915,SNIa-CN/sn2003kf.p0015.dat,E,11.504755091855076,0.11000000000000001,0.6557164380513253,0.4002885446520727,-0.015008090661384626,1.0
916,SNIa-BL/sn2001E.p0008.dat,E,11.508326528381744,0.12000000000000001,0.6044279813225235,0.26369483918105463,-0.28304555772335366,1.0
917,SNIa-SS/sn1999dq.p0046.dat,E,11.514862943856642,0.09000000000000001,0.4000801288780161,0.0,-1.0304857634327265,1.0
918,SLSN-I/sn2010gx.p0029.dat,E,11.518794614418344,0.11000000000000001,1.6611350898286126,0.0,0.5538018188173687,1.0
919,SLSN-I/snLSQ12dlf.p0020.dat,E,11.52133181216945,0.11000000000000001,3.0,0.0,0.7946199407776764,1.0
920,SNIc-bl/sn2002ap.p0031.dat,E,11.525878074348146,0.11000000000000001,0.19703996171269497,0.0,-1.6491234084749609,1.0
921,SNIa-CN/sn2005cf.p0082.dat,E,11.556277619607036,0.1,0.39513173028280174,0.5222897815357502,-0.3162675436717859,1.0
922,SNIa-CL/sn2002es.p0002.dat,E,11.56232598480499,0.09000000000000001,1.1546823910431847,0.0,0.052501121359401035,1.0
923,SNIc-bl/sn2002ap.p0030.dat,E,11.574327697983733,0.11000000000000001,0.2925165189795167,0.0,-1.3157601832007118,1.0
924,SNIa-CN/sn2005hc.p0011.dat,E,11.576444500741456,0.11000000000000001,2.2524606539656538,0.20057636747305854,0.951149547895535,1.0
925,SNIc-bl/sn1997ef.p0020.dat,E,11.5776992720298,0.1,0.6552373517799351,0.0,-0.5810229904269794,1.0
926,SNIIb/sn2006T.m0011.dat,E,11.587266135610962,0.1,0.4557012969274789,0.0,-0.8728483557348744,1.0
927,SNIc-bl/sn1997ef.p0017.dat,E,11.590174960367097,0.1,0.7963841739844962,0.0,-0.3345221441116419,1.0
928,SNIa-CN/sn2003kf.p0068.dat,E,11.595346785709648,0.1,0.13323154744118618,0.5355842783224694,-1.4155617394786706,1.0
929,SNIa-CL/sn2006H.p0019.dat,E,11.609319414298024,0.09000000000000001,0.3276433638733348,0.0,-1.3231872162567377,1.0
930,SNIa-CN/sn2006cf.p0031.dat,E,11.626885102736857,0.09000000000000001,0.3192152720460336,0.0,-1.3383136778447604,1.0
931,SNIa-BL/sn2001en.p0008.dat,E,11.651681452318867,0.11000000000000001,1.7489656107333376,0.2727720488176901,0.7994810135285102,1.0
932,SNIa-BL/sn2007kk.p0009.dat,E,11.653569325820254,0.11000000000000001,1.5627987854563967,0.2911487574126924,0.6532346811189822,1.0
933,SNIa-CL/sn2007al.p0004.dat,E,11.655922182587998,0.1,0.3589134716636448,0.0,-1.1390652087658377,1.0
934,SNIa-CN/sn1998bu.p0010.dat,E,11.656581674944647,0.1,1.4497012769415167,0.22856244963918623,0.5742730072579625,1.0
935,SNIc-bl/sn1998bw.p0004.dat,E,11.677857112545258,0.13,0.8774555106118209,0.0,-0.07177434021201866,1.0
936,SNIa-CN/sn1994ae.p0069.dat,E,11.689184606684407,0.1,0.254734154349049,0.5298495599218994,-0.7333161965739311,1.0
937,SNIa-BL/sn2006X.p0008.dat,E,11.689638817214087,0.11000000000000001,0.10616931179771061,0.27784344168693864,-2.0,1.0
938,SNIc/sn1994I.p0011.dat,E,11.69725512968731,0.1,0.13044767492219364,0.053785661068788015,-2.0,1.0
939,SNIb/sn2007C.m0001.dat,E,11.71107521919672,0.11000000000000001,0.3383717863757038,0.0,-1.1859025428238252,1.0
940,SNIa-SS/sn2003fa.p0016.dat,E,11.719319238308945,0.1,1.6765610613878015,0.3269798154831837,0.7744260757844895,1.0
941,SNIa-BL/sn2002bf.p0006.dat,E,11.73806475155952,0.12000000000000001,1.360489031158741,0.0,0.2937106976339481,1.0
942,SNIa-BL/sn2001ay.p0007.dat,E,11.748966066384533,0.11000000000000001,3.0,0.19341152354094537,1.160599126928121,1.0
943,SNIIb/sn2008bo.m0010.dat,E,11.769493698720453,0.09000000000000001,0.5650841538542298,0.11224091616730096,-0.5695812900139638,1.0
944,SNIa-SS/sn1999aa.p0016.dat,E,11.774295362123814,0.1,1.9308344128518584,0.39975567212535673,1.0339360432635176,1.0
945,SNIb/sn2008D.p0062.dat,E,11.774519763240473,0.11000000000000001,0.14016205912377294,0.19310464527831736,-1.7584524523579492,1.0
946,SNIa-CN/sn2003kf.p0014.dat,E,11.787476797968557,0.11000000000000001,0.7567379239206474,0.3752982912266151,0.11266137908753926,1.0
947,SNIa-SS/sn2001az.p0018.dat,E,11.794023990816864,0.1,1.539351707977506,0.08759987548973727,0.4743402325398754,1.0
948,SNIc/sn2007gr.p0015.dat,E,11.798020644093855,0.1,0.3182689784444613,0.0,-1.2238195776811092,1.0
949,SNIc-bl/sn2007bg.p0003.dat,E,11.798289632404735,0.12000000000000001,0.6163045576479399,0.0,-0.5681643614009237,1.0
950,SNIa-SS/sn2005eq.p0017.dat,E,11.80219674886233,0.1,1.2435878722049087,0.38336195140757306,0.5929116560901089,1.0
951,SNIc/sn2004fe.m0001.dat,E,11.805020112361081,0.1,1.8230019660428285,0.0,0.4743979193042709,1.0
952,SNIa-SS/sn1998es.p0014.dat,E,11.827398056478,0.1,1.422761844815063,0.38287684739106015,0.7419630749752251,1.0
953,SNIa-CL/sn2006hb.p0009.dat,E,11.831124847894765,0.1,2.44007333240192,0.14902699133144884,0.9669775732633817,1.0
954,SNIa-CN/sn2006lf.p0045.dat,E,11.8676417124321,0.09000000000000001,0.11444624259436292,0.37657030061602853,-2.0,1.0
955,SNIc/sn2004aw.p0001.dat,E,11.87999536917513,0.12000000000000001,0.43418833239144283,0.0,-0.8737640539310485,1.0
956,SNIa-BL/sn1996Z.p0006.dat,E,11.889027797735556,0.11000000000000001,0.3381837581448815,0.2916476379737534,-0.7358504118435659,1.0
957,SNIa-CN/sn2002do.p0019.dat,E,11.891406097487467,0.1,0.33548189233802433,0.0,-1.2760638762454555,1.0
958,SNIa-BL/sn2001bf.p0065.dat,E,11.892287412862476,0.1,0.3259176849113975,0.493151704340166,-0.6375073398416854,1.0
959,SNIa-SS/sn2000cx.p0053.dat,E,11.91791862542842,0.1,0.30255358190850457,0.4804688504073385,-0.722507177799584,1.0
960,SNIa-CN/sn2004bg.p0013.dat,E,11.921753850439002,0.1,2.975392256703206,0.3691833426720572,1.393412621866539,1.0
961,SNIa-CN/sn2003kf.p0070.dat,E,11.9358745918382,0.1,0.12184343365343499,0.5452320926344417,-1.4798234628496925,1.0
962,SNIb/sn2009jf.p0032.dat,E,11.937843851468918,0.1,0.2322167198013977,0.0,-1.5649268633043225,1.0
963,SNIa-CL/sn2003Y.m0006.dat,E,11.939272708012101,0.11000000000000001,1.0862258688918494,0.0,0.04636663478451145,1.0
964,SLSN-I/snPTF12dam.p0088.dat,E,11.952489040113555,0.11000000000000001,1.7664319135404392,0.0,0.38716975360009265,1.0
965,SNIa-BL/sn2001gc.p0004.dat,E,11.953650889358723,0.12000000000000001,0.8010605299509753,0.3038155303381642,0.04651529171521556,1.0
966,SLSN-I/snPTF12dam.p0058.dat,E,11.959178547347829,0.1,2.0896408905121437,0.0,0.593020586981061,1.0
967,SNIa-CN/sn2008bf.p0011.dat,E,11.972032780295146,0.11000000000000001,3.0,0.2585702084683514,1.2646938620823995,1.0
968,SNIa-BL/sn2006ac.p0007.dat,E,11.975602240050211,0.11000000000000001,1.8391079344440235,0.3123464024769056,0.859533234447941,1.0
969,SNIa-BL/sn2001gc.p0038.dat,E,11.976678156195753,0.1,0.1597707272979583,0.09824875426198935,-2.0,1.0
970,SNIc-bl/sn1997ef.m0010.dat,E,11.984555723615614,0.13,1.9192687272613957,0.0,0.6696332080429741,1.0
971,SNIc-bl/sn2002ap.m0002.dat,E,11.989162512420261,0.13,1.1082308234160685,0.0,0.22662269293009307,1.0
972,SNIa-CL/sn2007al.p0011.dat,E,11.997187929467444,0.09000000000000001,0.1457057937986816,0.13514097181436843,-2.0,1.0
973,SNIIb/sn1993J.max.dat,E,12.016444339880614,0.1,0.6529538038449861,0.0,-0.4847427201224823,1.0
974,SNIa-CN/sn2007ca.p0013.dat,E,12.017592178400655,0.11000000000000001,0.914451276515782,0.2691002524266106,0.15685645460621164,1.0
975,SNIa-BL/sn2007le.p0007.dat,E,12.021147082116947,0.11000000000000001,0.6224889989456702,0.29724654891287333,-0.22583020360504258,1.0
976,SNIa-SS/sn2008Z.p0017.dat,E,12.026329861359919,0.11000000000000001,0.826108472700549,0.36014492492874434,0.17539361486235808,1.0
977,SNIa-BL/sn2002ha.p0010.dat,E,12.046855027834392,0.1,3.0,0.2028036284516957,1.22900307231949,1.0
978,SNIa-BL/sn2003ch.p0015.dat,E,12.051053700570538,0.1,1.8455765382961988,0.23139733578496283,0.8580080367746767,1.0
979,SNIa-CSM/sn2005gj.p0079.dat,E,12.066014169269518,0.09000000000000001,0.4223225095034974,0.03386040251149191,-0.878785168633208,1.0
980,SLSN-I/snPTF12dam.p0048.dat,E,12.067137776814782,0.1,3.0,0.08758899118761872,0.9111231031890477,1.0
981,SLSN-I/snLSQ12dlf.p0043.dat,E,12.070324188762125,0.1,1.0107251710590186,0.0,0.0001003027646500454,1.0
982,SNIa-BL/sn2002bo.p0079.dat,E,12.073580418020164,0.1,0.2317912377615517,0.5004254356923638,-0.9027602336743454,1.0
983,SNIb/sn2009jf.p0007.dat,E,12.07460603380817,0.1,0.6814687276098047,0.0,-0.44369199234000406,1.0
984,SNIa-CSM/sn2005gj.p0051.dat,E,12.115337614469308,0.09000000000000001,0.42181457052475635,0.0,-0.8640832296338491,1.0
985,SNIa-SS/sn2006gr.p0009.dat,E,12.118297675639417,0.11000000000000001,2.025189360629609,0.09177684125198818,0.7004913814368867,1.0
986,SNIc-bl/sn1997ef.p0021.dat,E,12.118564478415465,0.1,0.483261214210877,0.0,-0.8705186168812926,1.0
987,SNIa-SS/sn1998ab.p0050.dat,E,12.118899898769216,0.09000000000000001,1.0567454938884615,0.0,-0.05449859609056335,1.0
988,SNIa-CSM/snPTF12efc.p0036.dat,E,12.124180010753417,0.1,1.022019505584297,0.0,-0.14071901368552672,1.0
989,SNIc/sn2005az.p0018.dat,E,12.143394733327929,0.09000000000000001,0.18805007460401693,0.0,-1.8234321996365468,1.0
990,SNIa-BL/sn2001ep.p0007.dat,E,12.16464372527306,0.1,1.5744435689983933,0.2175709598515009,0.6011137361828524,1.0
991,SNIa-SS/sn2008Z.p0056.dat,E,12.166551862996172,0.1,0.26904404765375517,0.31352314232936157,-1.097200566383428,1.0
992,SNIIb/sn2000H.m0001.dat,E,12.184340277526893,0.1,1.463441765003997,0.06405262850604072,0.3533540029052997,1.0
993,SNIa-CL/sn2005ke.p0001.dat,E,12.185481802115405,0.1,1.104563537210109,0.0,0.11477032148745331,1.0
994,SNIc/sn2004aw.max.dat,E,12.200803386925504,0.12000000000000001,0.5753885124361381,0.0,-0.6131951379327618,1.0
995,SNIa-CSM/sn2017eby.p0015.dat,E,12.233823441526397,0.09000000000000001,0.9926474049907448,0.0,-0.06519543567277836,1.0
996,SNIa-CN/sn2003hv.p0075.dat,E,12.24393733311668,0.1,0.3413813408102105,0.5348200584056749,0.013109939984563867,1.0
997,SNIc-bl/sn1998bw.p0003.dat,E,12.250053830712261,0.13,1.2976711279550204,0.0,0.3472298696942247,1.0
998,SNIa-CN/sn1998dm.p0012.dat,E,12.257619256653841,0.11000000000000001,0.753131807648359,0.245861969897513,-0.09217487717586878,1.0
999,SNIa-SS/sn1998es.p0080.dat,E,12.258509265639674,0.1,0.5573301278848274,0.38699161776169355,-0.19314381972692113,1.0
1000,SNIa-BL/sn2007co.p0008.dat,E,12.283220681942986,0.11000000000000001,1.519103693608959,0.24687714918475392,0.6066591395284291,1.0
1001,SNIa-CL/sn2003Y.m0005.dat,E,12.288272485339926,0.11000000000000001,1.1095597502773786,0.0,0.06273169040356312,1.0
1002,SNIa-BL/sn2007bm.p0007.dat,E,12.292177410564179,0.1,0.38437538315078534,0.17142399869651362,-0.7919053628835492,1.0
1003,SNIa-CN/sn2001G.p0012.dat,E,12.30109208571501,0.11000000000000001,2.883983527291083,0.2098838582948344,1.2248736081046967,1.0
1004,SNIa-BL/sn1995al.p0008.dat,E,12.305828795739146,0.11000000000000001,1.5298524738444375,0.25758725803043553,0.652336869861127,1.0
1005,SNIa-SS/sn2001V.p0010.dat,E,12.315049046597215,0.11000000000000001,2.6781215723592497,0.21749461365596282,1.1477821746941923,1.0
1006,SNIa-SS/sn1999aa.p0015.dat,E,12.321286016068889,0.11000000000000001,2.218841960488457,0.36546138426172053,1.1414706176490872,1.0
1007,SNIa-BL/sn2006cp.p0007.dat,E,12.32784465458589,0.11000000000000001,1.6382581742679552,0.3222564435727684,0.7509176221054203,1.0
1008,SNIa-SS/sn2000cx.p0055.dat,E,12.333444245874158,0.1,0.335058933376672,0.48611235199196845,-0.6237531067009487,1.0
1009,SLSN-I/sn2011kf.p0024.dat,E,12.36045456908404,0.11000000000000001,3.0,0.0781002194874307,0.8813765874326202,1.0
1010,SNIa-CN/sn2003ic.p0022.dat,E,12.376026085352622,0.1,0.3403977528023931,0.0,-1.2654583945152809,1.0
1011,SNIa-BL/sn2004as.p0007.dat,E,12.38357153766116,0.11000000000000001,1.5961680513447756,0.23432263848576576,0.635596725442017,1.0
1012,SNIa-BL/sn1996bo.p0005.dat,E,12.39371156029505,0.11000000000000001,0.5170208444556325,0.2992301956952509,-0.4543972231463603,1.0
1013,SNIa-CN/sn2000ce.p0009.dat,E,12.417243866372997,0.1,0.5806803504267015,0.20977757985776538,-0.44376846194270575,1.0
1014,SLSN-I/sn2012il.p0055.dat,E,12.424939920481183,0.11000000000000001,0.2441281404950129,0.0,-1.268912672871828,1.0
1015,SNIa-BL/sn2006X.p0010.dat,E,12.434737537392285,0.12000000000000001,0.09732380865722721,0.3226814792125702,-2.0,1.0
1016,SNIa-SS/sn2007if.p0006.dat,E,12.435670262480325,0.1,3.0,0.07258737768862128,1.1656839312699123,1.0
1017,SNIa-CN/sn2006al.p0009.dat,E,12.45072060449235,0.11000000000000001,2.054050885262154,0.08506657248893816,0.6944682073101325,1.0
1018,SNIa-BL/sn2005am.p0008.dat,E,12.468336306951182,0.11000000000000001,1.7923838086933037,0.21401504613905223,0.7328210200895559,1.0
1019,SNIa-BL/sn2003W.p0049.dat,E,12.474634940344593,0.09000000000000001,0.4190570191184991,0.0,-1.0296036162615827,1.0
1020,SNIa-SS/sn2006gz.p0011.dat,E,12.474734049203377,0.1,2.5615780023188774,0.0,0.8453237759820685,1.0
1021,SNIc/sn2004aw.p0024.dat,E,12.48178700919387,0.11000000000000001,0.159384676655315,0.0,-2.0,1.0
1022,SNIa-CN/sn2002do.p0030.dat,E,12.487241741877618,0.09000000000000001,0.2647541822473902,0.0,-1.588063273658182,1.0
1023,SNIa-SS/sn2007if.p0007.dat,E,12.488257125662754,0.1,3.0,0.0,0.9662746788471708,0.9691096774193548
1024,SNIc/sn2007gr.p0019.dat,E,12.517281450578057,0.09000000000000001,0.23373252009527382,0.011908944837096844,-1.6172518559470095,1.0
1025,SNIa-CN/sn1996X.p0008.dat,E,12.539705736608846,0.11000000000000001,2.4505906504670176,0.27183551731409483,1.1178030429081183,1.0
1026,SLSN-I/sn2011ke.p0050.dat,E,12.562326958300808,0.11000000000000001,1.6803035973963405,0.0,0.5248777096766322,1.0
1027,SNIb/sn2005bf.m0020.dat,E,12.572155668696702,0.1,1.3076777064018779,0.13115801980996397,0.48763186779745943,1.0
1028,SNIa-CL/sn2003iv.p0007.dat,E,12.596472878716938,0.1,2.5619731718723955,0.18345208977685348,0.9962508761282929,1.0
1029,SNIa-CN/sn2000fa.p0009.dat,E,12.610398117492243,0.11000000000000001,1.7965960723062147,0.15316879719384036,0.6980875135800149,1.0
1030,SNIa-CN/sn1995D.p0012.dat,E,12.611162008876565,0.11000000000000001,3.0,0.36751127375866555,1.354480945417753,1.0
1031,SNIa-CN/sn2001br.p0052.dat,E,12.612683590635442,0.09000000000000001,0.3166367014544433,0.0,-1.3393575175647057,1.0
1032,SNIa-SS/sn2003fa.p0015.dat,E,12.623613671171512,0.1,1.6968231437978731,0.4089647011504359,0.905300498179517,1.0
1033,SNIc/sn2004aw.p0026.dat,E,12.636298581747784,0.1,0.24273836418862027,0.0,-1.610636687872662,1.0
1034,SNIa-CN/sn2003cg.p0008.dat,E,12.64771620339226,0.1,0.12272736360588282,0.17799422169543322,-2.0,1.0
1035,SNIa-CN/sn2002do.p0017.dat,E,12.648975791009086,0.1,0.33518564276518376,0.0,-1.2979258095455677,1.0
1036,SNIa-CN/sn1998bu.p0009.dat,E,12.64941494733502,0.1,1.4904923184847785,0.2381336136805464,0.5776814035096193,1.0
1037,SNIa-SS/sn2008A.p0032.dat,E,12.661703042904708,0.09000000000000001,0.08736480226251114,0.4530139443523637,-2.0,1.0
1038,SNIc/sn2005az.p0025.dat,E,12.672764802258703,0.09000000000000001,0.1765164278524242,0.0,-1.9103405859547185,1.0
1039,SNIa-SS/sn2003fa.p0014.dat,E,12.68597940969142,0.1,2.4217783879636077,0.3069884146255335,1.0982906649446027,1.0
1040,SNIIb/sn1993J.p0035.dat,E,12.711838110201409,0.1,0.10509874789129403,0.4031881495765634,-2.0,1.0
1041,SNIa-CL/sn2002eu.p0008.dat,E,12.716904740756224,0.1,1.5629118644546527,0.15909865536868378,0.4813015381281034,1.0
1042,SNIa-CL/sn1998de.m0000.dat,E,12.720331075209351,0.11000000000000001,0.5904203839028876,0.21945201805328976,-0.3576529066790728,1.0
1043,SNIa-BL/sn2005am.p0071.dat,E,12.745561642876584,0.1,0.15013770101251697,1.0038310140739612,0.28992881329137854,1.0
1044,SNIa-BL/sn2006X.p0007.dat,E,12.755948385009344,0.11000000000000001,0.11100423015015602,0.28044682094895096,-2.0,1.0
1045,SNIb-pec/sn2007uy.p0054.dat,E,12.77440311196877,0.11000000000000001,0.35357912997548363,0.0,-1.159740737063978,1.0
1046,SNIa-BL/sn2001ep.p0088.dat,E,12.794986011169852,0.1,1.2270913408604893,0.0025757510124589295,0.1754092344625049,1.0
1047,SNIa-CN/sn1998aq.p0078.dat,E,12.801286081219288,0.1,0.3287725422248869,0.5664743596584247,-0.48635643976511944,1.0
1048,SLSN-I/snPTF11rks.p0006.dat,E,12.819812111267673,0.13,1.6935355592528065,0.0,0.3458450438834625,1.0
1049,SNIa-BL/sn1993ac.p0011.dat,E,12.82931665047216,0.11000000000000001,0.9656942347539202,0.4559490097527859,0.318168194162174,0.9565612609970673
1050,SNIa-CN/sn2006N.p0009.dat,E,12.850224037683507,0.1,1.8119732542203484,0.0,0.5385081762578131,1.0
1051,SNIa-CN/sn2002fk.p0010.dat,E,12.855769759258715,0.1,3.0,0.19234356166073233,1.247018975815718,1.0
1052,SNIc/sn2007gr.m0009.dat,E,12.859920247069153,0.11000000000000001,1.8297258418498212,0.0,0.6236751920213038,1.0
1053,SNIa-CSM/sn2019fcg.m0002.dat,E,12.870024301770165,0.1,1.205948422532202,0.0,0.08258157705779029,1.0
1054,SNIa-SS/sn1999aa.p0014.dat,E,12.872905284003838,0.11000000000000001,2.792285867393342,0.3408380373520477,1.3130997633930461,1.0
1055,SNIa-BL/sn2007le.p0078.dat,E,12.883501660657007,0.1,0.17079522510773265,0.5522563374176476,-1.1145957739025805,1.0
1056,SNIa-SS/sn2007S.p0059.dat,E,12.88426952792901,0.09000000000000001,0.7033868131424805,0.0,-0.4646891699869254,1.0
1057,SNIc/sn2004aw.m0001.dat,E,12.884313739598634,0.12000000000000001,0.5929159711810554,0.0,-0.5077510691498994,1.0
1058,SNIb/sn2007C.p0001.dat,E,12.888690099971948,0.1,0.3004719569528328,0.0,-1.3402453295724193,1.0
1059,SNIIb/sn2008bo.m0007.dat,E,12.901447082500606,0.09000000000000001,0.8379200520829059,0.14040104963122807,-0.1576020597303848,1.0
1060,SNIa-CN/sn2004L.p0020.dat,E,12.904252868496606,0.1,0.5057468744256631,0.0,-0.8263077559742569,1.0
1061,SNIa-BL/sn2007af.p0088.dat,E,12.909560937236797,0.1,0.36602124619744264,0.5970369991595761,-0.27866658432503477,1.0
1062,SNIa-CN/sn2004bg.p0011.dat,E,12.910134806253149,0.1,3.0,0.3488879241961686,1.3691819259408846,1.0
1063,SNIb/sn2009jf.p0001.dat,E,12.912928521200396,0.1,1.2445606553171662,0.0,0.18807520523709437,1.0
1064,SNIc/sn2004fe.m0005.dat,E,12.927941090709048,0.11000000000000001,3.0,0.0,0.9376454405862767,1.0
1065,SNIa-BL/sn2001N.p0004.dat,E,12.94479846861033,0.12000000000000001,0.7275826380265226,0.27448252114614136,-0.1660431225759243,1.0
1066,SNIc/sn2007gr.m0010.dat,E,12.955320443207848,0.11000000000000001,2.8628563336586472,0.0,0.8356231590661702,1.0
1067,SNIc/sn1994I.m0006.dat,E,12.969574999301706,0.12000000000000001,2.2751704972255324,0.0,0.7413435178744006,1.0
1068,SNIc-bl/sn1997ef.m0011.dat,E,12.970167862585333,0.13,1.5149141004467357,0.00020902957579604667,0.46710241589215595,1.0
1069,SNIIb/sn1993J.m0003.dat,E,12.974327120046908,0.1,1.0086849439838517,0.0,-0.007277376475496099,1.0
1070,SNIa-BL/sn2004ef.p0006.dat,E,12.976244992017602,0.11000000000000001,1.5491689424322606,0.21906104328451229,0.5922757632769309,1.0
1071,SNIa-BL/sn2006X.p0017.dat,E,12.976476554409068,0.1,0.0978730248407847,0.38742347630920193,-2.0,1.0
1072,SNIa-BL/sn2001bf.p0009.dat,E,13.017279788165201,0.1,1.6473354664306228,0.10587839806231632,1.074142011496746,1.0
1073,SNIc-bl/sn1997ef.p0046.dat,E,13.028809082276,0.1,0.17700867727467484,0.0,-1.790144000509502,1.0
1074,SNIb/sn2009jf.p0059.dat,E,13.03266050630041,0.1,0.17232442370328033,0.3638579734109458,-1.4561243327341211,1.0
1075,SNIb/sn2009jf.p0053.dat,E,13.03629422015488,0.1,0.19255729847252895,0.2736992776798586,-1.4346048313808877,1.0
1076,SNIc/sn2005az.m0006.dat,E,13.037394895539116,0.11000000000000001,0.8523538503173682,0.0,-0.23892553964279337,1.0
1077,SNIb/sn2005hg.m0002.dat,E,13.040868905115914,0.1,1.2990983398233658,0.005530850275769523,0.19037717454990846,1.0
1078,SNIa-CN/sn2004L.p0027.dat,E,13.060613530915413,0.09000000000000001,0.6645828051228789,0.0,-0.5342740484923486,1.0
1079,SNIc/sn2004fe.m0007.dat,E,13.07063152636664,0.11000000000000001,2.5651127785512604,0.0,0.9487266350304637,1.0
1080,SNIa-CN/sn2006le.p0009.dat,E,13.083363285478445,0.11000000000000001,1.1283115610879864,0.22311846236720012,0.2842731959495255,1.0
1081,SLSN-I/sn2011ke.p0029.dat,E,13.098431467797887,0.11000000000000001,1.3272484397073738,0.0,0.2571956829182515,1.0
1082,SNIb/sn2005hg.m0003.dat,E,13.102964255573278,0.1,1.6105606445284324,0.017279891629858418,0.371831572693582,1.0
1083,SNIa-BL/sn2006X.p0005.dat,E,13.116683044694987,0.12000000000000001,0.11638650049510936,0.2332135822406819,-2.0,1.0
1084,SNIb/sn2008D.p0003.dat,E,13.127467468522662,0.1,0.20007951014791187,0.0,-1.7519754294959742,1.0
1085,SLSN-I/sn2011ke.p0020.dat,E,13.129254462191412,0.11000000000000001,2.933270262337118,0.0,0.8496435467478546,1.0
1086,SNIc/sn2005az.p0016.dat,E,13.156576509732478,0.09000000000000001,0.29646540911504865,0.0,-1.4015515407594763,1.0
1087,SNIIn/sn2007pk.p0059.dat,E,13.164176528764532,0.09000000000000001,0.2026238527013652,0.273705752707444,-1.2686492965855403,1.0
1088,SLSN-II/snCSS121015.p0063.dat,E,13.17247259178287,0.09000000000000001,1.192850836560305,0.0,0.12814065344800185,1.0
1089,SNIa-BL/sn2001gc.p0003.dat,E,13.175222227005154,0.12000000000000001,0.7137354736270509,0.3454497020199034,-0.07699827371213135,1.0
1090,SNIa-CSM/sn2012ca.m0006.dat,E,13.182159985244807,0.09000000000000001,0.2646372513872931,0.27242986758991605,-1.1153855453129888,1.0
1091,SNIa-BL/sn2007cg.p0008.dat,E,13.183900024859986,0.11000000000000001,0.24591830707424658,0.24688754081351572,-1.2872584614886826,1.0
1092,SNIa-CN/sn2003kf.p0011.dat,E,13.188517899673393,0.11000000000000001,1.0013646557572304,0.337222318205729,0.3211432574860933,1.0
1093,SNIIn/sn2007pk.p0076.dat,E,13.191123710221571,0.09000000000000001,0.34348479809535964,0.1899708966961003,-0.929003662015267,1.0
1094,SNIa-CL/sn2003Y.m0003.dat,E,13.211528500563457,0.11000000000000001,0.9741244211862772,0.14928005462013225,0.07800927957661584,1.0
1095,SNIb/sn2005hg.m0001.dat,E,13.212105779114133,0.1,1.42607279214479,0.031095819676365856,0.29036273249794264,1.0
1096,SNIb/sn2009jf.m0001.dat,E,13.212470288162883,0.1,1.2368814667232286,0.0,0.16930281249317786,1.0
1097,SNIb/sn2009jf.m0002.dat,E,13.225203163528,0.1,1.3897199924596735,0.0,0.28518396185524203,1.0
1098,SNIa-BL/sn2007kk.p0090.dat,E,13.23378411353156,0.09000000000000001,0.2702824658635365,0.5881137741075564,-0.4602894222551612,1.0
1099,SNIa-CN/sn2003it.p0009.dat,E,13.23811120558041,0.11000000000000001,1.9706184393856656,0.29772508387451024,0.8576155776111307,1.0
1100,SNIIb/sn2000H.m0002.dat,E,13.24279893646577,0.1,1.7646802315692238,0.09548614296197999,0.5533417191845464,1.0
1101,SNIb/sn2007C.p0007.dat,E,13.248453075235009,0.1,0.1920966307567471,0.10508061367510252,-1.6541038756315893,1.0
1102,SNIIb/sn2008bo.m0001.dat,E,13.252507457472536,0.1,2.0795880794638832,0.11699354397323095,0.6933452945332772,1.0
1103,SNIIb/sn2006el.p0009.dat,E,13.2580071449397,0.09000000000000001,0.4257053095289728,0.07443800273607158,-0.8734493336187883,1.0
1104,SNIc/sn2004fe.m0006.dat,E,13.263052695782982,0.11000000000000001,2.0726785219407877,0.0,0.6055545488330975,1.0
1105,SNIa-CN/sn2008C.p0042.dat,E,13.267437969982247,0.09000000000000001,0.43090130449032726,0.0,-1.0165389059383896,1.0
1106,SLSN-I/sn2012il.p0043.dat,E,13.271836762516429,0.11000000000000001,1.3620328729431195,0.0,0.23166065118418455,1.0
1107,SLSN-I/sn2011ke.p0044.dat,E,13.288836362426865,0.11000000000000001,0.9180118914482793,0.0,-0.14845053619252588,1.0
1108,SNIb/sn2009jf.p0057.dat,E,13.290512681043204,0.1,0.1806442681393554,0.30750537544341294,-1.4710227942796532,1.0
1109,SNIb/sn2007kj.m0001.dat,E,13.298222612951324,0.1,1.8220396100842546,0.23453834845871138,0.7019444517327428,1.0
1110,SLSN-I/sn2007bi.p0369.dat,E,13.299721078664069,0.12000000000000001,0.5208150459645966,0.5296278746253883,-0.07853205224530438,1.0
1111,SNIa-SS/sn2005eq.p0014.dat,E,13.303417323080705,0.1,0.7205719234184069,0.3956854851852336,0.04195905951341547,1.0
1112,SNIa-BL/sn2002cd.p0053.dat,E,13.309437590611529,0.09000000000000001,0.10758368638204217,0.3706327206087144,-2.0,1.0
1113,SNIa-CN/sn1994D.p0073.dat,E,13.319227430458906,0.1,0.25535865616533615,0.6185390288225379,-0.5968808888493224,1.0
1114,SNIa-CN/sn1999ef.p0010.dat,E,13.335460900488101,0.11000000000000001,1.7034797118876865,0.3212122476956793,0.7674834383009211,1.0
1115,SNII/sn2012aw.p0047.dat,E,13.336621634833044,0.09000000000000001,0.1367031404060713,0.3708916132095515,-1.6578615219838233,1.0
1116,SNIa-BL/sn2006X.p0006.dat,E,13.337337119435967,0.12000000000000001,0.11667797181232531,0.23545224885920077,-2.0,1.0
1117,SNIc/sn2007gr.p0034.dat,E,13.351546241719571,0.1,0.10051047338647824,0.3482647714059529,-2.0,1.0
1118,SNIc/sn2004fe.p0002.dat,E,13.370654293190364,0.11000000000000001,1.6918679216890544,0.0,0.43951365397245,1.0
1119,SNIa-CN/sn1998aq.p0081.dat,E,13.384459273877088,0.1,0.27309868262435893,0.5858400856282752,-0.6452482942112393,1.0
1120,SNIa-BL/sn2006ac.p0006.dat,E,13.405140313166726,0.11000000000000001,1.756076491904373,0.35753426607151534,0.8434926962413887,1.0
1121,SNIa-BL/sn1997bp.p0004.dat,E,13.416192137134873,0.12000000000000001,0.8355219678152979,0.38105698087141415,0.1933698082472462,1.0
1122,SNIa-CN/sn2007ca.p0012.dat,E,13.42986931088254,0.11000000000000001,0.9795450638944356,0.2695227371226669,0.2044522887043271,1.0
1123,SNIIb/sn2006T.m0013.dat,E,13.43363379329155,0.1,0.34191151110375195,0.0,-1.191722007360639,1.0
1124,SNIc/sn1990B.p0072.dat,E,13.435015585923399,0.11000000000000001,0.23075629702472822,0.0,-1.6826015662203835,0.9804889668991422
1125,SNIa-BL/sn2001ay.p0004.dat,E,13.437797118150355,0.11000000000000001,2.865866044787834,0.20555991000010845,1.1075450036304888,1.0
1126,SNIa-BL/sn2007co.p0007.dat,E,13.451862196436092,0.11000000000000001,1.2423804971980739,0.34413022964409773,0.5001532672685647,1.0
1127,SNIa-CL/sn2007al.p0003.dat,E,13.46292240979193,0.1,0.4208229635195698,0.0,-1.0021788945232992,1.0
1128,SNIa-SS/sn2008A.p0021.dat,E,13.511750189739033,0.09000000000000001,0.09047472823680154,0.38377955497880073,-2.0,1.0
1129,SNIa-BL/sn2007af.p0092.dat,E,13.514263969034754,0.1,0.3836516137646692,0.6241805918376393,-0.17695970434251906,1.0
1130,SNIa-CL/sn1996bk.p0003.dat,E,13.522022779228456,0.11000000000000001,0.512371224351651,0.12390914578088949,-0.616156318414713,1.0
1131,SNIa-BL/sn2007kk.p0008.dat,E,13.572842384690013,0.11000000000000001,0.9328741165368136,0.42043462174809704,0.2596266545764898,1.0
1132,SNIb/sn2007ag.m0001.dat,E,13.573832559549343,0.1,0.4431114874509849,0.0,-0.9518792061440098,1.0
1133,SNIa-CL/sn2002fb.p0017.dat,E,13.582776352539497,0.09000000000000001,0.11136525174512424,0.40421791446585875,-1.9512248343245688,1.0
1134,SNIIb/sn1998fa.p0040.dat,E,13.593959748985373,0.09000000000000001,0.29004783917488125,0.0,-1.3251946571582784,1.0
1135,SNIb-pec/sn2007uy.p0045.dat,E,13.596758378442996,0.1,0.197758450182147,0.0,-1.7230641083638578,1.0
1136,SNIb/sn2004dk.m0018.dat,E,13.603988888109292,0.11000000000000001,0.8233951407871103,0.0,-0.2534854489245255,1.0
1137,SNIb-pec/sn2009er.p0054.dat,E,13.60419895266489,0.1,0.21743572428716615,0.011691234950104993,-1.542754952618974,1.0
1138,SNIa-CN/sn2001br.p0053.dat,E,13.60647138519291,0.1,0.3762265074980779,0.0,-1.1446219685644485,1.0
1139,SNIa-CN/sn1998dx.p0008.dat,E,13.621123765352218,0.11000000000000001,3.0,0.29325701495533957,1.2329609276455606,1.0
1140,SLSN-I/snLSQ12dlf.p0015.dat,E,13.631962966963755,0.12000000000000001,3.0,0.08881809703447752,0.816115294852938,1.0
1141,SNIa-CN/sn1996ai.p0015.dat,E,13.633131870503505,0.1,0.17206411208123734,0.0,-2.0,1.0
1142,SNIc/sn1990B.p0065.dat,E,13.640166320424822,0.11000000000000001,0.18350897347925604,0.0,-1.9986915264386627,0.9804889668991422
1143,SNIc-bl/sn1997ef.m0012.dat,E,13.641432695135595,0.13,1.5170205762979982,0.0,0.445136715548699,1.0
1144,SNIc/sn2005az.p0023.dat,E,13.662139644486881,0.09000000000000001,0.31736954113876925,0.0,-1.316905404597556,1.0
1145,SNIa-SS/sn2008A.p0028.dat,E,13.678591622855166,0.08,0.08431545189701138,0.42818185571750267,-2.0,1.0
1146,SNIa-BL/sn2001bf.p0008.dat,E,13.68147879130349,0.1,3.0,0.20242559556612355,1.1920818141907839,1.0
1147,SNIa-CN/sn2006lf.p0007.dat,E,13.682791687744297,0.1,0.3397618245186328,0.1884088640281496,-0.986199009103256,1.0
1148,SNIa-CL/sn1998bp.p0076.dat,E,13.686804463287391,0.09000000000000001,0.3842357379636109,0.0,-1.1661387150453077,1.0
1149,SNIa-CN/sn2006le.p0008.dat,E,13.68981626237373,0.11000000000000001,1.3141354204162057,0.2357202973135301,0.42399215181509164,1.0
1150,SNIc/sn2004aw.m0003.dat,E,13.690023005427324,0.12000000000000001,0.8704794150360122,0.0,-0.11443375205570028,1.0
1151,SNIa-CL/sn2006hb.p0008.dat,E,13.691451204362338,0.1,2.156033882497177,0.24644121451760875,0.9352170007260636,1.0
1152,SNIa-BL/sn2007co.p0087.dat,E,13.704570153724521,0.1,0.36837099445561494,0.5824481004897191,-0.14226104102692932,1.0
1153,SNIb-pec/sn2009er.p0053.dat,E,13.706867399914247,0.1,0.24682287910719083,0.008748990606241255,-1.413797149816942,1.0
1154,SNIa-SS/sn2008Z.p0012.dat,E,13.713039968434675,0.11000000000000001,1.513367321717175,0.24888870545968803,0.5775955479382449,1.0
1155,SNIa-CN/sn1994D.p0075.dat,E,13.71348093359975,0.1,0.2583312855400774,0.6338232885281557,-0.5408177275437018,1.0
1156,SNIa-CN/sn1997Y.p0007.dat,E,13.719868610505559,0.1,0.7754625842945273,0.20603374368520463,-0.10055170531607971,1.0
1157,SNIb/sn2009jf.m0005.dat,E,13.726017992025378,0.11000000000000001,1.990138639163947,0.0,0.5838623897067615,1.0
1158,SNIc/sn2004aw.p0047.dat,E,13.72982139524034,0.1,0.31030832007157133,0.0,-1.2723326895852471,1.0
1159,SNIa-BL/sn2002dp.p0007.dat,E,13.730471004035168,0.1,1.8667477358940252,0.2744891581605275,0.8378448082240961,1.0
1160,SNIa-BL/sn2004as.p0006.dat,E,13.73503125191543,0.11000000000000001,1.4379517743395045,0.3112248113725062,0.6027746946900729,1.0
1161,SNIa-CN/sn2005kc.p0007.dat,E,13.736996984760143,0.1,1.1806094988766251,0.16358111369484868,0.2165087859516611,1.0
1162,SNIc-bl/sn1998bw.p0001.dat,E,13.743272251116721,0.13,1.3041527058892743,0.0,0.36084492710508476,1.0
1163,SNIa-BL/sn2006cp.p0006.dat,E,13.743441759220278,0.11000000000000001,1.5365261753650907,0.37737236070868413,0.7271659849452441,1.0
1164,SNIa-CN/sn2008C.p0008.dat,E,13.747585425461734,0.1,0.8521433493603178,0.0,-0.24937758926131443,1.0
1165,SNIc-bl/sn2003jd.p0001.dat,E,13.748047962828654,0.13,1.7826554478393564,0.0,0.44489392541939404,1.0
1166,SNIa-CL/sn2007bc.p0006.dat,E,13.752942438297504,0.1,2.5704379944847346,0.21730843820035473,1.0633420679524495,1.0
1167,SNIa-SS/sn2006gz.p0010.dat,E,13.755193154354464,0.1,2.672285848898,0.0,0.8805698713726184,1.0
1168,SNIa-SS/sn1998ab.p0008.dat,E,13.759853045467171,0.1,3.0,0.12231408662137276,1.0836728403595397,0.9846096774193547
1169,SNIb/sn2005hg.m0004.dat,E,13.7636967015804,0.1,1.1344545382697413,0.041481184566688596,0.073091675292308,1.0
1170,SNIa-SS/sn1999aa.p0081.dat,E,13.772147124703288,0.1,0.5102645633649158,0.5964969288885602,0.007155528537909195,1.0
1171,SNIIb/sn1993J.p0037.dat,E,13.831671857304208,0.1,0.11133114167400703,0.3964530607736628,-2.0,1.0
1172,SNIc-bl/sn2006aj.p0002.dat,E,13.833200012416466,0.13,0.8682619437326066,0.0,-0.16434596980761557,1.0
1173,SNIIb/sn2008ax.m0015.dat,E,13.847404118213564,0.11000000000000001,0.20098712745372924,0.3410834927357185,-1.3641915590585338,1.0
1174,SNIa-BL/sn2007cg.p0007.dat,E,13.896670187633754,0.11000000000000001,0.4164809865751187,0.10325173995608511,-0.8888338754163728,1.0
1175,SNIa-BL/sn1995al.p0006.dat,E,13.897891660727163,0.11000000000000001,1.4758214804091456,0.2905011908512647,0.6251271629167439,1.0
1176,SNIb/sn2004gv.p0015.dat,E,13.911643147637564,0.09000000000000001,0.21550825933385054,0.2661554286100922,-1.3324837731183217,1.0
1177,SNIb/sn2007C.m0005.dat,E,13.919980169202482,0.11000000000000001,0.4570598191065322,0.0,-0.8590837379677638,1.0
1178,SNIIb/sn2008ax.m0012.dat,E,13.930032126370186,0.1,0.6090887129277267,0.20257322464427505,-0.4186976641084484,1.0
1179,SLSN-II/snCSS121015.p0053.dat,E,13.930092535896097,0.09000000000000001,1.598883135339836,0.0,0.3815854588120934,1.0
1180,SNIIb/sn2006el.p0011.dat,E,13.941552146200154,0.09000000000000001,0.3328866086921758,0.16130617564795288,-1.0784049087720162,1.0
1181,SNIIb/sn2008ax.m0014.dat,E,13.950024828876789,0.1,0.48926715126115733,0.23535950937297406,-0.5090820218619743,1.0
1182,SNIc/sn2005az.p0030.dat,E,13.953715286293654,0.1,0.2838636842961795,0.0,-1.3881583987479948,1.0
1183,SNIa-CN/sn2002fk.p0086.dat,E,13.962496150617563,0.1,0.4645517230575196,0.6365837853368554,-0.02550239215127138,1.0
1184,SNIb/sn2009iz.m0010.dat,E,13.963854505096887,0.11000000000000001,2.570444690787425,0.0,0.8094633036445134,1.0
1185,SNIa-CN/sn1996X.p0007.dat,E,13.96854638068382,0.1,2.2948262215733073,0.33377570842935034,1.1001229993538533,1.0
1186,SNIc/sn2005az.p0032.dat,E,13.970415136110695,0.1,0.2730788568271543,0.0,-1.4314053919721927,1.0
1187,SNIa-BL/sn2001ep.p0006.dat,E,13.980614601309945,0.1,1.4177257833339614,0.3083449488240203,0.581868756038032,1.0
1188,SNIa-SS/sn2005eu.p0038.dat,E,13.993357160687513,0.1,0.5181230706955724,0.0,-0.7908976262017207,1.0
1189,SNIa-CL/sn2007ba.p0005.dat,E,14.000157749215878,0.1,1.7046823596096279,0.27862880159259945,0.7322689827743033,1.0
1190,SNIa-SS/sn2008ae.p0003.dat,E,14.00726488739711,0.1,1.3890155630383605,0.0,0.2440367595135523,1.0
1191,SLSN-II/snCSS121015.p0052.dat,E,14.008061501646539,0.09000000000000001,1.556931987249294,0.0,0.322333892041817,1.0
1192,SNIIb/sn2008ax.m0013.dat,E,14.044904896067228,0.11000000000000001,0.4105863031339345,0.29327246950293745,-0.7197130239154464,1.0
1193,SNIa-SS/sn2002de.p0009.dat,E,14.045370835603528,0.11000000000000001,1.7508516262600582,0.07573399584478678,0.5645485316748656,1.0
1194,SNIa-CL/sn1998de.m0003.dat,E,14.055463277820994,0.11000000000000001,0.8465679099893466,0.27264860021401577,0.02593838125880525,1.0
1195,SNIa-BL/sn2007bd.p0008.dat,E,14.055730599708683,0.11000000000000001,2.194856681777971,0.19648645073588608,0.8811228233322435,1.0
1196,SNIc/sn1994I.p0023.dat,E,14.057361799505413,0.11000000000000001,0.5207246162307693,0.15496270022612704,-0.5773311755797327,1.0
1197,SNIb/sn2005hg.m0005.dat,E,14.059871829764738,0.1,1.4667842688304036,0.056673763559187434,0.3014419414615934,1.0
1198,SNIa-SS/sn2008A.p0024.dat,E,14.069939567724756,0.08,0.08480286562436243,0.4280015048483537,-2.0,1.0
1199,SNIa-CN/sn1994ae.p0010.dat,E,14.085375828688257,0.11000000000000001,1.5609039602560626,0.39885962943455516,0.7444042541732259,1.0
1200,SNIa-BL/sn2006X.p0004.dat,E,14.092697754354681,0.12000000000000001,0.11513457353836376,0.24882712229107187,-2.0,1.0
1201,SNIa-CL/sn1998de.m0002.dat,E,14.099069404853603,0.11000000000000001,0.8469283399308138,0.2737658731923516,0.023361777612933857,1.0
1202,SNIa-CN/sn2006lf.p0006.dat,E,14.117230788800242,0.1,0.317875290791598,0.21624135830702104,-1.0136510053587853,1.0
1203,SNIa-CN/sn2002fk.p0008.dat,E,14.117619362996514,0.1,3.0,0.2579944216663352,1.2955099281906608,1.0
1204,SNIa-SS/sn1998es.p0089.dat,E,14.121528164165145,0.1,0.5019941104310349,0.48541750358734237,-0.18518113028169514,1.0
1205,SNIa-CN/sn2007fs.p0085.dat,E,14.141153382867467,0.1,0.3557291488187819,0.6351998541006755,-0.25906045646195464,1.0
1206,SNIa-BL/sn1999cl.p0037.dat,E,14.141929035360633,0.09000000000000001,0.10248415209305083,0.4089978803076812,-2.0,1.0
1207,SNIc-bl/sn1997ef.p0026.dat,E,14.150872996015023,0.1,0.36884630724136125,0.0,-1.1453555481859907,1.0
1208,SNIb/sn2004gq.p0072.dat,E,14.165877244676096,0.11000000000000001,0.32401840125945497,0.20017556056786037,-1.0184101250979096,1.0
1209,SNIa-BL/sn2007af.p0097.dat,E,14.168090493864922,0.1,0.5607637841928431,0.6596779775614,0.3005863249045177,1.0
1210,SNIIb/sn2008bo.m0003.dat,E,14.175809230341203,0.1,1.2278432719363026,0.1955256919686522,0.22508023120764495,1.0
1211,SNIa-CN/sn2007F.p0080.dat,E,14.176648088250543,0.1,0.17248798768013476,0.6408009364542457,-0.979764575625037,1.0
1212,SNIa-CN/sn2008ar.p0007.dat,E,14.200166413112672,0.1,2.6883548887984423,0.2120075191249947,1.1067703593373062,1.0
1213,SNIa-CN/sn2003cg.p0007.dat,E,14.200525025395219,0.1,0.12039498717565209,0.21514267632574752,-2.0,1.0
1214,SNIa-BL/sn1996Z.p0004.dat,E,14.20249588536469,0.11000000000000001,0.25938395617426163,0.3550184274244461,-0.9856245270615036,1.0
1215,SNIc/sn2007cl.m0006.dat,E,14.211630066829002,0.11000000000000001,3.0,0.2293920426545186,1.0731702003268133,1.0
1216,SNIa-CN/sn2005cf.m0012.dat,E,14.212972530887228,0.13,1.4804050728099216,0.2533795503614354,0.5941845025114425,1.0
1217,SNIIb/sn2008ax.p0004.dat,E,14.214665665492463,0.09000000000000001,0.2842708352845544,0.2640826694223709,-0.9998498273957873,1.0
1218,SNIIb/sn2006el.m0004.dat,E,14.216037217995343,0.1,1.2518359182694814,0.0,0.05726138010339156,1.0
1219,SNIc/sn2004aw.m0002.dat,E,14.244757777026088,0.12000000000000001,0.6882896337953027,0.0,-0.444303305470064,1.0
1220,SNIa-BL/sn2001N.p0032.dat,E,14.248000433402474,0.09000000000000001,0.4363319384188866,0.0,-0.9889012954697185,1.0
1221,SNIIb/sn2006el.p0012.dat,E,14.250939889009192,0.09000000000000001,0.27934132796498984,0.16269082321069944,-1.2495106980582036,1.0
1222,SNIa-CN/sn2002fk.p0088.dat,E,14.260262332815309,0.1,0.4962136447647086,0.652671938260994,0.095254289977696,1.0
1223,SNIa-CL/sn2007ax.m0001.dat,E,14.262512524349125,0.1,1.1130002370932253,0.0,0.07005185070743962,1.0
1224,SNIb/sn2009jf.m0009.dat,E,14.289442061879363,0.11000000000000001,2.6976494596745977,0.0,0.8740521597821065,1.0
1225,SNIa-SS/sn2007S.p0064.dat,E,14.294792456533337,0.1,0.6174578592024678,0.0,-0.5960313846208776,1.0
1226,SNIc/sn2005az.p0048.dat,E,14.295567520740457,0.1,0.25897840530673416,0.1822440830809391,-1.2482072323471032,1.0
1227,SNIa-CN/sn2006N.p0008.dat,E,14.311231895872943,0.1,1.6750015635298536,0.07135651978005786,0.5065181096816874,1.0
1228,SNIa-CSM/sn2002ic.p0020.dat,E,14.313559010085974,0.1,2.607724959795885,0.0,0.8401684509675706,1.0
1229,SNIa-SS/sn2000cx.p0061.dat,E,14.313954203258822,0.1,0.13585485712770004,0.595288206288249,-1.324733657189964,1.0
1230,SNIa-SS/sn2003fa.p0012.dat,E,14.3196893561184,0.1,3.0,0.36043799033800206,1.326016595241621,1.0
1231,SNIc/sn1994I.p0038.dat,E,14.323671106628147,0.11000000000000001,0.5634478928885799,0.0,-0.6466901438244932,1.0
1232,SNIc/sn2005az.p0031.dat,E,14.32489019970722,0.09000000000000001,0.3686012151707557,0.0,-1.132160846904561,1.0
1233,SNIa-CL/sn2007al.p0002.dat,E,14.328732581768069,0.1,1.125984757787211,0.0,0.0913750134787536,1.0
1234,SNIa-CN/sn1996C.p0008.dat,E,14.356822272250074,0.1,2.6643911772551028,0.2856836128605819,1.5469588588419005,1.0
1235,SNIa-CN/sn2003ic.p0007.dat,E,14.364842626746476,0.11000000000000001,1.056098960170483,0.0,-0.03868510032250834,1.0
1236,SNIa-SS/sn2008A.p0001.dat,E,14.365687741565413,0.1,2.4604898293128663,0.0,0.8514394641876188,1.0
1237,SNIb/sn2004gv.p0019.dat,E,14.379082622657073,0.09000000000000001,0.12441685833502468,0.36683947590107935,-1.8689551013431478,1.0
1238,SNIa-CL/sn2004gs.p0004.dat,E,14.380771992752075,0.1,1.597975573668094,0.36748026607849654,0.7338984925023582,1.0
1239,SNIa-BL/sn2001en.p0006.dat,E,14.382521876888465,0.11000000000000001,1.472423922859034,0.3384457548457915,0.649976668681259,1.0
1240,SNIc/sn2004dn.p0052.dat,E,14.397092817026348,0.1,0.39479940624804616,0.30456335026554404,-0.7734913062206681,1.0
1241,SLSN-IIn/sn2006gy.p0076.dat,E,14.399578256224142,0.08,0.18463066507782963,0.0,-2.0,1.0
1242,SNIa-CL/sn2007hj.p0004.dat,E,14.410642003279756,0.1,0.913525463508877,0.33539747182639,0.15972177164218035,1.0
1243,SNIa-BL/sn2007co.p0006.dat,E,14.416727669757442,0.11000000000000001,1.2364664368604703,0.33808805630521205,0.4771038811866688,1.0
1244,SNIa-BL/sn2008af.p0006.dat,E,14.42002387626247,0.11000000000000001,1.8864468557126528,0.30301152964999467,0.8340644723133878,1.0
1245,SNIa-BL/sn2002bf.p0005.dat,E,14.420743356274482,0.12000000000000001,0.779876290239524,0.0,-0.3229553729581708,1.0
1246,SNIa-CN/sn1995D.p0093.dat,E,14.423954643813715,0.1,0.7916892926785855,0.6358605797020805,0.5336809310393436,1.0
1247,SNIb/sn2006ep.p0008.dat,E,14.431563210207093,0.09000000000000001,0.1116158144013228,0.3285123973878554,-2.0,1.0
1248,SNIb/sn2005hg.m0006.dat,E,14.435485347078592,0.1,1.4756460898941923,0.08673631872231392,0.3267101550187545,1.0
1249,SNII/sn2012aw.p0048.dat,E,14.445966867445527,0.09000000000000001,0.12557784954223006,0.4170995346305375,-1.5888604450543689,1.0
1250,SNIa-BL/sn2005am.p0007.dat,E,14.455242775350065,0.11000000000000001,1.6765450948458154,0.3037104991574741,0.7293524170916253,1.0
1251,SNIa-CN/sn2004L.p0005.dat,E,14.455424839212174,0.1,1.5707581690029477,0.0,0.3603207084207255,1.0
1252,SNII/sn2012aw.p0056.dat,E,14.460857689494192,0.09000000000000001,0.100826899309924,0.4828298194429753,-1.6206606586871877,1.0
1253,SNIc/sn1994I.p0021.dat,E,14.46143741607255,0.11000000000000001,0.5679171116865306,0.0,-0.6511106958937216,1.0
1254,SNIa-BL/sn2001N.p0003.dat,E,14.4649284926628,0.12000000000000001,0.8353765983604309,0.007027793229229383,-0.22724064074235772,1.0
1255,SNIc-bl/sn1997ef.p0048.dat,E,14.47480400115652,0.11000000000000001,0.19377025976342038,0.0,-1.7491712304432423,1.0
1256,SNIa-CN/sn1995D.p0010.dat,E,14.47604583428449,0.11000000000000001,3.0,0.37775628437268927,1.3499366849813732,1.0
1257,SNIc-bl/sn2007ru.m0000.dat,E,14.481548634886506,0.13,0.9969967147541933,0.0,-0.07562287073108694,1.0
1258,SLSN-I/sn2007bi.p0050.dat,E,14.48606062547593,0.11000000000000001,3.0,0.05022534695867132,0.928946075074369,1.0
1259,SNIa-BL/sn2002bo.m0013.dat,E,14.490638180807137,0.13,0.5883859491598556,0.2182010789402174,-0.41846706695541686,1.0
1260,SNIa-SS/sn2007if.p0119.dat,E,14.49269592314134,0.1,1.0208236612465669,0.49695913191847474,0.714959392158093,1.0
1261,SNIa-CN/sn1999ef.p0008.dat,E,14.498699063754255,0.11000000000000001,1.8552279895355237,0.29310095589888013,0.8000536128555492,1.0
1262,SNIa-BL/sn2002cd.p0047.dat,E,14.527697870383342,0.09000000000000001,0.10893026570056076,0.3614512624511273,-2.0,1.0
1263,SNIc-bl/sn1997ef.p0075.dat,E,14.52836399440452,0.11000000000000001,0.1262448758351645,0.33044909326366706,-1.6954206107842924,1.0
1264,SNIIb/sn2008ax.p0006.dat,E,14.53248210893121,0.09000000000000001,0.12779988068322903,0.334121329258922,-1.7627398814479576,1.0
1265,SNIa-BL/sn2002cd.p0059.dat,E,14.545943732792972,0.1,0.11026141911032261,0.35075543260621667,-2.0,1.0
1266,SNIb/sn2004gq.p0069.dat,E,14.58614340985933,0.1,0.17695157315467888,0.32568361781138017,-1.53812581142815,1.0
1267,SNIb/sn2004gv.p0048.dat,E,14.589620194677172,0.1,0.19546501357513693,0.49029023394158616,-1.20649616379528,1.0
1268,SNIa-BL/sn1997bp.p0003.dat,E,14.592344081364935,0.12000000000000001,0.7940337222190386,0.4181182219294988,0.16121948571376615,1.0
1269,SNIIn/sn2007pk.p0045.dat,E,14.619807970199314,0.09000000000000001,0.3294891517442256,0.09403279530271826,-1.0803259181063338,1.0
1270,SNIb-nIIb-n/sn2005la.p0032.dat,E,14.623538337295162,0.1,0.6812586806954437,0.3968342893744233,-0.177898380529874,1.0
1271,SNII/sn2002gd.p0089.dat,E,14.625466805131227,0.08,0.0778262877331401,0.47038349214619285,-2.0,1.0
1272,SNIa-BL/sn2007le.p0005.dat,E,14.62838998015803,0.11000000000000001,0.9043280211589502,0.36234125019093333,0.19734362121368657,1.0
1273,SNIc-bl/sn2003jd.m0000.dat,E,14.630243053914928,0.13,1.7370228245430626,0.0,0.40502611264363825,1.0
1274,SNII/sn2012aw.p0046.dat,E,14.638108853556915,0.09000000000000001,0.12620463209500027,0.4151465084923124,-1.6428888365277905,1.0
1275,SNIc/sn2004gt.p0019.dat,E,14.648261397825173,0.09000000000000001,0.12988338525197968,0.18142508860243117,-2.0,1.0
1276,SNIa-SS/sn2001V.p0105.dat,E,14.66601588669819,0.1,0.5513527228902487,0.628284872241924,0.6277054324370035,1.0
1277,SNIa-CN/sn2002jy.p0010.dat,E,14.671925869242614,0.11000000000000001,2.1165032656723466,0.34720900069685595,1.024527914189553,1.0
1278,SNIa-CL/sn1998de.m0007.dat,E,14.676785670660898,0.12000000000000001,1.4727434068715808,0.24400610289483884,0.5102978723610792,1.0
1279,SNII/sn1999em.p0026.dat,E,14.678275356287262,0.09000000000000001,0.35667083470241046,0.3797143994445124,-0.7969376480637324,0.9984825891281872
1280,SNIa-CL/sn1998de.m0005.dat,E,14.68247860355321,0.11000000000000001,1.020970945864735,0.25217913915989554,0.18746869718539333,1.0
1281,SNIa-CN/sn2003kf.p0009.dat,E,14.688419278120534,0.11000000000000001,1.1453095411641097,0.3344762202545913,0.38346511158246455,1.0
1282,SLSN-I/snPTF10hgi.p0100.dat,E,14.6909293759166,0.1,2.4261752676667805,0.0,0.7017278826020665,1.0
1283,SNIa-CN/sn2003ic.p0008.dat,E,14.703298158547431,0.11000000000000001,0.9439602985514329,0.0,-0.1544130389778732,1.0
1284,SNIIb/sn2008ax.m0011.dat,E,14.713727687999047,0.1,0.6164663232785961,0.22860422454915302,-0.38726154841046945,1.0
1285,SNIc/sn1994I.p0025.dat,E,14.724688564511924,0.11000000000000001,0.16660232169012018,0.37831626805314644,-1.3474955624966376,1.0
1286,SLSN-II/sn2018lqi.p0089.dat,E,14.729327197634207,0.08,0.42397642176622274,0.0,-0.7648744102979637,1.0
1287,SNIa-BL/sn2001ay.p0003.dat,E,14.75586414740621,0.11000000000000001,2.266039413752296,0.26235735408965005,1.1123918874438432,1.0
1288,SNIb/sn2009jf.p0079.dat,E,14.760965404604747,0.1,0.13147138500901062,0.5283837576571361,-1.5299050170040382,1.0
1289,SNIa-BL/sn2002cd.p0003.dat,E,14.764445994912641,0.12000000000000001,0.14256367205699524,0.3715734647067874,-1.629587497986986,1.0
1290,SNIa-SS/sn2008Z.p0010.dat,E,14.769629303490692,0.11000000000000001,1.7724191432286793,0.23140956302697677,0.6884742757116601,1.0
1291,SNIa-SS/sn1999dq.p0088.dat,E,14.793388234952701,0.09000000000000001,0.7752248974855617,0.0,-0.35209452356373616,1.0
1292,SLSN-I/snPTF10hgi.p0064.dat,E,14.824321342464698,0.1,2.1825330271475605,0.0,0.6609839636854155,1.0
1293,SNIc/sn2004aw.p0030.dat,E,14.834575411644256,0.09000000000000001,0.17017630120565116,0.0,-2.0,1.0
1294,SNIc/sn1994I.p0032.dat,E,14.852482684496039,0.11000000000000001,0.23797665962160103,0.17747682086534317,-1.2784726821788257,1.0
1295,SNIa-CN/sn2001fh.p0007.dat,E,14.856098987775434,0.1,0.19813965769943043,0.18740377149159015,-1.6982176921248664,1.0
1296,SNIa-CN/sn2004bk.p0006.dat,E,14.868103984925895,0.11000000000000001,2.6063572696969275,0.1598061726619719,1.0134710461920207,1.0
1297,SLSN-II/sn2008es.p0082.dat,E,14.868200024817938,0.09000000000000001,1.0915130106991964,0.0,0.07314599957190748,1.0
1298,SNIc/sn2005az.p0027.dat,E,14.873430767670346,0.09000000000000001,0.3502614092438965,0.0,-1.1925589252041082,1.0
1299,SNIb/sn2004gv.p0013.dat,E,14.880531946275497,0.09000000000000001,0.14738567091020563,0.2559082986626776,-1.8380338198156196,1.0
1300,SNIa-CL/sn2007fb.p0058.dat,E,14.886403386125222,0.1,0.33636222682555267,0.45611316636992527,-0.7648309753830542,1.0
1301,SNIa-BL/sn2007kk.p0006.dat,E,14.89298580741374,0.11000000000000001,1.5300068007113323,0.3923274690874818,0.704872355900112,1.0
1302,SNIc/sn1994I.p0024.dat,E,14.895935297767958,0.11000000000000001,0.48932108380216194,0.2550051032698786,-0.5707066556938354,1.0
1303,SNIIb/sn2008ax.m0017.dat,E,14.89677455376401,0.11000000000000001,0.11589258142894836,0.38963402208670345,-1.7172739544729922,1.0
1304,SLSN-II/sn2008es.p0055.dat,E,14.901071523161463,0.09000000000000001,1.9635763579158003,0.0,0.6248427392743845,1.0
1305,SNIa-SS/sn2008ae.p0002.dat,E,14.910388420452856,0.1,1.849252406284182,0.0,0.5277881144388437,1.0
1306,SNIa-CN/sn2003it.p0008.dat,E,14.911975672019194,0.1,1.9488311720331812,0.2651803355579155,0.7964400904336827,1.0
1307,SNIc-bl/sn2006aj.p0001.dat,E,14.913471796954129,0.13,1.0550870210669476,0.0,-0.03950534373477703,1.0
1308,SNIa-SS/sn2006gz.p0009.dat,E,14.917037842302937,0.1,3.0,0.039630253245122225,1.0394575546177645,1.0
1309,SNIa-CL/sn1998de.m0006.dat,E,14.918622402193561,0.12000000000000001,0.8689386569241069,0.2512827293548935,0.03626012632717389,1.0
1310,SNII/sn2002gd.p0031.dat,E,14.919764074400984,0.09000000000000001,0.48762861183042794,0.33848305556073227,-0.38401521126984034,1.0
1311,SNIa-BL/sn1996bo.p0003.dat,E,14.923291601778631,0.11000000000000001,0.49510002160170674,0.43921588946201984,-0.3504049496983035,1.0
1312,SLSN-II/sn2020bfe.p0074.dat,E,14.929620528429853,0.1,0.8877445341852502,0.0,-0.17831873140840196,1.0
1313,SNII/sn1999em.p0095.dat,E,14.929630973537249,0.08,0.07480450587950759,0.5759410516956831,-2.0,1.0
1314,SNIc/sn1994I.p0037.dat,E,14.930637586821012,0.11000000000000001,0.4270641050247339,0.2926991811740399,-0.6804860473629666,1.0
1315,SNIc-bl/sn1998bw.p0124.dat,E,14.93831468935716,0.12000000000000001,0.13441886765020816,0.6324228472180172,-1.0632383856256027,1.0
1316,SNIb/sn2008D.p0008.dat,E,14.960196539088972,0.1,0.16644820793067225,0.054482370394027584,-1.8098385216878827,1.0
1317,SNIb/sn2004dk.p0049.dat,E,14.966486449470283,0.09000000000000001,0.13131214175313494,0.17606688183301736,-2.0,1.0
1318,SNIa-SS/sn2003fa.p0011.dat,E,14.968785842451759,0.1,2.8081307540185665,0.3232747091480489,1.2310502488905497,1.0
1319,SNIa-CN/sn2006le.p0007.dat,E,14.973290273649535,0.11000000000000001,1.1027085363924947,0.2991639350045953,0.30173431446438975,1.0
1320,SNIa-BL/sn1994M.p0007.dat,E,14.98260715341749,0.11000000000000001,1.3477421670389487,0.3279544965633422,0.5613287454941519,1.0
1321,SNIa-CN/sn2002fk.p0092.dat,E,14.982923119664088,0.1,0.4480191543667251,0.6701645638484716,0.024884695705825462,1.0
1322,SNIa-CSM/sn2011km.p0006.dat,E,14.987561809412087,0.11000000000000001,1.3680024722025719,0.0,0.21110983462018648,1.0
1323,SNIc-bl/sn2003jd.m0001.dat,E,15.00133172168188,0.13,2.4078500347248757,0.0,0.6783466079394697,1.0
1324,SLSN-II/sn2019xfs.p0122.dat,E,15.00366277017519,0.09000000000000001,0.10519688770668856,0.2884948979817655,-2.0,1.0
1325,SNIb-pec/sn2009er.p0002.dat,E,15.02605448395311,0.12000000000000001,1.6113289672034614,0.0,0.2723832954704022,1.0
1326,SNIa-CN/sn1999ef.p0007.dat,E,15.03077573996141,0.11000000000000001,1.8153093586895184,0.33013626464384765,0.8122862034501963,1.0
1327,SNIa-CN/sn1998dm.p0010.dat,E,15.058461092101687,0.1,0.7485984557801239,0.33297298186262925,-0.048296196860662326,1.0
1328,SLSN-I/snPTF12dam.p0027.dat,E,15.072814957913382,0.11000000000000001,3.0,0.2538446451606821,1.0022680147190923,1.0
1329,SNIa-SS/sn2008A.max.dat,E,15.073370311300305,0.1,2.8535150140002186,0.0,0.982743698286205,1.0
1330,SNIIb/sn2008ax.m0016.dat,E,15.088036195142815,0.11000000000000001,0.1412677000732926,0.4170611652207812,-1.636327475840547,1.0
1331,SNIa-BL/sn2001bg.p0005.dat,E,15.093700820994252,0.11000000000000001,0.9792300886900948,0.43392189194397635,0.3645461216178703,1.0
1332,SNIb/sn2005bf.m0031.dat,E,15.09830887600965,0.11000000000000001,1.5814219985740634,0.2761512489402541,0.8161275168733824,1.0
1333,SLSN-IIn/sn2006gy.p0057.dat,E,15.103148239711354,0.08,0.195876461040646,0.0,-2.0,1.0
1334,SNIb/sn2007C.m0006.dat,E,15.106339286178553,0.12000000000000001,0.621036521180882,0.0,-0.5292393668409684,1.0
1335,SNII/sn2004et.p0027.dat,E,15.108418093523658,0.09000000000000001,0.1605273300165841,0.24205182288783272,-1.7283747441209987,1.0
1336,SNIa-CN/sn1994ae.p0009.dat,E,15.118996679624749,0.11000000000000001,1.9746953053524459,0.42003804410844064,0.9924643810150978,1.0
1337,SNII-flash/sniPTF14flu.p0069.dat,E,15.130582378359586,0.08,0.5628308553701167,0.0,-0.4982045521137978,1.0
1338,SNIb/sn2004gq.m0002.dat,E,15.131181537249965,0.12000000000000001,1.256200245189086,0.09469395638333648,0.19708761945335,1.0
1339,SNIc/sn1994I.p0036.dat,E,15.137135572373161,0.11000000000000001,0.9249216584583653,0.46552854423615736,0.21856506286577626,1.0
1340,SNIb/sn2006ep.p0044.dat,E,15.137412173437486,0.09000000000000001,0.4975229473639464,0.21948623718435706,-0.580294775226635,1.0
1341,SNIc/sn1994I.p0040.dat,E,15.152345612633379,0.11000000000000001,0.8205634932654149,0.33666942465994015,-0.007438773235143398,1.0
1342,SNIa-CL/sn2007ax.m0002.dat,E,15.155564663791587,0.1,0.9994723572749161,0.0,-0.059961401667791785,1.0
1343,SNIc/sn1994I.p0022.dat,E,15.167589782338839,0.11000000000000001,0.546509370797163,0.11141343128559525,-0.5826199245090609,1.0
1344,SNIa-CN/sn1994ae.p0008.dat,E,15.172245846341434,0.11000000000000001,1.8041823687856746,0.433946844616668,1.4742603023381555,1.0
1345,SNIa-SS/sn2001eh.p0009.dat,E,15.175738796062912,0.11000000000000001,1.678072987351491,0.29436447955672196,0.9858308468831621,1.0
1346,SNII/sn2012aw.p0062.dat,E,15.17600289087493,0.08,0.08268799727723711,0.47889642338097677,-2.0,1.0
1347,SNIc/sn2005az.p0029.dat,E,15.178271486150395,0.1,0.39803184203546393,0.0,-1.0478773791095077,1.0
1348,SNIa-BL/sn2007nq.p0006.dat,E,15.181526302950669,0.11000000000000001,2.1932230891444684,0.31794059955844767,0.9702185900278777,1.0
1349,SNIa-SS/sn2005M.p0010.dat,E,15.19078817352866,0.1,2.4044304689351623,0.28654479317444065,1.0552160930902184,1.0
1350,SNIa-CN/sn2000ce.p0007.dat,E,15.192970845077483,0.1,0.3186495679215565,0.3417206344841818,-0.92326585057978,1.0
1351,SNIIb/sn2008ax.m0010.dat,E,15.195262832871151,0.1,0.7418295729298691,0.2195367181461674,-0.23305136902177015,1.0
1352,SNIa-CN/sn2006al.p0006.dat,E,15.198113150379504,0.1,2.4858563978509487,0.27765285454998356,1.0214035273393676,0.9790548387096772
1353,SNIa-CN/sn2008C.p0091.dat,E,15.210091763251777,0.1,0.7580268646367228,0.16540358477589992,-0.1772295299348653,1.0
1354,SNIIb/sn2006el.p0015.dat,E,15.214486516725508,0.09000000000000001,0.2687631241289263,0.1989351602319396,-1.255758679490968,1.0
1355,SNIa-CL/sn2006hb.p0007.dat,E,15.21890791620329,0.1,1.6295754243399374,0.3421535341829328,0.7339206176721002,1.0
1356,SNIa-SS/sn2000cx.p0007.dat,E,15.223302473187749,0.13,1.6328228270867993,0.32283113642247474,0.71481098852906,1.0
1357,SNIb/sn2009iz.p0005.dat,E,15.231576364285427,0.1,0.5444802436882713,0.33775477205836363,-0.38718829974224206,1.0
1358,SNIc/sn2005az.p0061.dat,E,15.239212534856671,0.1,0.6857357841404537,0.08100347415418888,-0.4144224318662424,1.0
1359,SNIIb/sn2006T.p0015.dat,E,15.248037548481742,0.09000000000000001,0.11001436900803102,0.25297992019479654,-2.0,1.0
1360,SNIa-BL/sn2006cj.p0011.dat,E,15.252931175204639,0.11000000000000001,3.0,0.06350074636194127,1.0323882636864399,0.9996266568914955
1361,SNIc/sn1994I.p0026.dat,E,15.276106508962144,0.11000000000000001,0.383929001361707,0.263164225267136,-0.7885097695696455,1.0
1362,SNIb/sn2005bf.m0009.dat,E,15.27968300995607,0.1,2.215908220217697,0.18247278180113255,0.8080755081288427,1.0
1363,SNIa-BL/sn2004dt.p0109.dat,E,15.282406844927802,0.1,0.5687075553698695,0.8126629234895806,0.4921801641963218,1.0
1364,SNIIn/sn2005gl.p0037.dat,E,15.296727345595505,0.09000000000000001,0.37052848862919024,0.30994995895373834,-0.5612085753487271,1.0
1365,SNIIb/sn1996cb.p0003.dat,E,15.298778310772542,0.09000000000000001,0.22214061602903803,0.34351273956879075,-1.2674189368338724,1.0
1366,SNIb/sn1998dt.p0001.dat,E,15.30381649976541,0.11000000000000001,0.8354778670411176,0.13720018453280175,-0.16171492819130176,1.0
1367,SNIa-SS/sn2007S.p0008.dat,E,15.312299513948147,0.11000000000000001,0.6995469902422091,0.2527245471019287,-0.18177019835076302,1.0
1368,SNIa-BL/sn2007af.p0102.dat,E,15.317381267367875,0.1,0.437154123170631,0.690082528578387,0.1024955690492524,1.0
1369,SNIa-CN/sn2002fk.p0007.dat,E,15.319321937627986,0.1,2.7755833524121662,0.27767843037044104,1.232361258334846,1.0
1370,SNII/sn1999em.p0024.dat,E,15.322529878302856,0.09000000000000001,0.45824635041242706,0.3504264841963098,-0.5297089722427321,1.0
1371,SNIa-CN/sn1998aq.p0090.dat,E,15.330317476089718,0.1,0.511255530192904,0.676728503692962,0.15529127576633805,1.0
1372,SNIa-BL/sn2001ep.p0005.dat,E,15.333317941019187,0.1,1.2737926272238467,0.389883230935265,0.5584327326928727,1.0
1373,SNIb/sn2005hg.m0007.dat,E,15.338069191023656,0.11000000000000001,1.32895856681071,0.16344328447602374,0.2852311534166767,1.0
1374,SNIa-CN/sn2003ic.p0005.dat,E,15.346240385332202,0.11000000000000001,1.2409579608899073,0.0,0.1013771607777251,1.0
1375,SNIb/sn2005hg.m0010.dat,E,15.349634624423993,0.11000000000000001,1.9559198614141415,0.10086998234528538,0.5950968501251007,1.0
1376,SNIa-BL/sn2007cg.p0006.dat,E,15.357112299186635,0.11000000000000001,0.5648042699203479,0.0010641072911020458,-0.6895379380114481,1.0
1377,SNIc/sn1994I.p0030.dat,E,15.360123455430092,0.11000000000000001,0.4126230977540735,0.23849387751577714,-0.781436721803483,1.0
1378,SLSN-I/snPTF10hgi.p0113.dat,E,15.365315675121824,0.1,1.5023279225539594,0.09302068966967368,0.4675430512910057,1.0
1379,SNIb/sn2006ep.p0010.dat,E,15.365905506363408,0.09000000000000001,0.12117064707355402,0.2381643197183714,-2.0,1.0
1380,SNIa-CN/sn2004L.p0035.dat,E,15.374212723729428,0.09000000000000001,0.4835991825772601,0.0,-0.9001478071413698,1.0
1381,SNII/sn2012aw.p0040.dat,E,15.38117251947775,0.09000000000000001,0.1702281582060872,0.43095607561034366,-1.2549832996007595,1.0
1382,SNIa-CL/sn2008R.p0005.dat,E,15.384763692275023,0.1,1.4037995351465702,0.347616015778886,0.5677804939513158,1.0
1383,SNIa-BL/sn1995al.p0094.dat,E,15.389381887979162,0.1,0.27307615016943887,0.6641777055813733,-0.39542175760090703,1.0
1384,SNIc/sn2005az.p0021.dat,E,15.396853076692256,0.09000000000000001,0.1426003640084589,0.0,-2.0,1.0
1385,SNIa-BL/sn1997bp.p0002.dat,E,15.398157835364172,0.12000000000000001,0.8074845249807296,0.4483620337105781,0.19374510607637924,1.0
1386,SNIb/sn2005hg.m0008.dat,E,15.403607654883146,0.11000000000000001,1.2555742872656352,0.13781924727819048,0.20359904683869193,1.0
1387,SNIa-BL/sn2002he.p0006.dat,E,15.409056407852383,0.11000000000000001,1.9705449426278836,0.37755890719211627,0.9413566787215908,1.0
1388,SNIb-nIIb-n/sn2005la.p0020.dat,E,15.419502435156556,0.1,3.0,0.2095241785592292,1.118233147038826,1.0
1389,SNIIb/sn1993J.p0096.dat,E,15.442349088052033,0.11000000000000001,0.08140023039833111,0.5991999538020978,-1.7791551358415192,1.0
1390,SNIa-CN/sn1998co.p0004.dat,E,15.446955241494189,0.1,0.9483877763192494,0.20869103897372288,0.036074083011327585,1.0
1391,SNIa-BL/sn2001ay.p0001.dat,E,15.454156727688641,0.12000000000000001,2.8830355408723825,0.30314173591185944,1.2237443557482697,1.0
1392,SNIb/sn1998dt.max.dat,E,15.466093344617743,0.11000000000000001,1.260126915944051,0.1272945914173845,0.2270774434713313,1.0
1393,SNIb/sn2004gq.m0001.dat,E,15.470232856061372,0.12000000000000001,0.9490757175315242,0.13930410654823358,-0.027173622975777512,1.0
1394,SNIa-BL/sn2002bf.p0002.dat,E,15.47525737497024,0.12000000000000001,1.1865388873789582,0.3127968053153481,0.42789687904933316,1.0
1395,SLSN-IIn/sn2006gy.p0052.dat,E,15.477285729911038,0.07,0.21186289355161014,0.0,-1.9427915099977378,1.0
1396,SNII/sn1999em.p0021.dat,E,15.480971202373048,0.09000000000000001,0.7919808994845073,0.3579639236207587,0.014576846805178479,1.0
1397,SLSN-II/sn2020bfe.p0071.dat,E,15.490329959933407,0.1,0.7682499391023776,0.0,-0.2902712028484938,1.0
1398,SNIIb/sn2008ax.m0009.dat,E,15.49117145844825,0.1,0.7703778787988314,0.22522952826508355,-0.19655742516731223,1.0
1399,SNIa-CL/sn2007ba.p0006.dat,E,15.498701648311739,0.1,0.8003666900178162,0.6329742428388974,0.4510109576015332,1.0
1400,Gap/sn2007sv.p0022.dat,E,15.505900181120346,0.07,1.51064475003015,0.0,0.2595640280232875,0.9801310097540518
1401,SNIc/sn2005az.p0056.dat,E,15.508759964231988,0.1,0.4766030065525056,0.10230778464263983,-0.7492331661822562,1.0
1402,SNIa-SS/sn2005eu.p0010.dat,E,15.51229937689321,0.11000000000000001,2.925180420251713,0.0,0.9758065119487,1.0
1403,SNII/sn2004et.p0030.dat,E,15.520182725365842,0.09000000000000001,0.11925037820121687,0.273818418488432,-2.0,1.0
1404,SNIb/sn2005hg.m0009.dat,E,15.528549323634962,0.11000000000000001,1.251728326895139,0.10660493091182097,0.17365304346448163,1.0
1405,SNIb/sn2005bf.m0024.dat,E,15.546236371834521,0.11000000000000001,1.7608352348012721,0.18209024988006034,0.7925841487255115,1.0
1406,SNIa-CL/sn2000dk.p0004.dat,E,15.553373210095593,0.1,1.6848669581399451,0.3290536007603096,0.7391816997033025,1.0
1407,SNII/sn1999em.p0063.dat,E,15.555286030083472,0.08,0.06992440146375607,0.5465183194542155,-2.0,0.988201754797759
1408,SNIb/sn2009iz.p0047.dat,E,15.562153515314476,0.09000000000000001,0.08821058406947606,0.5676226026895254,-1.8030907466783341,1.0
1409,SNIa-CN/sn2007ca.p0009.dat,E,15.568539987685867,0.11000000000000001,0.7625194055672326,0.34033290592290394,-0.012135521698839972,1.0
1410,SNIc/sn1994I.p0056.dat,E,15.574733514180675,0.11000000000000001,0.5679046255107784,0.3277408720349907,-0.4108850445573008,0.9843140408501564
1411,SNIa-BL/sn2001N.p0001.dat,E,15.580789149771757,0.12000000000000001,0.8232735782149643,0.03192604427895639,-0.2484874020454182,1.0
1412,SNIa-BL/sn2001E.p0003.dat,E,15.59427297461233,0.12000000000000001,0.5605449102131135,0.37395864429536535,-0.2928946979499946,1.0
1413,SNIb/sn2004gq.p0078.dat,E,15.59566065831763,0.1,0.11996589210803921,0.48469834378082916,-1.7317349883483377,1.0
1414,SNIc/sn1994I.p0028.dat,E,15.60510765440739,0.11000000000000001,0.3082880981986457,0.5181332513476807,-0.7439327226823788,1.0
1415,SNIa-CN/sn2002fk.p0095.dat,E,15.608399636314099,0.1,0.4899203419182631,0.7109203661266205,0.19997991425991998,1.0
1416,SNII/sn2004et.p0032.dat,E,15.614681861803195,0.09000000000000001,0.11685627586836247,0.2640407514172576,-2.0,1.0
1417,SNIa-CN/sn2006N.p0007.dat,E,15.616753969845764,0.1,1.3491526394114346,0.11412308143197794,0.30937724263277894,1.0
1418,SNIa-CSM/sn2017ifu.p0051.dat,E,15.61841416948466,0.1,1.5064925350917102,0.17823496423797316,0.43295615769680884,1.0
1419,SNIa-CSM/snPTF10yni.p0032.dat,E,15.631869682056447,0.1,2.2563250812121987,0.0,0.5475208763240468,1.0
1420,SNIa-CN/sn1998co.p0036.dat,E,15.642154793719207,0.09000000000000001,0.7633108635564236,0.0,-0.40556452162017453,1.0
1421,SNII/sn2002gd.p0023.dat,E,15.657805600931349,0.09000000000000001,0.5268354506411775,0.2728871983015374,-0.42126997753373135,1.0
1422,SNIa-BL/sn2006X.p0002.dat,E,15.664723783858788,0.12000000000000001,0.11498715154153079,0.28154474311737593,-2.0,1.0
1423,SNIb/sn2004gq.p0041.dat,E,15.671222065875847,0.1,0.11856665252859865,0.2608089678326226,-2.0,1.0
1424,SNIb/sn2005hg.m0012.dat,E,15.674992515766238,0.11000000000000001,1.5717823679194056,0.1655377293295715,0.4499739022459282,1.0
1425,SNIc/sn2004aw.m0004.dat,E,15.690495657497992,0.13,1.0115192569637177,0.0,-0.09812455503556478,1.0
1426,SNIc/sn2004gt.p0081.dat,E,15.696770892512301,0.11000000000000001,2.0034769020947683,0.12394751972705009,0.5662238738808733,1.0
1427,SNIc-bl/sn1997ef.p0080.dat,E,15.698080678279972,0.11000000000000001,0.2140919456248942,0.3484811436446964,-1.3177091515963235,1.0
1428,SNIc-bl/sn1998bw.m0001.dat,E,15.708138642742878,0.13,1.9931721958535984,0.0,0.7960993306642962,1.0
1429,SNIa-CL/sn2006bw.p0005.dat,E,15.714758189784785,0.1,0.9167554703871451,0.4204406170212652,0.21368132432482778,1.0
1430,SNIa-CSM/sn2011km.p0005.dat,E,15.720769184086805,0.11000000000000001,2.200091842646532,0.0422284434805314,0.7664875181039593,1.0
1431,SNIb-pec/sn2009er.max.dat,E,15.728961624977302,0.12000000000000001,2.185123152615913,0.0,0.5200758952523434,1.0
1432,SNIa-BL/sn2002cd.p0002.dat,E,15.731105943072267,0.12000000000000001,0.13034738953087963,0.41601649975318916,-1.6736056679124958,1.0
1433,SNIa-SS/sn2001V.m0012.dat,E,15.732866038226287,0.13,3.0,0.18892200797853548,1.2348905186913746,1.0
1434,SNIa-BL/sn2001en.p0005.dat,E,15.741108152354407,0.11000000000000001,1.192801457570751,0.428226037061733,0.5387501929421249,1.0
1435,SNIIb/sn1996cb.p0147.dat,E,15.741850560041712,0.12000000000000001,0.6418110729517321,0.5341906938868205,-0.0831736361558392,1.0
1436,SNIa-CL/sn2004gs.p0003.dat,E,15.75093807851353,0.1,1.3296715134557437,0.4371847929506753,0.6194285390775092,1.0
1437,SNII/sn1999em.p0075.dat,E,15.781656491081854,0.08,0.07598955225905063,0.48859123420348277,-2.0,1.0
1438,SNII/sn2012aw.p0029.dat,E,15.78215892830457,0.09000000000000001,0.4160424655792245,0.37576635235903805,-0.5153962808999926,1.0
1439,SNIc/sn2005az.p0064.dat,E,15.786834045604824,0.1,0.4811643958257778,0.20127550991601476,-0.6473067581810918,1.0
1440,SNII/sn2012aw.p0077.dat,E,15.790285096871541,0.08,0.08748255655629125,0.5192089582112008,-2.0,0.9937163430725102
1441,SNIa-CN/sn2006lf.p0005.dat,E,15.798500111170455,0.1,0.23736220510117648,0.3594324709442744,-1.1780540205129055,1.0
1442,SNII/sn2002gd.p0053.dat,E,15.806924527568693,0.09000000000000001,0.18266146814559836,0.4139664526540803,-1.3585660969428353,1.0
1443,SNIb/sn2005hg.p0016.dat,E,15.814529460151563,0.09000000000000001,0.09384618883617807,0.4500697780154947,-2.0,1.0
1444,SLSN-IIn/sn2006gy.p0083.dat,E,15.821342944438296,0.08,0.17799847226149823,0.0,-2.0,1.0
1445,SNIIn/sn2005cp.p0053.dat,E,15.823404794147663,0.1,0.8656170882983644,0.0,-0.2391003858075782,1.0
1446,SNIa-SS/sn2006gz.p0008.dat,E,15.829462971989278,0.1,2.356267957535429,0.11036826636051565,0.8516881013292896,1.0
1447,SNIb/sn2005bf.m0023.dat,E,15.831467207720445,0.11000000000000001,2.851569105035085,0.23191561325302887,1.0680213310414939,1.0
1448,SNII/sn2004et.p0022.dat,E,15.837283026905915,0.09000000000000001,0.26657667279517344,0.22689027317949537,-1.2190587745430583,1.0
1449,SNIa-CN/sn2008ar.p0105.dat,E,15.844910372632118,0.1,0.29404689638902126,0.6859636007060714,0.4726336110037074,1.0
1450,SNIb/sn1998dt.p0004.dat,E,15.85732738704555,0.11000000000000001,0.5040483966801256,0.29731870563156865,-0.5197600392890085,1.0
1451,SNIa-SS/sn2000cx.p0067.dat,E,15.85908129988387,0.1,0.26813873706457897,0.669691548627956,-0.535702601224548,1.0
1452,SNIa-BL/sn2006cj.p0009.dat,E,15.860788685107362,0.1,2.1396184338676685,0.16960655563728844,0.7809586362719996,0.9795903225806449
1453,SNIb/sn2005hg.p0026.dat,E,15.88733434642988,0.09000000000000001,0.10484978190041304,0.42799333640712617,-2.0,1.0
1454,SNIc/sn2004dn.p0031.dat,E,15.907909859503892,0.1,0.1264565094502167,0.21316957346848986,-2.0,1.0
1455,SNIIn/sn2000eo.p0017.dat,E,15.921064207846936,0.1,0.36788258732332874,0.15280101240592342,-0.9961820443484191,1.0
1456,SNIc-bl/sn2003jd.m0002.dat,E,15.923237916681032,0.13,2.587335233261061,0.0,0.7328278801706901,1.0
1457,SNIIb/sn2006el.p0010.dat,E,15.92994112116068,0.09000000000000001,0.3498804710923586,0.2204089560116714,-0.9805097180581314,1.0
1458,SNIb/sn2004gq.m0003.dat,E,15.937048258061491,0.12000000000000001,1.7847368136754354,0.05747445352708427,0.4697483213593835,1.0
1459,SNIa-CN/sn2005hc.p0006.dat,E,15.95042118415769,0.1,1.892069351032123,0.3245543231342121,0.8329955509725828,1.0
1460,SNIa-CL/sn2006mo.p0005.dat,E,15.961364966134669,0.1,1.3019288890397367,0.16481648435137036,0.29676881429884583,1.0
1461,SNIb/sn2005bf.m0007.dat,E,15.963863550081527,0.1,1.8308465936816114,0.19425917709927112,0.6190520322855073,1.0
1462,SNIa-CN/sn1995E.p0006.dat,E,15.964098792086906,0.1,0.32018534017268263,0.4374351540371506,-0.8272345998742665,0.9910387096774194
1463,SNIa-CN/sn2006le.p0006.dat,E,15.984377745690384,0.11000000000000001,0.8771500495685922,0.35890213385669084,0.13211500119296832,1.0
1464,SNIb/sn2006ep.m0008.dat,E,15.987003677501873,0.1,1.6849498701293109,0.0,0.3563757336862669,1.0
1465,SNIa-BL/sn1994T.p0002.dat,E,15.989696004225411,0.11000000000000001,0.5180182329210893,0.4900767123045061,-0.18566694480472035,1.0
1466,SNIa-CN/sn2006et.p0006.dat,E,15.996306296032675,0.11000000000000001,0.7815656733401186,0.44611165954530835,0.13783456397728597,1.0
1467,SNII/sn1999em.p0037.dat,E,15.99800083213062,0.08,0.17216867144808146,0.46699513383518204,-1.2370914229223056,0.9937163430725102
1468,SNIa-CN/sn2002fk.p0097.dat,E,16.005147752922277,0.1,0.386510533925707,0.7088539292846006,-0.05457632441590466,1.0
1469,SNIIb/sn1996cb.p0175.dat,E,16.010873482785904,0.12000000000000001,0.2396727220824801,0.6586941193042349,-0.6531788033995535,1.0
1470,SNIa-BL/sn2007co.p0005.dat,E,16.014039116855955,0.11000000000000001,1.1397019402738149,0.4114894752935799,0.4599820924873417,1.0
1471,SNII/sn2005cs.p0035.dat,E,16.01435601270166,0.08,0.1608564650072762,0.4373592141712835,-1.3621882941688397,1.0
1472,SNIa-CN/sn2005cf.m0011.dat,E,16.019810249429344,0.13,1.7127280195039554,0.27921336879183967,0.7850144046806011,1.0
1473,SNII/sn2005cs.p0043.dat,E,16.038368103022346,0.08,0.10070716279024501,0.5040210363021351,-1.6325026095729736,1.0
1474,SNIc-bl/sn2006aj.p0198.dat,E,16.043700769189932,0.13,0.4790133925626079,0.028549776688351056,-0.6707363348354367,1.0
1475,SNIb/sn2005bf.m0006.dat,E,16.047723418287173,0.1,1.779512791624627,0.21896248994467374,0.6046269139230158,1.0
1476,SNIa-CL/sn2007hj.p0003.dat,E,16.055133663825703,0.1,0.8240468530625368,0.41163297226429313,0.13993210160972452,1.0
1477,SNIa-BL/sn2007kk.p0005.dat,E,16.055792786702387,0.11000000000000001,1.1370530196462438,0.4293732949281302,0.45999837663405274,1.0
1478,SNIb/sn2004gq.p0070.dat,E,16.081901004180775,0.11000000000000001,0.1139418776641239,0.3041318008793954,-2.0,1.0
1479,SNIb/sn2005bf.m0005.dat,E,16.08333176048843,0.1,1.2590013460707288,0.22326196065866713,0.25128864531701467,1.0
1480,SNIIb/sn2000H.p0056.dat,E,16.10084764351798,0.1,0.21594354435146143,0.3555155650094891,-1.3012852992957002,1.0
1481,SNIa-CN/sn2002ck.p0004.dat,E,16.112063665385435,0.1,1.7888115178125852,0.33852439325351713,0.7987960161466695,1.0
1482,SNIa-CN/sn2003it.p0007.dat,E,16.114070425855225,0.1,1.5433312521369105,0.3398118790981192,0.6482728154137403,1.0
1483,SNIIb/sn2008ax.m0008.dat,E,16.121981730812365,0.1,0.7378242626171346,0.25119809588958614,-0.21275439993472342,1.0
1484,SNIc/sn2004gt.p0048.dat,E,16.12500695570393,0.1,1.3143917639264806,0.0578186898158183,0.10960971513154326,1.0
1485,SNIa-SS/sn2001V.m0011.dat,E,16.12674779820039,0.13,3.0,0.16817022457045475,1.2384663503302555,1.0
1486,SNIIn/sn2004ay.p0420.dat,E,16.137438247185546,0.11000000000000001,0.10316953376141269,0.5188716231009803,-1.764799836052648,1.0
1487,SNIa-BL/sn2007af.p0005.dat,E,16.14273390441793,0.1,1.2986788876771382,0.4417365120930916,0.6347498043397736,1.0
1488,SNIa-CL/sn1998bp.p0001.dat,E,16.14838373101826,0.1,1.0273816123211794,0.3730349592659637,0.28908773735623344,1.0
1489,SNIa-BL/sn2006cj.p0008.dat,E,16.14922100197484,0.11000000000000001,1.7431696423326506,0.581694839443294,1.0213023869691478,0.9999326392961875
1490,SNIa-BL/sn1997bp.p0001.dat,E,16.155366601222692,0.12000000000000001,0.7856318590832249,0.47460517532833774,0.20018764218756563,1.0
1491,SNIa-CN/sn1994D.p0083.dat,E,16.165526805614178,0.1,0.18454107449583865,0.7299265176101845,-0.12934091755643115,1.0
1492,SNIa-CN/sn2001fe.p0006.dat,E,16.16716423522768,0.11000000000000001,2.3996448355263937,0.3542632334447637,1.1296645173038542,1.0
1493,SNIa-CN/sn2006al.p0005.dat,E,16.18029689862589,0.1,1.8068163527244234,0.30943776386954713,0.7471006562331801,0.9814709677419354
1494,SNII/sn2005cs.p0033.dat,E,16.184771222873398,0.1,0.11572537703517612,0.4792056662114245,-1.4529603924576209,1.0
1495,SNIb/sn2005hg.p0012.dat,E,16.186888793247114,0.09000000000000001,0.09028501221711184,0.4869137224973103,-2.0,1.0
1496,SNIIn/sn2007pk.p0021.dat,E,16.188263189647706,0.1,2.12666983568911,0.0,0.6944116507323941,1.0
1497,SNIa-BL/sn2006X.p0060.dat,E,16.198247182703387,0.09000000000000001,0.07387761645846562,0.4886294480499838,-2.0,1.0
1498,SNIc/sn1994I.p0055.dat,E,16.19919238328999,0.11000000000000001,0.3983726852274248,0.3497279633385166,-0.5551662707281789,1.0
1499,SNIa-BL/sn2003W.p0001.dat,E,16.199936781309514,0.12000000000000001,1.1643250002300058,0.2859401940663001,0.3894812326003575,1.0
1500,Gap/snLSQ13zm.p0042.dat,E,16.202725694617637,0.09000000000000001,0.4517028941129177,0.24340855581468035,-0.6098663914668758,1.0
1501,SNIIb/sn2008ax.p0008.dat,E,16.205574706874998,0.09000000000000001,0.09974496624078276,0.3952886443804651,-2.0,1.0
1502,SNIIn/sn2000bg.m0005.dat,E,16.207376571528442,0.09000000000000001,0.5512098108783279,0.0,-0.7306098672617357,1.0
1503,SNIa-CN/sn2000dg.p0003.dat,E,16.21417198365148,0.1,2.1747992494743467,0.14143939700696545,0.8033137657383391,1.0
1504,SNIa-SS/sn1999gp.p0007.dat,E,16.216151081713683,0.11000000000000001,1.5235451963574789,0.22298248995832792,0.5337298708977471,1.0
1505,SNIa-CSM/sn2002ic.p0016.dat,E,16.220387757212023,0.1,3.0,0.020480199807473703,1.0677798564851742,1.0
1506,SNII/sn2004et.p0047.dat,E,16.23639098610394,0.08,0.10994002611251352,0.2403488296308468,-2.0,1.0
1507,SNIa-CN/sn2002er.p0004.dat,E,16.237874117527838,0.11000000000000001,0.6328620850473637,0.43790828821897976,-0.10390681631691594,1.0
1508,SNIc-bl/sn2003jd.m0003.dat,E,16.261095409393224,0.13,3.0,0.0,0.8663474841605424,1.0
1509,SNIa-BL/sn2003ch.p0007.dat,E,16.26830897533655,0.1,1.8112987416539799,0.4171101797983957,0.9244736948552762,1.0
1510,SNII/sn2002gd.p0008.dat,E,16.269663126040687,0.09000000000000001,2.453573451543824,0.0,0.7996615594920364,1.0
1511,SNIb-pec/sn2009er.m0002.dat,E,16.275765196651104,0.13,2.5661521797210067,0.0,0.7205872401095692,1.0
1512,SNIc-bl/sn1997ef.m0014.dat,E,16.281881139726547,0.13,1.4153631265321225,0.23565260375351094,0.5624481709789992,1.0
1513,SNIIn/sn1998S.p0071.dat,E,16.283676776902325,0.09000000000000001,0.08918866202793405,0.4430303168798547,-2.0,1.0
1514,SNII/sn1999gi.p0089.dat,E,16.285720828950225,0.08,0.09165947654218956,0.4962054704725711,-2.0,1.0
1515,SNIb/sn2008D.m0014.dat,E,16.29036217496476,0.13,0.38213752692748126,0.0,-1.0427263354795795,1.0
1516,SNIa-SS/sn2005eu.p0008.dat,E,16.29501034651924,0.1,3.0,0.0905760113188799,1.0658927910452416,1.0
1517,SNIa-SS/sn2001V.m0013.dat,E,16.30163212593392,0.13,2.8629233301794086,0.03483389636928445,1.071248278334118,1.0
1518,SNIa-BL/sn2006X.p0001.dat,E,16.302606298614688,0.12000000000000001,0.10982929375852493,0.31672857978695007,-2.0,1.0
1519,SNIa-SS/sn2008A.m0001.dat,E,16.30701051790406,0.1,2.986174968472535,0.0,1.0180255206291684,1.0
1520,SNIa-CN/sn2008bf.p0008.dat,E,16.308451555039657,0.11000000000000001,2.500748807389692,0.3673336907958024,1.1705678062373195,1.0
1521,SNIa-CN/sn2004L.p0032.dat,E,16.30924973373377,0.09000000000000001,0.79927153541015,0.0,-0.36047767341427295,1.0
1522,SNIa-SS/sn2001V.m0010.dat,E,16.310183581800924,0.13,3.0,0.2158492725009542,1.3042241056244552,1.0
1523,SNIa-CN/sn2003ic.p0004.dat,E,16.317170038383882,0.11000000000000001,1.5223032884022456,0.0,0.30444304064644595,1.0
1524,SNIc-bl/sn1997ef.p0104.dat,E,16.32159184680924,0.11000000000000001,0.07564026637233068,0.5845597941589588,-2.0,1.0
1525,SNIb/sn2009iz.p0012.dat,E,16.335365925934227,0.09000000000000001,0.1416027517151831,0.5500531533223193,-1.434453530319757,1.0
1526,SNII/sn1999em.p0047.dat,E,16.335378357592628,0.08,0.11459231966701632,0.3995400354626316,-2.0,1.0
1527,SNIa-BL/sn2006bq.p0005.dat,E,16.335608857588,0.12000000000000001,0.5635875878095276,0.5489541244158143,-0.055300811371444575,1.0
1528,SNIa-CN/sn2002fk.p0103.dat,E,16.337019039128958,0.1,0.46229482883106154,0.7223727357709662,0.214349354843177,1.0
1529,SNIc-bl/sn2007ru.m0003.dat,E,16.346320952164056,0.13,1.3402620530598046,0.0,0.15969928469962497,1.0
1530,SNIa-BL/sn2001bg.p0004.dat,E,16.349650416066503,0.11000000000000001,0.9513439577102718,0.4880663274845222,0.3953614991234369,1.0
1531,SNIc/sn2005az.p0086.dat,E,16.359092020092373,0.1,0.060043432723568824,0.608003607100386,-2.0,1.0
1532,SNIIb/sn1996cb.p0004.dat,E,16.359268109905276,0.09000000000000001,0.1573814843514973,0.42008778226411564,-1.5962860894425055,1.0
1533,SLSN-I/sn2007bi.p0472.dat,E,16.374814541455763,0.12000000000000001,0.45477270353708443,0.4127864662450884,-0.37399084857807274,1.0
1534,SNIIb/sn1996cb.p0127.dat,E,16.37591818893149,0.12000000000000001,0.6381162674033855,0.49063289559610074,-0.13994831499482743,1.0
1535,SNII/sn1999gi.p0031.dat,E,16.380450294509618,0.09000000000000001,0.16553846094447378,0.46144173418791345,-1.4542153810806862,1.0
1536,SNIb/sn2004gq.m0010.dat,E,16.383654027780153,0.13,1.9142218560741873,0.0,0.5138903416097899,1.0
1537,SNIc/sn2004dn.p0054.dat,E,16.386660522243044,0.1,0.10110161028388691,0.4655379606261421,-1.954588050072123,1.0
1538,SNIIb/sn2008ax.m0007.dat,E,16.38788608068609,0.1,0.6952696006409425,0.2625871559717578,-0.20789030709975242,1.0
1539,SNIa-CN/sn2006cf.p0007.dat,E,16.394691321656747,0.1,2.5354688135124093,0.3145557811375443,1.1284442380250952,1.0
1540,SNIc-bl/sn1998bw.m0002.dat,E,16.411066608926934,0.13,2.049914371269611,0.0,0.8256240140479809,1.0
1541,SNIa-BL/sn2001bf.p0005.dat,E,16.44438969442714,0.1,2.8364947247193117,0.2806467154753135,1.2398813682058831,1.0
1542,SNIIb/sn1996cb.p0114.dat,E,16.46857405326892,0.11000000000000001,0.7423815787221182,0.4761132352707773,-0.039677722679322236,1.0
1543,SNIa-CL/sn2004gs.p0002.dat,E,16.476336841984807,0.11000000000000001,0.9820428533776074,0.5062006336222592,0.4117088511255393,1.0
1544,SNIIb/sn1998fa.m0006.dat,E,16.476506397060053,0.1,0.9328664065707775,0.22968576687584663,-0.05982990931103726,1.0
1545,SLSN-I/snLSQ12dlf.p0006.dat,E,16.47895644499964,0.11000000000000001,3.0,0.25484921008835143,0.8976376835214408,1.0
1546,SNIa-BL/sn2002hd.p0001.dat,E,16.48350877296925,0.11000000000000001,2.1387779981387465,0.41357709750011973,1.0920841849041683,1.0
1547,SNIb/sn2005bf.p0005.dat,E,16.483957906163738,0.09000000000000001,1.188137527294898,0.22617006018307623,0.17370426693061855,1.0
1548,SNIa-BL/sn2002bo.m0012.dat,E,16.48963293695303,0.13,0.5379048590351152,0.3540383493319554,-0.3566169370477978,1.0
1549,SNIa-SS/sn2003hu.p0010.dat,E,16.499826460355777,0.1,1.3467077344333602,0.0,0.18004264474812112,1.0
1550,SNIc/sn2004ge.p0006.dat,E,16.503654261088343,0.09000000000000001,0.24242716719417162,0.0,-1.548923923354917,1.0
1551,SNIa-CN/sn2008ar.p0005.dat,E,16.504068380804483,0.1,1.9743310148409414,0.47017737273102816,1.0829710236107917,1.0
1552,SNIc/sn2004dn.p0034.dat,E,16.50472460788857,0.1,0.20832897691800611,0.2260790575369931,-1.4996630941950027,1.0
1553,SNIc-bl/sn2006aj.m0001.dat,E,16.510364456297403,0.13,1.6113553335741349,0.0,0.3110661051737753,1.0
1554,SNIa-BL/sn2006X.p0073.dat,E,16.521783528083574,0.09000000000000001,0.07498248489645727,0.5112822631675745,-2.0,1.0
1555,SNIa-BL/sn1994M.p0006.dat,E,16.533015662444768,0.11000000000000001,1.4654233851053853,0.43604852602893074,0.7747598603631732,1.0
1556,SNIIb/sn2008bo.p0016.dat,E,16.538441244941815,0.09000000000000001,0.12438160333248204,0.4927412968386863,-1.7113143254016927,1.0
1557,SNIa-SS/sn2003fa.p0009.dat,E,16.54241028835489,0.1,2.4228649534594324,0.3782349429396883,1.140536809698014,1.0
1558,SNIa-BL/sn2004as.p0003.dat,E,16.552318348188017,0.11000000000000001,1.019148551434204,0.4670673326025027,0.4273347810804552,1.0
1559,SNIb/sn2005bf.p0007.dat,E,16.559690946708294,0.09000000000000001,0.6452439001847429,0.2768799434184718,-0.32738700307158114,1.0
1560,SNIIb/sn2008ax.p0113.dat,E,16.561317757731544,0.1,0.06481297605822223,0.58959900752726,-2.0,1.0
1561,SNIa-CL/sn2000dk.p0088.dat,E,16.568256316118568,0.1,0.41491011305214415,0.3771792396884642,-0.6007146027042018,1.0
1562,SNIb/sn2004gq.m0008.dat,E,16.57238836100121,0.12000000000000001,1.9989660181640665,0.03440415980455438,0.5771540374712064,1.0
1563,Gap/sn2015dl.p0003.dat,E,16.579599769676484,0.07,0.17418349973050354,0.0,-2.0,1.0
1564,SNIa-SS/sn2006gz.p0007.dat,E,16.58106915231575,0.1,2.628570943178534,0.19664300579371147,1.0496748659927986,1.0
1565,SNIa-BL/sn2001ep.p0004.dat,E,16.58211273687563,0.1,1.0893443199234532,0.46940480998061374,0.49087608707494207,1.0
1566,SNII/sn1999gi.p0034.dat,E,16.587498503273288,0.09000000000000001,0.10804418943331255,0.4827878064574365,-1.9070194917977683,1.0
1567,SNIa-BL/sn1999cl.p0001.dat,E,16.599714702137625,0.11000000000000001,0.10784751627053724,0.3410472507189682,-2.0,1.0
1568,SNIa-CSM/sn1999E.p0007.dat,E,16.603935648518735,0.1,0.1340847819564415,0.3301226791710151,-1.814208249558769,1.0
1569,SNIa-CN/sn1998dx.p0006.dat,E,16.61159281603726,0.1,1.5864893223620096,0.469454394783953,0.8024597213076068,1.0
1570,SNIb/sn2004gq.m0007.dat,E,16.612078671644362,0.12000000000000001,2.146387191705826,0.04676851506287216,0.6615710890906796,1.0
1571,SNIb/sn2007C.p0060.dat,E,16.615923986799345,0.1,0.1625280646403658,0.4065365437393098,-1.5432209751259376,1.0
1572,SNIb/sn2005hg.m0013.dat,E,16.61867380060287,0.11000000000000001,1.1791315178495458,0.20771024871265137,0.21327611561467474,1.0
1573,SNIb/sn2004gq.m0006.dat,E,16.61987953580055,0.12000000000000001,1.8804663465122444,0.028847134996250506,0.5094898049027787,1.0
1574,SNIIb/sn2008ax.p0079.dat,E,16.637307181266788,0.1,0.062303141527173665,0.6038977006121404,-2.0,1.0
1575,SNII/sn2005cs.p0061.dat,E,16.642231463784363,0.08,0.07615764074929533,0.4917981232092883,-2.0,1.0
1576,SNIa-BL/sn2001en.p0004.dat,E,16.64497498534069,0.11000000000000001,1.069873164681234,0.47385591971296825,0.48828832950296686,1.0
1577,SNIb/sn2005bf.p0002.dat,E,16.645424679394953,0.1,0.8161382127964069,0.2649110012729079,0.028875644101697705,1.0
1578,SNIa-CL/sn1999by.m0003.dat,E,16.646883170124596,0.1,1.255009654721289,0.2672335953098367,0.7493321700799922,1.0
1579,SLSN-IIn/sn2006gy.p0138.dat,E,16.64701961592318,0.08,0.19594902082771368,0.0,-1.990987223212277,1.0
1580,SNII/sn2005cs.p0060.dat,E,16.653460076144555,0.08,0.07964658668331986,0.49286085432680465,-2.0,1.0
1581,SNIb/sn2007C.p0041.dat,E,16.659237955577005,0.1,0.10115672956393656,0.42324753114401903,-1.982696557269528,1.0
1582,SNIa-CN/sn2002jy.p0008.dat,E,16.664191251572316,0.1,1.981049759248185,0.42105458151110003,1.0284743909011416,1.0
1583,SNIa-CN/sn1995D.p0008.dat,E,16.67094378554094,0.1,2.777179275044393,0.4687673024282421,1.3825466086207379,1.0
1584,SNIc/sn1994I.p0068.dat,E,16.676981548473,0.12000000000000001,0.4000523501963027,0.4563033745864895,-0.34219666894665446,1.0
1585,SNIb/sn2009iz.p0011.dat,E,16.685574633160506,0.09000000000000001,0.14073605459914695,0.5647092677255953,-1.4469815593531679,1.0
1586,SNIb/sn2008D.m0015.dat,E,16.688384684254146,0.13,0.3595588136965258,0.0,-1.1184813308754495,1.0
1587,SNIb/sn2005bf.p0004.dat,E,16.692385208096944,0.09000000000000001,1.1564215475539854,0.2556624078406813,0.17411876829508993,1.0
1588,SNII/sn2006ov.p0093.dat,E,16.693907965983563,0.08,0.08403624100437188,0.4687723179363075,-2.0,1.0
1589,SNIa-CN/sn1998aq.p0006.dat,E,16.694438521598133,0.1,2.8400222269121054,0.4165676136847513,1.403711902546093,1.0
1590,SNIa-CL/sn1999by.m0004.dat,E,16.698602407482543,0.1,2.1972630882796507,0.23730930013453677,0.9614241526925873,1.0
1591,SNIa-CL/sn2007au.p0001.dat,E,16.706879073382137,0.1,1.1578541651417515,0.4406287498643807,0.502433009646106,1.0
1592,SNII/sn2009N.p0039.dat,E,16.716105247835294,0.08,0.0877813219050715,0.5096900003919025,-2.0,1.0
1593,SNIa-CL/sn2006bt.p0006.dat,E,16.71832290060412,0.1,1.3748987494337617,0.3604678033909703,0.5612006578623409,1.0
1594,SNIa-BL/sn1997bp.m0000.dat,E,16.736165448854507,0.12000000000000001,0.8364191596612515,0.4917688845882823,0.27856052356112515,1.0
1595,SNIa-SS/sn2008Z.p0008.dat,E,16.742771572949668,0.11000000000000001,1.4094051739433342,0.3221160870247718,0.5251603035737087,1.0
1596,SNIa-BL/sn2003W.m0000.dat,E,16.74426416460639,0.12000000000000001,1.159579492888768,0.2781284773357144,0.3587091784889219,1.0
1597,SNIa-SS/sn2001V.m0009.dat,E,16.747430964555612,0.13,3.0,0.24130023913408016,1.3351633064833288,1.0
1598,SNII/sn1999gi.p0085.dat,E,16.748358095833115,0.08,0.09066586959890147,0.5010649862206296,-2.0,1.0
1599,SNIa-CL/sn2002jg.p0005.dat,E,16.75058712273577,0.1,0.2583701727318796,0.40696296337440574,-1.0573196490673809,1.0
1600,SNIIb/sn1996cb.p0066.dat,E,16.752914290851624,0.09000000000000001,0.2765772853952791,0.5426837921647031,-0.896746537329915,1.0
1601,SNIa-CSM/snPTF12efc.p0008.dat,E,16.758985070942156,0.08,3.0,0.20791983768513664,0.9366106891657768,1.0
1602,SNIIb/sn2000H.p0047.dat,E,16.763039693100858,0.1,0.14287161900567003,0.4035945791348527,-1.5713099379066873,1.0
1603,SNIIb/sn2006el.p0016.dat,E,16.76778217321331,0.09000000000000001,0.8104391526341993,0.0,-0.35174962946030564,1.0
1604,SNIa-CSM/sn1999E.p0028.dat,E,16.7700808475999,0.1,0.11722108626554789,0.4790691466902323,-1.7710085534368973,1.0
1605,SNIa-BL/sn2004as.p0002.dat,E,16.773266283034385,0.11000000000000001,1.4733623998773084,0.505470601230234,0.8656482905510341,1.0
1606,SNIb/sn2004gq.p0089.dat,E,16.783409673957735,0.11000000000000001,0.42923618549285364,0.32683605241594893,-0.7031421185461323,1.0
1607,SNIa-CN/sn2008C.p0004.dat,E,16.785277851698876,0.11000000000000001,0.9164346900886918,0.2646929707347326,0.06437934688453512,1.0
1608,SNII/sn2009N.p0040.dat,E,16.78896161192995,0.08,0.08719576270432379,0.5128540542018268,-1.9963168615468638,1.0
1609,SLSN-I/snPTF12dam.p0215.dat,E,16.78979304883341,0.11000000000000001,2.3706889903505797,0.10048367348143203,0.7271386503913033,1.0
1610,SNIb/sn2005bf.m0025.dat,E,16.791091729713116,0.11000000000000001,2.433402811247513,0.2735784501849157,0.9430390431674361,1.0
1611,SNIIb/sn1996cb.p0091.dat,E,16.80106009343514,0.1,0.4842087704409416,0.5421793811630621,-0.28684893641349873,1.0
1612,SNII/sn2009N.p0038.dat,E,16.811762628607617,0.08,0.0953099084205361,0.5135358286215642,-1.8643615217673974,1.0
1613,SNIa-BL/sn2007kk.p0004.dat,E,16.812814003918803,0.11000000000000001,1.0245600864137978,0.47731875495475207,0.4111448724020843,1.0
1614,SNIa-CN/sn2005hc.p0005.dat,E,16.829415007119522,0.1,1.7689044487174665,0.3940644196426381,0.8343818264197368,1.0
1615,SNIIb/sn1996cb.p0095.dat,E,16.844431277031116,0.1,0.487233158528882,0.5134856140156784,-0.36269070734447345,1.0
1616,SNIa-BL/sn2005am.p0005.dat,E,16.844946503771663,0.11000000000000001,1.075453957602711,0.46791135283438495,0.442739629157132,1.0
1617,SLSN-II/sn2019xfs.p0029.dat,E,16.852067602384693,0.13,0.3223307855398105,0.0,-1.12203824550674,1.0
1618,SNII/sn2006bp.p0042.dat,E,16.853695052499514,0.09000000000000001,0.10588549132043866,0.41185705875367895,-2.0,0.9575449217526346
1619,SNIc/sn2004aw.m0006.dat,E,16.86145879578828,0.13,1.3896956685919681,0.0,0.18548626082668873,1.0
1620,SNIa-CL/sn1999da.m0003.dat,E,16.86292249645954,0.1,0.8819101047578689,0.41544366496139257,0.22191478799135606,1.0
1621,SNIIb/sn2008ax.p0094.dat,E,16.87752523660771,0.11000000000000001,0.0601072322188087,0.6353037628947618,-2.0,1.0
1622,SNIa-SS/sn1998es.m0011.dat,E,16.87839801914445,0.13,3.0,0.06401693468647864,1.1197619016935847,1.0
1623,SNIIb/sn2008bo.p0021.dat,E,16.887575833182805,0.09000000000000001,0.1711379972626345,0.4867154363551822,-1.4396684451886896,1.0
1624,SNIa-CN/sn2004bg.p0006.dat,E,16.89752870189812,0.1,2.446366147566537,0.436428690355475,1.2636983759669547,1.0
1625,SNIa-CN/sn1998dm.p0007.dat,E,16.899657243292665,0.1,0.8788534034486722,0.4460265906049441,0.2287138377198838,1.0
1626,SNII/sn1999gi.p0026.dat,E,16.901340256421104,0.09000000000000001,0.19011096486440365,0.47111941096170973,-1.3130252780595812,1.0
1627,SNIa-SS/sn2008ae.p0001.dat,E,16.901773162239117,0.1,2.040124522711968,0.0,0.6247674209197507,1.0
1628,SNIb/sn2005bf.max.dat,E,16.90192740019402,0.1,1.4664903893202295,0.27020702022449183,0.4333634208340515,1.0
1629,SNIb/sn2004gq.m0009.dat,E,16.90319708395411,0.12000000000000001,1.9725627482090906,0.024678122624529283,0.5581543906710638,1.0
1630,SNIa-CN/sn2006N.p0006.dat,E,16.90363237644634,0.1,1.1190436927994825,0.32574118052548046,0.31923947733308344,1.0
1631,SNIb/sn1998dt.p0007.dat,E,16.908026703962836,0.1,0.14471452398678672,0.5216178530385607,-1.3887923577542785,1.0
1632,SNIa-CN/sn2001ck.p0006.dat,E,16.908170429977723,0.1,1.417318185906071,0.4336247570072666,0.9325420690037614,1.0
1633,SLSN-I/snPTF12dam.p0165.dat,E,16.915086936240673,0.11000000000000001,1.6619256521776853,0.1646394734332109,0.4144698367276129,1.0
1634,SNIa-SS/sn2001V.m0007.dat,E,16.91773351573699,0.13,3.0,0.25425635465384044,1.3401774886153945,1.0
1635,SLSN-II/sn2019uba.p0062.dat,E,16.933810374367685,0.1,1.676636542408533,0.0,0.49164459066890515,1.0
1636,SLSN-IIn/sn2006gy.p0107.dat,E,16.938187758331615,0.08,0.17657777455642146,0.0,-2.0,1.0
1637,SNIc/sn2004gt.p0016.dat,E,16.940034873757075,0.09000000000000001,0.4835221412212937,0.08346188569574409,-0.8225196929922695,1.0
1638,SNIIb/sn1996cb.m0001.dat,E,16.941245431091883,0.1,0.3089110369277792,0.40396153659093487,-0.8956466361650424,1.0
1639,SNIIn/sn1997cy.p0084.dat,E,16.94208994441515,0.1,0.18290640986608253,0.6732986212142059,-0.8222431027115595,1.0
1640,SNIb/sn2009iz.p0013.dat,E,16.950263997177807,0.09000000000000001,0.09166720078703076,0.5978365682429007,-1.8681045823503784,1.0
1641,SNIa-CL/sn2007bc.p0004.dat,E,16.955819071957883,0.1,1.2993275796844064,0.4588957032576603,0.629474919262823,1.0
1642,SNIa-SS/sn1998ab.m0008.dat,E,16.961877789152208,0.13,3.0,0.2442873311935791,1.309250604262897,1.0
1643,SNIb/sn2005bf.m0004.dat,E,16.965902248111142,0.1,1.3264126100663887,0.32676304926216787,0.404830143146758,1.0
1644,SNIa-BL/sn2002cs.p0003.dat,E,16.969882158080836,0.11000000000000001,1.2656279492978764,0.39044441949396647,0.5217871652715158,1.0
1645,SNIa-BL/sn2007co.p0004.dat,E,16.97064036301647,0.11000000000000001,1.2489054105543314,0.45320358299535657,0.6021066979291166,1.0
1646,SNIIb/sn1996cb.p0005.dat,E,16.976653269585206,0.09000000000000001,0.11370897732789119,0.4776880753104461,-1.877504915451094,1.0
1647,SNIb/sn2005bf.m0003.dat,E,16.983271583372307,0.1,0.9143360013862051,0.302541338861061,0.0070426269385561084,1.0
1648,SNIa-SS/sn1998es.m0007.dat,E,16.99090889891569,0.13,2.843849117853005,0.17552878121162022,1.1372170656934724,1.0
1649,SNIc/sn2004gt.p0018.dat,E,16.990987682303956,0.09000000000000001,0.30328467705788636,0.18907668419578424,-1.1953623677400376,1.0
1650,SNIc/sn1990B.p0100.dat,E,16.99835930047899,0.11000000000000001,0.3169373276200324,0.0,-1.4372970014795603,0.9868577256379302
1651,SNIa-CN/sn2000fa.p0099.dat,E,16.99981405933768,0.1,0.15756598677177958,0.8280399261531548,-0.1272330302455665,1.0
1652,SNIb/sn2005bf.m0002.dat,E,17.000936090143675,0.1,1.0612590351829951,0.2622308395605984,0.3800876574619748,1.0
1653,SNII/sn1999em.p0034.dat,E,17.005557775362742,0.09000000000000001,0.10027831695493797,0.5015470851306983,-2.0,0.9984825891281872
1654,SNIb/sn2005bf.m0029.dat,E,17.01042076900663,0.11000000000000001,1.7334264338298928,0.37620965794973277,0.7286356838045994,1.0
1655,SLSN-IIn/sn2006gy.p0088.dat,E,17.024161944801445,0.08,0.20091246755905667,0.0,-2.0,1.0
1656,SNIIb/sn1996cb.p0055.dat,E,17.02650113113163,0.09000000000000001,0.19839406947396795,0.584862635063148,-1.1685767277235786,1.0
1657,SNIa-CL/sn2006bz.m0000.dat,E,17.03034078125926,0.1,0.6964073588234906,0.3997310126179025,0.02347782771490829,1.0
1658,SNIa-BL/sn2001da.p0003.dat,E,17.032716578090806,0.11000000000000001,0.8173448633849519,0.4713948650089224,0.21946367205616252,1.0
1659,SNIa-CL/sn2006bt.p0005.dat,E,17.033448235077906,0.1,1.6752864620192365,0.3921758258059091,0.8190597525523635,1.0
1660,SNIa-CL/sn2006bz.p0001.dat,E,17.034557104192814,0.1,0.5020182202241932,0.40863244809117044,-0.32060716245598647,1.0
1661,SLSN-II/sn2019cqc.p0032.dat,E,17.034890178325952,0.09000000000000001,1.2292740009940286,0.0,0.11541482337465181,1.0
1662,SNIa-BL/sn2006X.p0063.dat,E,17.03831768133842,0.1,0.07421816968264719,0.48676755536310057,-2.0,1.0
1663,SNIa-BL/sn1994M.p0005.dat,E,17.03950091212742,0.11000000000000001,0.941895475258257,0.4839093505054937,0.39704297946087597,1.0
1664,SNIa-SS/sn1999dq.m0010.dat,E,17.04137738506282,0.13,1.931163745854845,0.0,0.6002829458478103,1.0
1665,SNIa-BL/sn1994T.m0000.dat,E,17.043056599847276,0.11000000000000001,0.7232623793608286,0.5387706345313947,0.21709388758942852,1.0
1666,SNII/sn2002gd.p0083.dat,E,17.046282556740678,0.08,0.10262273891488431,0.33147793562187317,-2.0,1.0
1667,SNIa-CN/sn2001G.p0091.dat,E,17.047784426680867,0.1,0.545299975573314,0.09617218773694547,-0.6051273244744803,1.0
1668,SNIa-CL/sn2002eu.p0005.dat,E,17.053551556971797,0.1,0.9504786790483007,0.4009599419099306,0.2340353804703704,1.0
1669,SNIc-bl/sn2006aj.m0002.dat,E,17.060204531898208,0.13,1.6793279779475017,0.0,0.330271843218112,1.0
1670,SNIa-BL/sn2002ha.p0006.dat,E,17.06036488867555,0.1,1.5702832454012337,0.44197345432332524,0.8226539614964101,1.0
1671,SNIb/sn2006ep.p0012.dat,E,17.061788184702554,0.09000000000000001,0.10903047827167542,0.26376703437493515,-2.0,1.0
1672,SNIb/sn2007kj.p0092.dat,E,17.062338247057127,0.12000000000000001,0.23449927408178442,0.6078247505629228,-0.7221732015001456,1.0
1673,SNIIb/sn2000H.p0030.dat,E,17.06276711825602,0.1,0.07555491532294184,0.6412073099820312,-1.835293518643252,1.0
1674,SNIa-CN/sn2003kf.p0101.dat,E,17.06372429651288,0.1,0.13410560264655164,0.7621103956180415,-0.9440611226067122,1.0
1675,SNIa-BL/sn2006ev.p0006.dat,E,17.068024124159486,0.11000000000000001,0.8846439172788599,0.5044364808855648,0.3240109662617035,1.0
1676,SNIa-SS/sn2001V.m0006.dat,E,17.07626419917094,0.13,3.0,0.30533198647003146,1.3904374766261491,1.0
1677,SNII/sn1999br.p0039.dat,E,17.087104592940506,0.08,0.09839072118818272,0.47644743914315396,-1.7428778441388508,1.0
1678,SNIb/sn2005bf.p0001.dat,E,17.089131685151337,0.09000000000000001,1.3373005704738914,0.28520881973059414,0.35740349438140395,1.0
1679,SNIa-BL/sn1999cl.m0001.dat,E,17.090494063143318,0.11000000000000001,0.09830475534312798,0.44177106908826386,-2.0,1.0
1680,SNIc/sn2004gt.p0167.dat,E,17.093688977353096,0.13,3.0,0.20988712096028625,1.0674419408147215,1.0
1681,Gap/sn2007sv.p0010.dat,E,17.10728358998342,0.07,0.5589414806323353,0.0,-0.7629567097349774,1.0
1682,SNIa-SS/sn1999dq.p0005.dat,E,17.12290172826421,0.1,1.3619557225858023,0.32858851324282917,0.5147344101331015,1.0
1683,SNIa-SS/sn1998es.m0008.dat,E,17.130277543373346,0.13,3.0,0.19363344026931373,1.2006976092440622,1.0
1684,SNIIb/sn2008ax.p0080.dat,E,17.137948113354355,0.1,0.07515977373961556,0.5779566004033779,-2.0,1.0
1685,SNIa-BL/sn2002bo.m0002.dat,E,17.139051706506756,0.12000000000000001,0.7120361815060454,0.4912581040466539,0.1323668642437389,1.0
1686,SNIa-SS/sn1999dq.m0009.dat,E,17.14063058645872,0.13,1.7333453682997972,0.0,0.6594695150126079,1.0
1687,SNIa-BL/sn2007af.p0004.dat,E,17.14365280520687,0.1,1.1929519108575155,0.4998232479745612,0.6162980326190592,1.0
1688,SNIIn/sn1997cy.p0132.dat,E,17.14888925987887,0.1,0.14376187197813195,0.7214402797666379,-1.0416976921312853,1.0
1689,SNIa-CN/sn2003it.p0006.dat,E,17.149353637241614,0.1,1.366237972867576,0.4241631505166144,0.6302801742409507,1.0
1690,SNIc/sn2004gt.p0100.dat,E,17.149377312413783,0.12000000000000001,2.2476746533965954,0.16866513533912703,0.7401055792240058,1.0
1691,SNIa-CL/sn2007hj.p0002.dat,E,17.155346851583385,0.1,0.778454944816505,0.5149861488437573,0.21112332962667288,1.0
1692,SNIa-BL/sn2001ay.m0002.dat,E,17.15590537177867,0.12000000000000001,2.291604086432036,0.4005037207061726,1.116884268211869,1.0
1693,SNIb-pec/sn2007uy.m0011.dat,E,17.158613167005697,0.13,1.2433795326232129,0.13305429804697794,0.18850343196843863,1.0
1694,SNII/sn2002gd.p0018.dat,E,17.165742330453096,0.09000000000000001,0.4795891425166591,0.3783107367873517,-0.4374003941046981,1.0
1695,SLSN-II/sn2013hx.m0001.dat,E,17.168098577340615,0.1,3.0,0.21088606132548748,1.0593119862290505,1.0
1696,SNIa-SS/sn2003hu.p0008.dat,E,17.16955988544812,0.12000000000000001,1.4769773177088728,0.1673428708225335,0.40717581190892715,1.0
1697,SNIIn/sn2000bg.p0027.dat,E,17.17059158006453,0.08,0.49221067632361815,0.0,-0.8765810336436546,1.0
1698,SNIIb/sn2008ax.p0009.dat,E,17.172891127888292,0.09000000000000001,0.09921779590641817,0.4052478082813999,-2.0,1.0
1699,SNIa-SS/sn1998es.m0010.dat,E,17.173930248464913,0.13,3.0,0.17749025122717227,1.2347858230016064,1.0
1700,SNIa-CN/sn2004L.p0003.dat,E,17.178207567298195,0.1,1.0792619322960357,0.1917170232961881,0.13760510167842302,1.0
1701,SNIa-CN/sn1996C.p0005.dat,E,17.18355058031071,0.1,0.8651633088689002,0.4284380624747411,0.18007891839552623,1.0
1702,SNIa-CN/sn2006al.p0004.dat,E,17.18492164659898,0.1,1.3495338036407896,0.44893849722751794,0.6057733892488497,0.9826806451612903
1703,SNIa-CL/sn2006bz.m0001.dat,E,17.18494928688439,0.11000000000000001,0.5624034479853683,0.4599431661697451,-0.14214968367291125,1.0
1704,SNIb/sn2005bf.m0027.dat,E,17.187879815757217,0.11000000000000001,1.9533361403686245,0.3879792473190757,0.8394107476470712,1.0
1705,SNIa-CSM/sn1999E.p0024.dat,E,17.198527934112,0.1,0.17279958327182018,0.5035381016371802,-1.3496448712604348,1.0
1706,SNIIb/sn2008bo.p0093.dat,E,17.200845163754693,0.1,0.08086021191097545,0.6278451865476095,-1.8254725662966087,1.0
1707,SNIa-CN/sn2002jy.p0007.dat,E,17.207116437726825,0.1,1.4526602557084767,0.4526346572929399,0.7486047260574,1.0
1708,SNII/sn2002gd.p0110.dat,E,17.208535743003498,0.09000000000000001,0.18001610766061135,0.49686265335786683,-1.2960093190062105,1.0
1709,SNIIb/sn2000H.p0016.dat,E,17.220735726978532,0.09000000000000001,0.11199998508082279,0.3814134827090594,-2.0,1.0
1710,SNIa-CN/sn1994S.m0003.dat,E,17.22417548125873,0.07,3.0,0.5552953073558905,1.730677272232232,1.0
1711,SNII/sn2004et.p0042.dat,E,17.22642294577628,0.08,0.10920984977973426,0.275223726666096,-2.0,1.0
1712,SNIa-CN/sn2006az.p0002.dat,E,17.22763529292526,0.1,2.474206065409255,0.9311027029586227,2.0,1.0
1713,SNII/sn2004et.p0016.dat,E,17.23061653510737,0.09000000000000001,0.42197337802678775,0.29416854893059513,-0.7356749994994305,1.0
1714,SNIa-CSM/sn2012ca.p0096.dat,E,17.231209008811817,0.1,0.05454002236971876,0.7444612937255694,-2.0,1.0
1715,SNIa-CL/sn2007ba.p0003.dat,E,17.23235614817529,0.1,0.9271000372851933,0.43178843639862097,0.2810970877115199,1.0
1716,SNIa-CN/sn2002cr.p0005.dat,E,17.234801474580816,0.1,2.00512243454062,0.45323379650439916,1.1210873990021653,1.0
1717,Gap/snLSQ13zm.p0028.dat,E,17.23492409019333,0.09000000000000001,0.40982340224575464,0.24014037181863762,-0.7095063515686837,1.0
1718,SNIa-SS/sn2007S.p0006.dat,E,17.235120329987037,0.11000000000000001,0.6083367959817154,0.34655117148523823,-0.26544600020889875,1.0
1719,SNIa-SS/sn2000cx.m0000.dat,E,17.237456804864173,0.13,3.0,0.22149228599493004,1.2162457795775223,1.0
1720,SNIa-CN/sn2007fs.p0005.dat,E,17.243399359974234,0.1,1.4455263984136875,0.4803873172636657,0.7598101426425947,1.0
1721,SNIIn/sn2000eo.p0020.dat,E,17.247122486849893,0.09000000000000001,0.2898292320380994,0.362953989193361,-0.9361930105116762,1.0
1722,SNIa-CSM/sn2011km.p0303.dat,E,17.2549769374195,0.1,0.2634736319738733,0.3052802200394782,-1.1193662170268146,1.0
1723,SNIa-CL/sn1998bp.max.dat,E,17.25770908229967,0.1,0.9789616276568358,0.45258086674130155,0.34111159291751175,1.0
1724,SNIb/sn2005hg.p0087.dat,E,17.26803770143124,0.11000000000000001,0.14649544559792985,0.6224730411076934,-1.2652386438005372,1.0
1725,SNIa-BL/sn1997bp.m0001.dat,E,17.288188476997302,0.12000000000000001,0.6700538087189838,0.5089998884029433,0.07876799240562025,1.0
1726,SNIIb/sn1998fa.m0005.dat,E,17.29142169991823,0.1,0.5273854279977309,0.3841087523552342,-0.44690914027915507,1.0
1727,SNIa-CSM/sn2012ca.p0098.dat,E,17.29431121669061,0.1,0.05095959349948288,0.783468067561297,-2.0,1.0
1728,SNIa-BL/sn2002cd.max.dat,E,17.294367535830848,0.12000000000000001,0.11977002476634202,0.4793722021184691,-1.6989808711994945,1.0
1729,SNIa-BL/sn2001ep.p0003.dat,E,17.31347851203129,0.1,1.076966627877481,0.5109697068619231,0.5370302145758983,1.0
1730,SNIa-CN/sn2008ar.p0004.dat,E,17.313860805408197,0.1,1.1777577716791956,0.4580634552809143,0.5511781406834256,1.0
1731,SNIa-SS/sn2003fa.p0043.dat,E,17.313877773890475,0.09000000000000001,0.07961127794527768,0.8066508062164595,-1.3990070692678054,0.9944029032258064
1732,SNIb/sn2005bf.m0026.dat,E,17.314462788446363,0.11000000000000001,1.964303288985665,0.37910009504515807,0.8360299098020558,1.0
1733,SLSN-IIn/snPTF10fel.p0003.dat,E,17.31581937109037,0.11000000000000001,0.8460991631448641,0.34825973327955817,0.015166623049847965,1.0
1734,SLSN-I/sn2011ke.p0014.dat,E,17.316426591386357,0.12000000000000001,3.0,0.15093633757339855,0.961340282118222,1.0
1735,SNIa-BL/sn2008L.p0006.dat,E,17.327203646052226,0.1,1.134138753070305,0.47177589565099043,0.5101299959951646,1.0
1736,SNIIn/sn1998S.p0074.dat,E,17.327921648591833,0.09000000000000001,0.07841613650532384,0.6043838472825068,-1.957862615562965,1.0
1737,SNII/sn1999br.p0031.dat,E,17.33001110101921,0.08,0.1801889263207085,0.4797265683894241,-1.1776647927988215,1.0
1738,SNIa-SS/sn2008A.m0002.dat,E,17.33458307201776,0.1,2.9049122696083716,0.05474368082303195,1.0249243897096425,1.0
1739,SNIa-CN/sn2005cf.m0010.dat,E,17.335685307410202,0.13,1.8588366357684516,0.29604947512689705,0.8913606129596047,1.0
1740,SNIc-bl/sn1998bw.m0003.dat,E,17.340187922213307,0.13,1.063411385756587,0.1663599928045033,0.26441063380773056,1.0
1741,SNIa-CL/sn1999by.m0005.dat,E,17.34660566408602,0.11000000000000001,1.4892274487264376,0.4161604610741297,0.6958899145452707,0.9625832551319646
1742,SNIa-CL/sn2002fb.max.dat,E,17.358074640067933,0.11000000000000001,0.5582879399938144,0.4041662854696383,-0.22665913357228798,1.0
1743,SNIa-CN/sn2000E.p0118.dat,E,17.360359971734624,0.1,0.3563576879245746,0.7486976659113478,0.03365262190508375,1.0
1744,SNIa-BL/sn2003W.m0002.dat,E,17.370346306191966,0.13,1.4670986451897656,0.2682307891894823,0.5919071191708349,1.0
1745,SNIa-BL/sn2007af.p0116.dat,E,17.373575221884607,0.1,0.26000704469636626,0.7844498980770187,-0.197605964273321,1.0
1746,SNIa-SS/sn2003fa.p0008.dat,E,17.38281865142039,0.1,2.6300074369375777,0.4279491158480667,1.301224731432883,1.0
1747,SLSN-II/sn2020hgr.p0092.dat,E,17.390372482477407,0.09000000000000001,0.14618586786257307,0.4297342351216611,-1.4213181920767692,1.0
1748,SNIb-pec/sn2009er.m0003.dat,E,17.395671132042253,0.13,2.971712276117806,0.0,0.8510652861505723,1.0
1749,SNII/sn2009N.p0085.dat,E,17.399688898590473,0.08,0.09533947309967153,0.47631579166659677,-2.0,1.0
1750,SNIa-BL/sn2003ch.p0006.dat,E,17.399698829923757,0.1,0.8506659606913103,0.47255636429234327,0.6028748954799599,1.0
1751,SNIa-BL/sn1997bq.m0006.dat,E,17.40714396641999,0.12000000000000001,1.5397697668835608,0.45626461960604847,0.858372564186523,1.0
1752,SNIa-CN/sn2007fs.p0004.dat,E,17.410220150643656,0.1,0.45637973555482797,0.5299337934627055,-0.293581504038816,1.0
1753,SNIa-BL/sn1999cl.m0002.dat,E,17.41908484867647,0.11000000000000001,0.098319683455345,0.4530895838399143,-2.0,1.0
1754,SNIa-SS/sn2000cx.m0001.dat,E,17.420623806674264,0.13,2.735133601000153,0.24678623055652657,1.1698654775143844,1.0
1755,SNIIb/sn2008ax.p0046.dat,E,17.421241965084185,0.09000000000000001,0.08524206586280286,0.4910563121122071,-2.0,1.0
1756,SNII/sn2006bp.p0033.dat,E,17.422046402486476,0.09000000000000001,0.11301973466858664,0.44315773064080244,-1.8638230570433518,0.9575449217526346
1757,SNIb/sn1998dt.p0011.dat,E,17.44181340976079,0.1,0.09443666734445764,0.4832018165641416,-2.0,1.0
1758,SNIa-SS/sn1999dq.m0006.dat,E,17.44418344158717,0.13,2.1634879115483376,0.0,0.6936151890942297,1.0
1759,SNIa-CSM/sn2012ca.p0105.dat,E,17.447020036433226,0.1,0.05289251852657212,0.773832771058748,-2.0,1.0
1760,SNIa-CN/sn2000fa.m0010.dat,E,17.44788032407959,0.13,2.904293490315141,0.3214780057893746,1.3756198885696418,1.0
1761,SNII/sn2009N.p0071.dat,E,17.451564250746788,0.08,0.10146056741732377,0.433213933369819,-2.0,1.0
1762,SNIa-CL/sn2007ci.m0001.dat,E,17.456133011904896,0.1,2.4070575728638586,0.4895114956575375,1.2944844338134405,1.0
1763,Gap/snLSQ13zm.p0022.dat,E,17.474625773928857,0.1,0.49551769546384344,0.2544899890483475,-0.5324614125738962,1.0
1764,SNII/sn2009N.p0084.dat,E,17.474836501564717,0.08,0.10309458258007366,0.4636197428184073,-2.0,1.0
1765,SNIa-SS/sn1999dq.m0007.dat,E,17.477408780615935,0.13,2.0581652845428375,0.0,0.6494392194015913,1.0
1766,SNIa-SS/sn2003hu.p0012.dat,E,17.48029326717392,0.09000000000000001,1.1692161922537607,0.0,0.02798479674298754,0.9840814662756596
1767,SNIb/sn2007ag.p0009.dat,E,17.48326737333239,0.09000000000000001,0.13326905015573795,0.01567830437850746,-2.0,1.0
1768,SNIa-BL/sn2001da.p0002.dat,E,17.483452023249036,0.11000000000000001,0.8144583573543032,0.5003902351982702,0.25145675280525004,1.0
1769,SNIc-bl/sn2006aj.m0003.dat,E,17.48598694824848,0.13,2.160373079941992,0.0,0.532109111967595,1.0
1770,SNII/sn1999em.p0016.dat,E,17.50302409413132,0.1,0.3202111518396209,0.5418764925872125,-0.4730675486725561,1.0
1771,SNIa-SS/sn2001V.m0005.dat,E,17.50315647671762,0.13,3.0,0.29689644539341736,1.3770501110669544,1.0
1772,SNIa-BL/sn2003W.m0005.dat,E,17.508099756839442,0.13,1.8611035766869044,0.3000907442176478,0.8644934842251695,1.0
1773,SLSN-II/snCSS121015.p0016.dat,E,17.516888768361465,0.09000000000000001,3.0,0.4417396470646051,0.9970964806905686,1.0
1774,SNIa-BL/sn2000cf.p0004.dat,E,17.519686867966524,0.1,1.934640019136967,0.48590302703700106,1.0931631560022779,1.0
1775,SNIc-bl/sn2002ap.p0120.dat,E,17.536633697399267,0.12000000000000001,0.031109616303802472,0.8174498706339604,-2.0,1.0
1776,SNIa-CN/sn1998aq.p0005.dat,E,17.537258807724644,0.1,2.5600338125314486,0.4749546269278659,1.3826877063454464,1.0
1777,SNIc/sn2004gt.p0022.dat,E,17.53886563536201,0.09000000000000001,0.37407482610091813,0.2298330731521922,-1.0145315460965183,1.0
1778,SNIa-BL/sn2006br.p0003.dat,E,17.544390026776878,0.11000000000000001,0.10887272714020768,0.48784052080342727,-1.803056675288067,1.0
1779,SNIa-CN/sn2003ic.p0003.dat,E,17.556879526904844,0.11000000000000001,1.2705666418119945,0.0,0.11961396949206123,1.0
1780,SNIa-BL/sn2007co.p0003.dat,E,17.558795668257957,0.11000000000000001,0.7589139411774143,0.5217170953199998,0.18966351797535735,1.0
1781,SNII/sn2009N.p0061.dat,E,17.56822453027553,0.08,0.09633365611372285,0.396568810530602,-2.0,1.0
1782,SNIIb/sn1998fa.p0050.dat,E,17.572421884899487,0.11000000000000001,0.17123415437638095,0.2985753435960633,-1.6778401083387808,1.0
1783,SNIa-CN/sn2001fh.p0004.dat,E,17.57666048204498,0.1,0.21853837040967017,0.25425413539438035,-1.4668105525875006,1.0
1784,SNIc-bl/sn2006aj.p0263.dat,E,17.582336379759134,0.12000000000000001,1.1046172221005441,0.0,-0.00024217603553012665,1.0
1785,SNII/sn2013am.p0016.dat,E,17.58259114613358,0.09000000000000001,0.11352953732344834,0.40623543761248904,-2.0,1.0
1786,SNIIb/sn1996cb.p0006.dat,E,17.586607516101914,0.09000000000000001,0.09682370656191681,0.5055106339907715,-2.0,1.0
1787,SNIIb/sn2008ax.p0038.dat,E,17.600739795725083,0.09000000000000001,0.09542277092203699,0.4582384292482187,-2.0,1.0
1788,SNIa-CN/sn2006N.p0005.dat,E,17.60386773015392,0.1,0.9357133761176576,0.34894330257993583,0.16410813876271388,1.0
1789,SNIa-CN/sn2006le.m0012.dat,E,17.607684483161155,0.13,1.2716754682700804,0.25324255072687946,0.40129396978534987,1.0
1790,SNIIn/sn2008fq.p0014.dat,E,17.609039066463623,0.1,0.32322811268399776,0.0,-1.2550147497337638,1.0
1791,SLSN-IIn/snPTF10tpz.p0060.dat,E,17.617809128997614,0.1,0.19907771938821475,0.4652677973629027,-1.208463462017472,1.0
1792,SNII/sn2012aw.p0017.dat,E,17.62035133961758,0.1,0.8337464137188235,0.5366238873324732,0.06952735366405657,0.9778046334010538
1793,SNIb/sn2004gq.p0084.dat,E,17.629283429101164,0.11000000000000001,0.09173643469301496,0.40896378133909544,-2.0,1.0
1794,SNIIb/sn2008ax.p0121.dat,E,17.629954378714977,0.12000000000000001,0.05248468649789439,0.7087354262885323,-2.0,1.0
1795,SNIa-BL/sn2001bf.p0001.dat,E,17.63288725687876,0.11000000000000001,2.294396648963324,0.36843162772908084,1.1192172250520618,1.0
1796,SNIa-CSM/sn1999E.p0053.dat,E,17.636432052540062,0.1,0.13988024515675876,0.5691919868261228,-1.4834944473530567,1.0
1797,SNIa-SS/sn2003fa.m0010.dat,E,17.640427323265303,0.13,3.0,0.2595105931133554,1.281634439532693,1.0
1798,SNIa-BL/sn2007kk.p0003.dat,E,17.64797493399822,0.11000000000000001,1.0534950833585492,0.5006635322617153,0.45988880138533533,1.0
1799,SNIa-SS/sn2001eh.p0006.dat,E,17.64864831800886,0.11000000000000001,1.4111769080556866,0.4509567589152813,0.686629142855464,1.0
1800,SNIa-CN/sn1998eg.p0005.dat,E,17.65079432522182,0.1,0.7581117876148868,0.4749830775123068,0.10651694704954628,1.0
1801,SNII/sn1999em.p0004.dat,E,17.65398209248547,0.1,2.560240608171693,0.31995087896981267,1.0812314382390338,1.0
1802,SNIa-CL/sn2004gs.m0000.dat,E,17.6564417640247,0.11000000000000001,0.880394885522973,0.5433924830398634,0.34154229905103256,1.0
1803,SNIa-CSM/sn2012ca.p0112.dat,E,17.67282102928057,0.1,0.05152250862716413,0.7785058803319576,-2.0,1.0
1804,SNIa-BL/sn1999cl.m0003.dat,E,17.676653212205167,0.12000000000000001,0.1008562826639129,0.43538248471169816,-2.0,1.0
1805,SNII/sn2009N.p0032.dat,E,17.67895267374274,0.09000000000000001,0.09959274509876316,0.5750695101400024,-1.6956703765722116,1.0
1806,SNII/sn2005cs.p0017.dat,E,17.68294675429281,0.1,0.32816375694772143,0.5346481458755529,-0.5052451169661177,1.0
1807,SNIa-CN/sn2000E.p0120.dat,E,17.68459534366238,0.1,0.2111849012863759,0.7653046921057196,-0.4563821869180139,1.0
1808,SNIa-CSM/sn2012ca.p0124.dat,E,17.686158571567148,0.1,0.04396595708822128,0.798351693111871,-2.0,1.0
1809,SNIb/sn2009iz.p0021.dat,E,17.6893016103292,0.09000000000000001,0.10220526372557272,0.494132406441348,-1.8936978085967264,1.0
1810,SNIIn/sn2000eo.p0028.dat,E,17.694935713921623,0.09000000000000001,0.09667521814327251,0.48995720608713395,-2.0,1.0
1811,SNIa-SS/sn2005M.m0003.dat,E,17.694988973060262,0.12000000000000001,3.0,0.27328461129036874,1.3008360501954055,1.0
1812,SNIa-CL/sn2007ci.m0002.dat,E,17.697590862867646,0.1,2.372133937494216,0.4934261174233548,1.2862125880776711,1.0
1813,SNIIn/sn2000P.p0014.dat,E,17.7049297495605,0.1,1.791236954223291,0.2582390709567976,0.5836795194225085,1.0
1814,SNIa-CN/sn1999ek.p0003.dat,E,17.706099084336024,0.1,0.14928866204621236,0.5295867785923831,-1.443685093322316,1.0
1815,SNIa-CN/sn1999ac.m0004.dat,E,17.706576541261715,0.12000000000000001,3.0,0.31594311253914953,1.4334111293544192,1.0
1816,SNIa-SS/sn1998es.m0006.dat,E,17.708463109811603,0.13,3.0,0.0982438169452305,1.0926169377944435,1.0
1817,SNIa-BL/sn1999ej.p0003.dat,E,17.7091498430264,0.1,1.1639437263664778,0.4859401202342753,0.5587634057321337,1.0
1818,SNIa-CN/sn1999ac.m0003.dat,E,17.70982031125913,0.12000000000000001,3.0,0.3109011381362611,1.4144001483955126,1.0
1819,SNIa-SS/sn1998es.m0005.dat,E,17.712097765702822,0.12000000000000001,2.871054551585616,0.18630847494055627,1.1269651583401716,1.0
1820,SNIa-CSM/sn1999E.p0036.dat,E,17.71502505333754,0.1,0.12596331260852248,0.5678929416364986,-1.5724680173694692,1.0
1821,SNII/sn2013am.p0013.dat,E,17.71898160144935,0.1,0.10846429841442252,0.44842896615344713,-1.950056080028002,1.0
1822,SNIb/sn2005bf.p0028.dat,E,17.726061311866182,0.09000000000000001,0.08548706207694645,0.54818130266997,-2.0,1.0
1823,SNIb/sn2007C.p0036.dat,E,17.731086391293573,0.1,0.10334578667256959,0.3177908095742353,-2.0,1.0
1824,SNIa-CN/sn1997dt.p0002.dat,E,17.734224359856828,0.1,0.4935489371571762,0.4116358795704435,-0.41260492420702016,1.0
1825,SNIIn/snOGLE-2013-SN-019.p0006.dat,E,17.74242918545556,0.09000000000000001,0.07493834143078079,0.6438772199033483,-1.9628630986764488,0.9530541018688924
1826,SNIa-CN/sn2008ar.p0003.dat,E,17.74422748608181,0.1,0.9882134524459811,0.5177406987917452,0.4451841853637667,1.0
1827,SNIa-CN/sn2000fa.p0004.dat,E,17.74565849617623,0.11000000000000001,0.8871840376776612,0.4398529399960174,0.243067545659101,1.0
1828,SNIa-SS/sn2002de.p0006.dat,E,17.752162653213595,0.1,0.21299512101594556,0.22985047816325155,-1.535318332344176,1.0
1829,SNIa-BL/sn2001en.p0002.dat,E,17.755645352080155,0.11000000000000001,0.8605581080496604,0.5243178258180793,0.31335899138829865,1.0
1830,SNIIb/sn1996cb.p0190.dat,E,17.75728135445788,0.12000000000000001,0.3894014426871123,0.5848457844438225,-0.36235840507553074,1.0
1831,SNIa-SS/sn2002de.p0004.dat,E,17.76118458379957,0.1,0.9444640617028168,0.3463838939002432,0.17304621413698737,1.0
1832,SNIIn/sn1998S.p0017.dat,E,17.76771020269141,0.09000000000000001,3.0,0.35206360896533107,1.2178573051117967,1.0
1833,SNIa-BL/sn2004ef.p0003.dat,E,17.773158065654478,0.11000000000000001,0.8793492439085528,0.5339293736068367,0.3495079364198046,1.0
1834,SNIa-BL/sn2000cw.p0004.dat,E,17.774259360993184,0.1,1.1457093686723947,0.5502426669231989,0.666326691574104,1.0
1835,SNIb/sn1998dt.p0012.dat,E,17.77473724566852,0.1,0.0973899314230967,0.466928869305682,-2.0,1.0
1836,SNIa-SS/sn2005eq.m0008.dat,E,17.786885671563113,0.13,3.0,0.15848842083752918,1.1415498259375954,1.0
1837,SNII/sn2013am.p0026.dat,E,17.79112890656694,0.08,0.130469109779484,0.37190751882663586,-2.0,1.0
1838,SNIIn/sn1998S.p0028.dat,E,17.794189883163565,0.09000000000000001,2.7160928290316537,0.0,0.7931642246912997,1.0
1839,SNIc/sn2004gt.p0070.dat,E,17.79615304079399,0.11000000000000001,1.1867732385686516,0.287100691869626,0.21052933554371828,1.0
1840,SNIa-BL/sn2002he.p0004.dat,E,17.797532070757605,0.11000000000000001,1.2823911103842442,0.5269597770589928,0.7271300988823668,1.0
1841,SNIa-BL/sn2004fu.p0004.dat,E,17.79769961671508,0.11000000000000001,0.37125328120153933,0.5652348051235745,-0.4699987259943811,1.0
1842,SNIa-CN/sn2007ca.p0006.dat,E,17.799696284988364,0.1,0.5289715270236861,0.4668120180614723,-0.2666822018559347,1.0
1843,SNIa-BL/sn2004as.m0000.dat,E,17.80022573445785,0.11000000000000001,1.1706923088553542,0.5248534823322756,0.6601577495687487,1.0
1844,SNII/sn2013am.p0012.dat,E,17.806181752549826,0.1,0.08753746305667323,0.5489500685485076,-1.960407797715307,1.0
1845,SNIa-CN/sn2006le.p0003.dat,E,17.807024699428172,0.1,0.8919328429082177,0.49528806334766123,0.2946868096173644,1.0
1846,SNIa-CN/sn2006le.p0004.dat,E,17.807616556008313,0.1,0.7928505259371939,0.49608909842447324,0.1788435179356248,1.0
1847,SLSN-IIn/snPTF10qaf.p0006.dat,E,17.809665119321096,0.09000000000000001,0.9796070044972293,0.18501785815266356,-0.012479133970627096,1.0
1848,SNII/sn1999em.p0002.dat,E,17.81195174581654,0.1,3.0,0.4489150111308728,1.353693682875756,1.0
1849,SNIa-CN/sn2001G.p0005.dat,E,17.815183840511693,0.1,1.9437575920117878,0.452062416648792,1.0511238438143242,1.0
1850,SNIa-BL/sn2002bo.m0003.dat,E,17.816843026115354,0.12000000000000001,0.6537300418023142,0.5181276564426032,0.08167985023276042,1.0
1851,SNIa-CN/sn2001ck.p0005.dat,E,17.81767395653591,0.1,1.5117138320442984,0.4707300813191606,0.8100328045090912,1.0
1852,SNIIb/sn2008ax.p0067.dat,E,17.824749374761353,0.1,0.10229850747637963,0.564208089960603,-1.6549701723414578,1.0
1853,SNIa-CN/sn1998eg.p0004.dat,E,17.826736678265533,0.1,0.8442147012234373,0.4953948008688813,0.22740782447695934,1.0
1854,Gap/sn2007sv.p0044.dat,E,17.83069253395879,0.07,0.26843839115542445,0.0,-1.4492868166758908,1.0
1855,SNIa-CN/sn1999ac.m0001.dat,E,17.838780061678705,0.11000000000000001,2.7120819631386754,0.3682737326858709,1.362085041974959,1.0
1856,SNII/sn2005cs.p0279.dat,E,17.84262585007406,0.1,0.06845659079142312,0.591947459970581,-2.0,1.0
1857,SNIa-BL/sn2002bo.m0004.dat,E,17.84277779872735,0.12000000000000001,0.531850035702739,0.4959035584755255,-0.17143189914815352,1.0
1858,SNIa-CN/sn2008ar.m0009.dat,E,17.84724680380922,0.13,1.9758587502339002,0.307659072391508,0.9184850186529052,1.0
1859,SNIb/sn2004dk.p0017.dat,E,17.850939354645888,0.1,0.1178389220219985,0.2657426663227627,-2.0,1.0
1860,SNIIn/snOGLE-2013-SN-019.p0000.dat,E,17.858643582877374,0.09000000000000001,0.2638877737130368,0.612514042653755,-0.8156673121837038,0.9530541018688924
1861,SNIa-CN/sn2002ck.p0002.dat,E,17.85995123161655,0.1,1.575596751584342,0.4823101949013272,0.8571807961740685,1.0
1862,SLSN-II/sn2013hx.p0000.dat,E,17.861284075343733,0.1,3.0,0.2275765884333938,1.0819092633737049,1.0
1863,SNIa-BL/sn1994M.p0004.dat,E,17.86616738894563,0.11000000000000001,1.0384836419673003,0.5195298008280999,0.5300880526154281,1.0
1864,SNIIn/sn2005kj.p0106.dat,E,17.868516837236943,0.08,0.5540876128861211,0.03955739330937873,-0.5783692254689587,1.0
1865,SNIa-CSM/sn2012ca.p0141.dat,E,17.868991250639905,0.1,0.04478456411170477,0.8195272147142056,-2.0,1.0
1866,SNIc/sn1994I.p0096.dat,E,17.869827615649005,0.12000000000000001,0.16922675603024964,0.6601064497269697,-0.8674723727190596,1.0
1867,SNIa-SS/sn1999aa.m0008.dat,E,17.876813111702802,0.13,3.0,0.32598503469163687,1.3010419161044937,1.0
1868,SNIIn/sn2005bx.p0020.dat,E,17.87872565312238,0.09000000000000001,0.940523158854281,0.11821441845335846,0.053806605443624984,1.0
1869,SNIa-SS/sn2005hk.m0001.dat,E,17.884230845888112,0.09000000000000001,3.0,0.15805368821690977,1.1834340466605837,1.0
1870,SNIa-SS/sn2003fa.p0007.dat,E,17.903299622500732,0.1,2.040697437354859,0.4815406094234692,1.0992420441284736,1.0
1871,SNIa-BL/sn2007co.p0002.dat,E,17.907093074737332,0.11000000000000001,0.7338346764115395,0.5270677788171299,0.1554976862084627,1.0
1872,Gap/sn2015dl.p0026.dat,E,17.907870085347128,0.09000000000000001,0.18124292333369504,0.0,-2.0,1.0
1873,SNII/sn2012aw.p0023.dat,E,17.91414685230173,0.09000000000000001,0.3948721571311663,0.5106621731647186,-0.4056120619135033,1.0
1874,SNIa-BL/sn2007af.p0003.dat,E,17.922193573127842,0.1,1.057040446656704,0.5522950110086045,0.566050035346947,1.0
1875,SNII/sn2013am.p0022.dat,E,17.92719587418205,0.08,0.13399868094711914,0.31534865421305613,-2.0,1.0
1876,SNIa-BL/sn2003ch.p0005.dat,E,17.933220931715663,0.1,1.467983657770547,0.5285097731355777,0.8598411615261392,1.0
1877,SNIIn/sn1998S.p0024.dat,E,17.93385976674383,0.09000000000000001,2.402155148430167,0.0,0.8936185693370662,1.0
1878,SNIIn/sn2008fq.p0002.dat,E,17.93427375082723,0.08,0.9286932874581245,0.0,-0.14312515451338303,1.0
1879,SNIc/sn2004gt.p0132.dat,E,17.936580147508174,0.12000000000000001,2.505130685439133,0.21652536791421687,0.8779069576727807,1.0
1880,SNIa-BL/sn1993ac.p0007.dat,E,17.93976291332156,0.11000000000000001,0.9963184010625158,0.577664376383346,0.7108857649123115,1.0
1881,SNII/sn1999gi.p0096.dat,E,17.941752574264488,0.08,0.07663522460323197,0.5243856354561016,-2.0,1.0
1882,SNIIb/sn2008bo.p0054.dat,E,17.951168803696106,0.1,0.18261932791281094,0.540278454830767,-1.2793989555495455,1.0
1883,SNIa-SS/sn2008Z.p0080.dat,E,17.952232859994716,0.1,0.22060570494781165,0.45030632042146496,-1.182661445059231,1.0
1884,SNIb/sn2009jf.p0085.dat,E,17.95664269680474,0.09000000000000001,0.19664776201127585,0.0,-1.7614645442663657,1.0
1885,SNIb/sn2005bf.p0025.dat,E,17.96073279333885,0.08,0.07950614807937018,0.6013523787354775,-2.0,1.0
1886,SLSN-II/sn2019uba.p0039.dat,E,17.964640538511777,0.1,2.6849957281454815,0.03058606708921496,0.7255490149923598,1.0
1887,SNII/sn2009N.p0033.dat,E,17.972343900052117,0.09000000000000001,0.09053209451098981,0.6109913303581566,-1.7689491338966796,1.0
1888,SNIa-BL/sn1997bq.m0007.dat,E,17.98039849210374,0.12000000000000001,1.9927795028935797,0.49285307099689163,1.2015802552006085,1.0
1889,SNII/sn2005cs.p0014.dat,E,17.981170887827705,0.1,0.4046301335479503,0.5481257692050381,-0.24955179962284707,1.0
1890,SLSN-II/snCSS121015.p0029.dat,E,17.98493438376964,0.09000000000000001,2.9917421688581474,0.0,0.7025259171758068,1.0
1891,SNIa-CSM/sn1999E.p0056.dat,E,17.985954991041687,0.1,0.07912288257144616,0.5407801501319139,-2.0,1.0
1892,SNIa-BL/sn2004as.m0001.dat,E,17.98666403650483,0.11000000000000001,1.1426241966356043,0.518665831307156,0.6374903818685371,1.0
1893,SNIa-CN/sn2001fe.p0003.dat,E,17.99077860418991,0.1,1.895036800245091,0.5172265190329828,1.1039814108992925,1.0
1894,SNIa-SS/sn1999aa.m0009.dat,E,17.992026613577245,0.13,3.0,0.317808010155682,1.2988174992329735,1.0
1895,SNIa-CN/sn2000cp.m0003.dat,E,17.99656515638008,0.1,0.5495638648057272,0.31364232672053627,-0.4340313598133403,1.0
1896,SLSN-I/sn2012il.p0015.dat,E,17.997351022796416,0.09000000000000001,3.0,0.10727957819783551,0.9512610314239558,1.0
1897,Gap/sn2019ahd.m0010.dat,E,17.997609489638222,0.1,0.4136350536877083,0.0,-0.9994188319965485,1.0
1898,SLSN-I/snPTF11rks.m0001.dat,E,18.000276151162947,0.13,3.0,0.18176492391760735,0.9667315080557705,1.0
1899,SNIa-BL/sn2004ef.p0002.dat,E,18.00076011570952,0.11000000000000001,0.8995158209875526,0.5267720184037749,0.35924611540394674,1.0
1900,SNIc/sn2004gt.p0043.dat,E,18.0017391245766,0.1,1.1215442420029966,0.1989834451468654,0.09170883647803259,1.0
1901,SNIa-BL/sn2007kk.p0002.dat,E,18.009148896950848,0.11000000000000001,1.065176190011679,0.5531646337759898,0.5541927511099065,1.0
1902,SNIa-CN/sn2006cf.p0005.dat,E,18.00941589876159,0.1,1.422822143111372,0.41908562302902647,0.6606124758793462,1.0
1903,SNIa-CSM/sn1999E.p0142.dat,E,18.011512505566145,0.1,0.07432966621467006,0.588486550964357,-2.0,1.0
1904,SNIIn/sn1996L.p0060.dat,E,18.01168026807219,0.09000000000000001,0.08497746496399076,0.5320218155380829,-2.0,1.0
1905,SNIa-CSM/sn2012ca.p0134.dat,E,18.01183247345586,0.1,0.04948695689464396,0.807410134721522,-1.9954206251486883,1.0
1906,SNIa-CL/sn2006gt.p0003.dat,E,18.013805326943245,0.1,0.9263827049512676,0.5277512307085109,0.38473999218714916,1.0
1907,SNIa-BL/sn2006br.max.dat,E,18.018698964384654,0.12000000000000001,0.20624403192456398,0.20913723544725205,-1.5157215577352439,1.0
1908,SNIIb/sn1998fa.p0019.dat,E,18.022495861624098,0.08,0.7135056172347685,0.0,-0.4942541160389042,1.0
1909,SNIa-CL/sn2007hj.p0001.dat,E,18.024589451296517,0.1,0.7675989640517425,0.5336512373896698,0.21976832002029198,1.0
1910,SNIa-BL/sn2003cq.p0001.dat,E,18.027152154501955,0.11000000000000001,1.4997281636637643,0.511253656615985,0.8822650758365451,1.0
1911,SNIa-SS/sn1999gp.p0005.dat,E,18.02720865128721,0.11000000000000001,1.0180808911710324,0.44594287306530184,0.3731200376817735,1.0
1912,SNIa-BL/sn2001ep.p0002.dat,E,18.032252358587336,0.1,0.9771184152334477,0.5544522331797536,0.5075112486837131,1.0
1913,SNIb/sn2008D.p0010.dat,E,18.035391256492396,0.1,0.16343672721397876,0.01122429025646754,-2.0,1.0
1914,SNIa-CN/sn1995E.p0004.dat,E,18.035429368800976,0.1,0.19662326053176138,0.5727984526766903,-1.1595473371799545,0.9901032258064515
1915,SNIIn/sn1998S.p0026.dat,E,18.036406295763687,0.08,2.9753485199264778,0.0,0.9441344336066738,1.0
1916,SNIa-BL/sn1999cl.m0004.dat,E,18.03718597980575,0.11000000000000001,0.10073259095903686,0.471239096189543,-2.0,1.0
1917,SNIb/sn2005bf.p0029.dat,E,18.037766448583344,0.09000000000000001,0.08404229484833217,0.5809816973035792,-2.0,1.0
1918,SNIa-BL/sn2006cj.m0000.dat,E,18.042580917514172,0.09000000000000001,3.0,0.7720506160935654,1.7915007995447594,0.9595484750733139
1919,SNIa-SS/sn1999aa.m0010.dat,E,18.043314366302837,0.13,3.0,0.3170247977601359,1.2937464644398506,1.0
1920,SNIa-CL/sn2002cf.m0005.dat,E,18.04748335336617,0.1,1.070400990842707,0.3864882078895701,0.3737956821646813,1.0
1921,SNIa-CN/sn2001fe.m0002.dat,E,18.050568320870383,0.07,2.253685259953658,0.5115121419844538,1.2315946693702218,1.0
1922,SNIa-BL/sn2000cf.p0003.dat,E,18.052123037753745,0.1,2.014909472690353,0.5607115733068829,1.2308341273990857,1.0
1923,SNIa-CL/sn1998bp.m0001.dat,E,18.054086456014183,0.1,0.8931794683928392,0.5079331103062209,0.3416353240103701,1.0
1924,SNIa-BL/sn2003kc.m0001.dat,E,18.054949832423624,0.11000000000000001,1.042251133584438,0.46217407619591044,0.4370952914139597,1.0
1925,SNIa-SS/sn1998es.m0004.dat,E,18.055458242798466,0.12000000000000001,2.468312430139671,0.20461993572737136,0.9858343763068762,1.0
1926,SNIIn/sn2005kj.p0124.dat,E,18.058739666420003,0.08,0.22087336315909464,0.3410015250967222,-1.2177376209003696,1.0
1927,SNIc-bl/sn2006aj.m0006.dat,E,18.064598041391886,0.13,2.124673650673598,0.0,0.5117974150958794,1.0
1928,SNIa-BL/sn2007co.p0001.dat,E,18.06817444038066,0.11000000000000001,0.9880617404078555,0.5422328185140707,0.47053212975666336,1.0
1929,SNIa-CN/sn2005na.p0003.dat,E,18.069941124968906,0.1,1.5954807249651017,0.42031614281210755,0.7677002922111387,1.0
1930,SNIa-SS/sn1999aa.m0005.dat,E,18.07247700611473,0.12000000000000001,3.0,0.3631069716870409,1.3513053145303795,1.0
1931,SNIa-BL/sn2003cq.p0002.dat,E,18.072787278937863,0.1,1.137427356320728,0.5371220848529819,0.6366693381023689,1.0
1932,SNIIn/sn2008fq.p0007.dat,E,18.072973218255957,0.08,0.5673438213696647,0.0,-0.648445502590158,1.0
1933,SNIa-CL/sn2006gj.p0003.dat,E,18.074028349322074,0.1,0.39599566845555717,0.4773711295963456,-0.5580116665937934,1.0
1934,SNIa-SS/sn2005M.m0002.dat,E,18.0779478705207,0.12000000000000001,3.0,0.3116170503784546,1.3507113543059628,1.0
1935,SNIa-CN/sn2007A.p0004.dat,E,18.079794915843546,0.1,0.9103499750705855,0.4989606009207146,0.3091922904592889,1.0
1936,SNIc-bl/sn2006aj.m0005.dat,E,18.083398169908563,0.12000000000000001,2.6837212231601604,0.0,0.7197299551068103,1.0
1937,SNIa-CN/sn2001fe.max.dat,E,18.089063908858506,0.08,1.8623020009758213,0.5088105754904355,1.037639482271791,1.0
1938,SLSN-II/sn2008es.p0025.dat,E,18.093004193660136,0.09000000000000001,3.0,0.20616280814005541,0.8379518252706618,1.0
1939,SNIa-BL/sn1998ef.p0001.dat,E,18.0965039272709,0.11000000000000001,0.7105093950866812,0.5128638964931256,0.09457387882616049,1.0
1940,SNIc/sn2004gt.p0142.dat,E,18.097424109642553,0.12000000000000001,3.0,0.3000570078970815,1.1455733859266146,1.0
1941,SNIa-CN/sn1997Y.p0003.dat,E,18.101528780396805,0.1,0.616771101181876,0.5188756147976965,-0.018208309640552242,1.0
1942,SNIa-BL/sn2007co.m0000.dat,E,18.102964099729547,0.11000000000000001,1.0203499692113251,0.5295457588491024,0.48412484529750416,1.0
1943,SNIb/sn2005bf.p0032.dat,E,18.107464191146587,0.09000000000000001,0.07703154375198225,0.628929918937782,-2.0,1.0
1944,SNIa-SS/sn1999aa.m0007.dat,E,18.108969245196896,0.13,3.0,0.3308995596083035,1.3097504755711629,1.0
1945,SNII-flash/sn2013fs.m0001.dat,E,18.110240548760515,0.08,2.7201791841159575,0.38600011821317143,1.4818490346323587,1.0
1946,SNIa-SS/sn2008ae.m0000.dat,E,18.110537830078457,0.09000000000000001,1.993662031850869,0.055576525392744186,0.6478082823481777,1.0
1947,SNII-flash/sn2014G.m0003.dat,E,18.110543704967874,0.09000000000000001,3.0,0.3827364285286213,1.213239412847324,1.0
1948,SNIa-CSM/sn2002ic.p0275.dat,E,18.111140902637175,0.1,0.04308713100287904,0.7596026842841227,-2.0,1.0
1949,SNIa-CSM/sn2012ca.p0140.dat,E,18.11141048960318,0.1,0.04333410996140442,0.820953645832535,-1.947938721882846,1.0
1950,SNIa-BL/sn2007af.p0002.dat,E,18.11977111724575,0.1,1.244432816758533,0.5624520605389876,0.7559064902998397,1.0
1951,SNIa-CN/sn1999gd.p0001.dat,E,18.12052420566425,0.1,0.4200691958753101,0.5215878056721294,-0.43545468439014867,1.0
1952,SNIa-SS/sn1999aa.m0004.dat,E,18.122492478364514,0.12000000000000001,3.0,0.39660668194106935,1.389612679172685,1.0
1953,SNIa-CN/sn2003cg.m0001.dat,E,18.123406774378424,0.09000000000000001,0.11884177967764223,0.3209794661146391,-2.0,1.0
1954,SNIIn/sn2008B.p0083.dat,E,18.12569947856797,0.09000000000000001,0.07171028130366211,0.5869754197594308,-2.0,1.0
1955,Gap/sn2017be.p0026.dat,E,18.126441409855545,0.1,0.35407576790727485,0.0,-1.126069910791099,1.0
1956,SNIa-CSM/sn1999E.p0090.dat,E,18.128352291569595,0.1,0.12298552676798159,0.6118561985666514,-1.5682691627772496,1.0
1957,SNIa-BL/sn2003ch.p0003.dat,E,18.12925183716814,0.1,1.2472898872961904,0.5818380063489882,0.7914786624289547,1.0
1958,SNIb-n/sn2006jc.p0029.dat,E,18.130927759996247,0.11000000000000001,1.3678365527114047,0.7470688637989474,0.9816985463506964,1.0
1959,SNIa-SS/sn1999aa.m0006.dat,E,18.134561450906688,0.13,3.0,0.3509231642968589,1.3382914848980052,1.0
1960,SNIc-bl/sn2006aj.m0004.dat,E,18.134753609698812,0.13,2.4069101258804095,0.0,0.6170832699223664,1.0
1961,SNIa-CN/sn2004L.p0002.dat,E,18.144327140957003,0.1,0.9538769872428955,0.2759304940150768,0.09782331939776177,1.0
1962,SNIa-BL/sn2001da.max.dat,E,18.155288195412098,0.11000000000000001,0.9460061309392067,0.5352672135293938,0.4727235273671706,1.0
1963,SNIa-CN/sn1997dt.max.dat,E,18.155325627174253,0.1,0.48418574953369814,0.41365942832893937,-0.43667257318560193,1.0
1964,SNIa-CN/sn1998aq.p0004.dat,E,18.1557147076215,0.1,2.162257698059221,0.5209002440565713,1.2712792007849858,1.0
1965,SNIa-BL/sn1997do.m0012.dat,E,18.160776786710727,0.13,1.3796820946678372,0.3867285762370109,0.6596124181303205,1.0
1966,SNIa-BL/sn1994M.p0002.dat,E,18.163429169374695,0.11000000000000001,0.46273764941080214,0.5432506895770631,-0.2726647955341812,1.0
1967,SNIa-CN/sn2002fk.p0005.dat,E,18.16706622152543,0.1,1.8050359448755684,0.49104304066747506,1.068731156814509,1.0
1968,SNIIb/sn1996cb.p0332.dat,E,18.167136036483114,0.12000000000000001,0.14922647701892697,0.7171572553674312,-1.1111633598545665,1.0
1969,SNIIn/sn2007pk.p0004.dat,E,18.167847212182288,0.1,3.0,0.33459556207696994,1.296442150870818,1.0
1970,SNIa-CSM/sn1999E.p0066.dat,E,18.169443882229267,0.1,0.07576860340299715,0.6201131409550157,-2.0,1.0
1971,SNIa-CL/sn2007fb.p0006.dat,E,18.170097270944645,0.1,0.7970933245078571,0.5373013885190012,0.23626912466755123,1.0
1972,SNIa-CN/sn1995D.p0006.dat,E,18.174885797414685,0.1,2.1386341633429695,0.5612640380928494,1.2547604318483834,1.0
1973,SNIa-BL/sn2001gc.m0009.dat,E,18.175011487245296,0.13,1.0140562911949729,0.47910029193214926,0.45277622803730055,1.0
1974,SNII-flash/sn2013fs.max.dat,E,18.1783267985289,0.1,3.0,0.3864754790794924,1.4552597943418508,1.0
1975,SNIb-pec/sn2007uy.p0013.dat,E,18.183041294465635,0.1,0.12492507993956047,0.02248098017626593,-2.0,1.0
1976,SNIa-CN/sn2005el.p0004.dat,E,18.186012343163945,0.1,1.3141047877666734,0.49018382295834173,0.6645141324900943,1.0
1977,SNIa-CN/sn2006cf.p0004.dat,E,18.190912953605114,0.1,1.3638232243725334,0.48710910221234877,0.7004432682664865,1.0
1978,SNIa-CL/sn2002fb.m0003.dat,E,18.193410378842287,0.12000000000000001,0.6041891857200925,0.52096625320602,0.020677948489155117,1.0
1979,SNIa-CN/sn2006et.p0002.dat,E,18.195958526773488,0.11000000000000001,1.3944515515423337,0.5487631847380792,0.8308947696087403,1.0
1980,SNIa-SS/sn2005hk.m0002.dat,E,18.199582896839846,0.1,3.0,0.19797249427348132,1.2291641520355752,1.0
1981,SNIIb/sn2008bo.p0045.dat,E,18.201111303480168,0.1,0.3056657688517719,0.49330886194997914,-0.844259170941214,1.0
1982,SNII-flash/sn2014cn.max.dat,E,18.201891242152577,0.08,3.0,0.363645520909116,1.512697779667655,1.0
1983,SNIa-CSM/sn2011km.max.dat,E,18.21105481401474,0.07,3.0,0.2648471972014049,1.295217684875869,1.0
1984,SNIa-SS/sn2006gr.m0009.dat,E,18.211642400885694,0.13,3.0,0.17354398790658732,1.1907782206852486,1.0
1985,SNIa-CL/sn2006bt.p0003.dat,E,18.214266386605097,0.11000000000000001,1.3301631208406137,0.4946575645097106,0.7132104750871775,1.0
1986,SNIa-BL/sn2002dj.m0010.dat,E,18.21693872741069,0.13,0.8499179157466448,0.15739780236486217,-0.11192412946198019,1.0
1987,SNIa-CN/sn2005cf.p0005.dat,E,18.217047276445253,0.1,0.9662441664645162,0.5442113736849948,0.4751355005396369,1.0
1988,SNII/sn2002gd.p0005.dat,E,18.219836614521174,0.09000000000000001,3.0,0.09241207706199218,1.164431442389745,1.0
1989,SLSN-II/sn2019xfs.p0083.dat,E,18.220629782163527,0.09000000000000001,0.6699107747381947,0.0,-0.4572260775919209,1.0
1990,SNII/sn1999br.p0023.dat,E,18.221631599127154,0.09000000000000001,0.1558883265824205,0.5828642202673188,-1.070143251055675,1.0
1991,SNIc/sn2004fe.p0237.dat,E,18.225596270499835,0.13,2.9575313871542956,0.19611876355229532,1.1448796388911588,1.0
1992,SNIa-CN/sn2006D.p0005.dat,E,18.225898569174753,0.1,0.9477793155121037,0.5388507624344002,0.46603339381706854,1.0
1993,SNIa-CN/sn2006al.p0003.dat,E,18.227658701124447,0.1,0.9914366531799825,0.5208841117714086,0.3791301829697814,0.9814709677419354
1994,SNIa-CL/sn2007ux.p0006.dat,E,18.22855309191543,0.1,0.845502193172384,0.43562607168021983,0.15364993711505934,1.0
1995,SNIa-CN/sn2008ar.m0008.dat,E,18.23340905219867,0.13,1.305349507413341,0.31866154348089226,0.5046985096951729,1.0
1996,SNIa-BL/sn2003cq.max.dat,E,18.23584217844929,0.1,1.2482592658488363,0.5603415282091742,0.7616537408967183,1.0
1997,SNIIn/snLSQ12heq.p0061.dat,E,18.237534865053814,0.08,0.8720402696227794,0.35950253549325717,0.08506136174028887,1.0
1998,SNIb/sn2004gq.p0024.dat,E,18.241643737595854,0.1,0.09998013638874634,0.38063146093412625,-2.0,1.0
1999,SNIa-BL/sn2002bo.m0005.dat,E,18.24399980421128,0.12000000000000001,0.6213977393729774,0.5314951397492721,0.03672660054472872,1.0
2000,Gap/sn2015dl.p0004.dat,E,18.245632843821305,0.08,0.1757140342899993,0.0,-2.0,1.0
2001,SNIa-CSM/sn2011km.m0002.dat,E,18.251127062689562,0.07,2.0476717311739523,0.2947166681728543,0.9305939309332169,1.0
2002,SNIa-CN/sn1998V.p0002.dat,E,18.253275577032944,0.09000000000000001,1.1011139559033896,0.5357815930852045,0.5744639794262822,1.0
2003,SNIa-CN/sn2002G.m0003.dat,E,18.255816327464203,0.11000000000000001,0.7388467675541938,0.43124680569331725,0.04412759642603467,1.0
2004,SNIa-SS/sn1998es.m0003.dat,E,18.25649795282663,0.12000000000000001,2.4087564885864046,0.29694743818392544,1.0558459700414695,1.0
2005,SLSN-II/sn2019cqc.p0009.dat,E,18.262411488036165,0.1,1.7717491525880342,0.10145172796946689,0.4479200843948506,1.0
2006,SNII/sn2005cs.p0012.dat,E,18.26336518685961,0.1,0.6296385448964729,0.570441059715639,0.13361838370190146,1.0
2007,SNIa-SS/sn2008A.m0003.dat,E,18.26342259064713,0.1,2.327151351086044,0.1309978383779967,0.861307781913997,1.0
2008,SNIIn/sn1997cy.p0635.dat,E,18.264695807817255,0.09000000000000001,0.33633852042253043,0.5995513333697577,-0.506687206343064,1.0
2009,SNIc/sn1994I.p0145.dat,E,18.264827682858176,0.12000000000000001,0.5055009253500594,0.33830802520483577,-0.34632873608641845,1.0
2010,SLSN-I/snSSS120810.p0010.dat,E,18.266294996406835,0.08,3.0,0.1965683994493591,1.0045758439145194,1.0
2011,SNIb/sn2007C.p0054.dat,E,18.268209055551846,0.1,0.23947589371112868,0.44506100591129005,-1.2101253992981325,1.0
2012,SNIIb/sn2008bo.p0107.dat,E,18.271054065192356,0.11000000000000001,0.10745987128107058,0.6834906273403635,-1.4774027870994995,1.0
2013,SNIa-CN/sn1998V.max.dat,E,18.2744153834349,0.09000000000000001,1.1408715213392875,0.5178862183713047,0.5881863998338778,1.0
2014,SNIa-CN/sn1998V.p0001.dat,E,18.27612019901565,0.09000000000000001,1.1848991461817178,0.5248032305789248,0.635633578277086,1.0
2015,SNIIn/sn2000eo.m0001.dat,E,18.276149529395983,0.1,3.0,0.19011865821023952,1.0481168202161328,1.0
2016,SNIa-SS/sn2002de.p0002.dat,E,18.280736518896408,0.08,1.2265969310060718,0.3248450176884309,0.3964354122158592,1.0
2017,SNIa-CN/sn1998co.p0001.dat,E,18.283674197665594,0.1,0.9066614899703073,0.48973869496538336,0.3201387429969724,1.0
2018,SNII/sn2009N.p0096.dat,E,18.2857563502767,0.08,0.0805024810553986,0.5230206164629593,-2.0,1.0
2019,SNIa-BL/sn2003W.m0007.dat,E,18.287047248760132,0.13,1.5469048959967273,0.349537111679011,0.7228670671203214,1.0
2020,SNIa-BL/sn1997bq.m0011.dat,E,18.28789173843572,0.13,0.862836063168234,0.5002834100757723,0.30688860807595825,1.0
2021,SNIa-SS/sn2003hu.max.dat,E,18.288788257643596,0.08,1.826985230850596,0.28324898791948094,0.6883250404080642,0.9635113196480938
2022,SNIa-CN/sn2000dg.max.dat,E,18.292581007639797,0.1,0.9569425976854455,0.38451751289713393,0.21464223108437872,1.0
2023,SLSN-I/snSSS120810.p0009.dat,E,18.296437312454582,0.08,3.0,0.2101830460153692,1.021529722574777,1.0
2024,SNIa-SS/sn2001V.m0003.dat,E,18.301897481282822,0.12000000000000001,2.242800883425216,0.33701952964534865,1.0820063910199431,1.0
2025,SNIa-CSM/sn2012ca.p0125.dat,E,18.302341939636236,0.1,0.04226680970919981,0.8516687600653172,-2.0,1.0
2026,SNIa-BL/sn1997bq.m0008.dat,E,18.30278296485242,0.13,1.3538328584604886,0.4981202931708711,0.8129720224272015,1.0
2027,SNIa-BL/sn1999cc.p0002.dat,E,18.304811710170625,0.1,1.4161752151789042,0.5665562354190695,0.8904423770293851,1.0
2028,SNIa-CL/sn2004gs.m0001.dat,E,18.308235599617234,0.11000000000000001,0.8763553766793892,0.5831996115262889,0.39527634745748436,1.0
2029,SNIIn/sn2006qq.p0012.dat,E,18.32207183472436,0.1,0.28700862157693724,0.37169228629469886,-0.9419196501502624,1.0
2030,SNIa-SS/sn2007cq.m0004.dat,E,18.32343166242234,0.12000000000000001,3.0,0.30786707777272126,1.2767312810039977,1.0
2031,SNIa-CL/sn2002eu.p0003.dat,E,18.327709817535354,0.1,0.8864436077194678,0.5373158615349686,0.3490507231030652,1.0
2032,SNIb-pec/sn2009er.m0005.dat,E,18.32818438480463,0.13,2.714316802489467,0.05005245756496412,0.7809609726049582,1.0
2033,SNIIb/sn1996cb.m0004.dat,E,18.328322211056104,0.1,0.3652799047739021,0.5171174788480818,-0.5738010248399368,1.0
2034,SNIIn/sn2000eo.max.dat,E,18.329438386880227,0.1,3.0,0.16749126630895314,1.0325761373829372,1.0
2035,SNIa-CN/sn2001cp.m0001.dat,E,18.333261056865133,0.08,1.370078628151546,0.5055621566231188,0.7104068994010513,1.0
2036,SNIa-CN/sn1996X.p0002.dat,E,18.33444293095273,0.1,1.1553200654782663,0.5677667757548869,0.6963846415955455,1.0
2037,SNIa-BL/sn1999cl.m0005.dat,E,18.340249286329403,0.12000000000000001,0.10484936554490515,0.4338263229489437,-2.0,1.0
2038,SNIa-SS/sn2001eh.p0005.dat,E,18.344020801927098,0.1,1.403109135504693,0.5302613865637188,0.7889847932159239,1.0
2039,SNIa-CN/sn2002ef.m0003.dat,E,18.347882757648165,0.1,0.699240069144753,0.3573588971586665,-0.1375531190509898,1.0
2040,SNIa-BL/sn2005am.p0004.dat,E,18.35252893624972,0.11000000000000001,0.9443394999394689,0.5663018943294764,0.4541297151159508,1.0
2041,SNIa-CN/sn1996X.p0001.dat,E,18.353772098198856,0.1,0.8541081549653262,0.5790391620699991,0.39829931743080554,1.0
2042,SNIa-SS/sn1999gp.m0005.dat,E,18.35419887624287,0.12000000000000001,3.0,0.2726815590563392,1.3029144418030425,1.0
2043,SNIIb/sn1993J.m0017.dat,E,18.35640538723265,0.1,3.0,0.0790201826470817,0.9872094748398913,1.0
2044,SNIa-CN/sn2003du.m0013.dat,E,18.35829987703554,0.13,2.324542318513627,0.3285533228379568,1.1860822481905906,1.0
2045,SNIb/sn2005bf.p0022.dat,E,18.36051480352117,0.09000000000000001,0.07887474956596198,0.6012684714442824,-2.0,1.0
2046,SNIa-CN/sn2002ck.m0001.dat,E,18.361067794077144,0.09000000000000001,1.9214224736984384,0.431488783905269,0.9891765282921983,1.0
2047,SNIa-CN/sn2007fs.p0003.dat,E,18.362704078476536,0.1,1.7578019111835697,0.5951364669732697,1.1329760969875824,1.0
2048,SNIa-BL/sn1998dh.m0001.dat,E,18.364772356202902,0.11000000000000001,0.92248584589639,0.579745929952866,0.5006976816378081,1.0
2049,SNIa-BL/sn1994M.p0003.dat,E,18.365398388815876,0.11000000000000001,0.5304981274339979,0.5503953466975696,-0.13159604478962897,1.0
2050,SNIIn/sn2005kj.p0122.dat,E,18.366950790564886,0.08,0.24394146081849893,0.37071026308117205,-1.0522070968806718,1.0
2051,SNII/sn1999gi.p0110.dat,E,18.37023717987139,0.08,0.07188890410182289,0.5816475338598696,-2.0,1.0
2052,SNIa-BL/sn2001da.m0001.dat,E,18.372605667649722,0.11000000000000001,0.6523177877662657,0.5356595116837745,0.40344498373896337,1.0
2053,SNIa-BL/sn2001ep.p0001.dat,E,18.3737330700486,0.1,0.9481332200489953,0.5754589345200809,0.5204316032113705,1.0
2054,SNII/sn2009N.p0023.dat,E,18.37622255373968,0.09000000000000001,0.11466972640643712,0.6038333179621727,-1.5242451807056692,1.0
2055,SNIIn/sn2005cp.p0125.dat,E,18.379550340422448,0.09000000000000001,0.06630346240586292,0.6179287834599075,-2.0,1.0
2056,SLSN-II/sn2008es.m0005.dat,E,18.380939748982204,0.09000000000000001,3.0,0.3415164627977227,1.1597150218645187,1.0
2057,SNIIn/sn2005db.p0053.dat,E,18.384289521893294,0.08,0.12236233144588858,0.31872591122012345,-2.0,1.0
2058,SNII-flash/sn2013fs.p0001.dat,E,18.389305205933315,0.11000000000000001,3.0,0.3470439773839807,1.4351814450809863,1.0
2059,SNIb/sn2004gq.p0016.dat,E,18.38936494958032,0.1,0.09588197426987748,0.41653981954928454,-2.0,1.0
2060,SNIIb/sn2000H.p0019.dat,E,18.39128901291361,0.09000000000000001,0.09323726964393857,0.44675305108541075,-2.0,1.0
2061,SNIa-SS/sn2006cz.m0002.dat,E,18.391923836098805,0.07,0.9403309596954145,0.51915050439427,0.3196966493005041,0.9716554545454544
2062,SNIa-SS/sn2005eq.m0005.dat,E,18.39975872486567,0.13,2.8578964048051976,0.20330027474810666,1.1532556768446431,1.0
2063,SNIa-CN/sn2002ck.max.dat,E,18.400048320568526,0.09000000000000001,1.7660385645187475,0.5156529801349449,1.0178017404818482,1.0
2064,SNIa-CL/sn2006gt.p0002.dat,E,18.401680650916433,0.1,0.8938753278306736,0.5516254062707465,0.38883219457731316,1.0
2065,SNIa-CN/sn2002jy.p0006.dat,E,18.401986715575287,0.1,1.3553378490538075,0.5458046042331075,0.8187857950141563,1.0
2066,SNIa-BL/sn2004ef.m0000.dat,E,18.414563927022236,0.11000000000000001,0.9548474911478,0.5578106778223615,0.4600853595408705,1.0
2067,SNIa-CN/sn1994ae.p0005.dat,E,18.41738768966255,0.1,1.2032525727491945,0.62123290152361,0.7388746373075978,0.9879870967741936
2068,SNIa-BL/sn2004ef.p0001.dat,E,18.419227046371553,0.11000000000000001,0.8303631044973172,0.5635915018698974,0.33187607430766564,1.0
2069,SNIa-CN/sn2002fk.p0119.dat,E,18.419303454799195,0.1,0.23083432610027896,0.8340280573595351,0.2208734534738514,1.0
2070,SNIa-BL/sn1997bq.m0010.dat,E,18.432516669930035,0.13,1.0543366697456495,0.5003502978766871,0.5323411294608409,1.0
2071,SNIa-CN/sn2003cg.m0002.dat,E,18.435333649312867,0.09000000000000001,0.11825562790517735,0.3406349090506837,-2.0,1.0
2072,SLSN-IIn/snPTF10qaf.p0032.dat,E,18.43759666627557,0.1,0.38825886829135786,0.4071476612151586,-0.600498867248552,1.0
2073,SNII/sn1999em.p0030.dat,E,18.438120440058217,0.09000000000000001,0.09347666741503871,0.5587574123923135,-2.0,0.9984825891281872
2074,SNIa-CN/sn1996C.p0002.dat,E,18.44269036539471,0.1,1.168083768397461,0.5117336571488396,0.5940696448114922,1.0
2075,SNIa-SS/sn2006cz.m0001.dat,E,18.44356831942426,0.11000000000000001,1.2869038269502977,0.48117023985827595,0.5977420511844989,1.0
2076,SNIa-SS/sn2005eq.m0004.dat,E,18.444123165487596,0.12000000000000001,2.964199863427544,0.25888201483191176,1.2216911244969717,1.0
2077,SLSN-I/snPTF12dam.m0023.dat,E,18.444510051451594,0.08,3.0,0.49784885721584693,1.2381222954977895,1.0
2078,SNIIn/sn1999el.p0030.dat,E,18.447253028946385,0.09000000000000001,0.0985126117811552,0.4899111169800468,-2.0,1.0
2079,SLSN-I/sn2005ap.m0003.dat,E,18.447270389607468,0.1,3.0,0.564919912930702,1.210798213963822,1.0
2080,SNIa-SS/sn2005M.max.dat,E,18.44795071974166,0.12000000000000001,2.2788170340688216,0.3672142631973618,1.1122246704709557,1.0
2081,SNIa-CN/sn2003cg.m0005.dat,E,18.448591008213917,0.09000000000000001,0.11865346748755648,0.3431277744609057,-2.0,1.0
2082,SNIa-CN/sn1998aq.p0002.dat,E,18.451889254981037,0.09000000000000001,2.337575311490637,0.5352692557606115,1.3730561142978037,1.0
2083,Gap/sn2017be.p0018.dat,E,18.452055603604858,0.08,0.8323111262040329,0.0,-0.24258375542334032,1.0
2084,SNIa-CN/sn2000dg.m0001.dat,E,18.455010167744263,0.1,0.847707002623503,0.43752131527047605,0.1465617815926506,1.0
2085,SNIb-pec/sn2009er.m0006.dat,E,18.46064855282526,0.13,3.0,0.14879395928306743,0.9358598494407102,1.0
2086,SNIa-CL/sn2007ci.m0004.dat,E,18.460720949365985,0.1,1.9395926012296354,0.5249890692684789,1.1301519068865469,1.0
2087,SNII/sn2009N.p0091.dat,E,18.470857309511675,0.08,0.08697030780478712,0.5054842842500027,-2.0,1.0
2088,SNIa-SS/sn1999dq.m0005.dat,E,18.47100031128889,0.13,1.774870090169799,0.1417145529923204,0.62137913280485,1.0
2089,SNIa-CN/sn1998aq.p0003.dat,E,18.480285839005152,0.09000000000000001,2.167018663982884,0.5381839950408747,1.2933559146464781,1.0
2090,SNIa-CN/sn2003cg.p0001.dat,E,18.484233334517775,0.09000000000000001,0.08844406985563746,0.47586519525171245,-2.0,1.0
2091,SNIa-CN/sn2002G.m0004.dat,E,18.487796434722995,0.11000000000000001,0.7307630858662444,0.3700284734420153,-0.055319900177020945,1.0
2092,SNIa-CL/sn2003iv.p0003.dat,E,18.489511647935384,0.1,1.0096155731103615,0.5363719923886492,0.4722555726154577,1.0
2093,SNIa-CN/sn2003cg.p0002.dat,E,18.490204709442423,0.1,0.0947103714214766,0.4182626142589629,-2.0,1.0
2094,SNIb-n/sn2006jc.p0015.dat,E,18.490280437432716,0.11000000000000001,1.4644751296924354,0.7086651645938535,1.5979518120423564,1.0
2095,SNIa-CSM/sn1999E.p0121.dat,E,18.491301589404177,0.1,0.07921067503640951,0.5830029049596085,-2.0,1.0
2096,SLSN-I/snPTF12dam.p0011.dat,E,18.496363607383444,0.11000000000000001,3.0,0.4092981785685019,1.5910714043806207,1.0
2097,SNII/sn1999br.p0101.dat,E,18.49801414373167,0.07,0.09250239851684497,0.4534213958422814,-2.0,1.0
2098,SNII/sn2009N.p0022.dat,E,18.499679914067947,0.09000000000000001,0.12264782292835873,0.6097109719383217,-1.4434487352304401,1.0
2099,SNIa-CN/sn2008bf.p0005.dat,E,18.50307062792497,0.1,1.7186679447607027,0.5466390251332236,1.0164793813580224,1.0
2100,SNIa-CL/sn2002fb.m0005.dat,E,18.50753386337766,0.12000000000000001,0.6224854846581748,0.5255033911405125,0.0528605854478863,1.0
2101,SNIa-SS/sn1999dq.max.dat,E,18.507639862882684,0.07,1.3722353362699962,0.435809147249982,0.6283760913541293,1.0
2102,SNIa-CN/sn2000cp.m0001.dat,E,18.51063845528299,0.1,0.45983806854411347,0.3967043803435139,-0.5174820803502428,1.0
2103,SNIa-CSM/sn1999E.p0386.dat,E,18.510851534427285,0.08,0.5057528452496691,0.1406268423818831,-0.718954379081401,1.0
2104,SNIa-SS/sn2005eq.p0001.dat,E,18.511485831675785,0.07,1.4445625125135189,0.5248523533785721,0.754643852884299,1.0
2105,SNIc-bl/sn1998bw.p0029.dat,E,18.511494476103756,0.08,0.20446171574370348,0.4070159916006732,-1.1879600037444453,0.9526237679521936
2106,SNII/sn2013am.p0019.dat,E,18.512670565505726,0.08,0.1201072125024585,0.42062340539150045,-2.0,1.0
2107,SNIa-BL/sn2003cq.m0001.dat,E,18.517316563033642,0.11000000000000001,1.3199592540181473,0.5265142996176411,0.7771139570303878,1.0
2108,SNIa-CN/sn1996X.max.dat,E,18.521115680317457,0.1,1.1114201951460203,0.5758025575184312,0.6742543461943986,1.0
2109,SNIa-BL/sn2004as.m0002.dat,E,18.52273325041856,0.11000000000000001,1.1242867483475558,0.5529839687601661,0.6651224898497081,1.0
2110,SNIIn/snOGLE-2013-SN-016.m0011.dat,E,18.523332944633058,0.1,0.5665911253390034,0.4232644008707587,-0.34337229139122283,0.9822786075692652
2111,SNIa-SS/sn1999dq.p0001.dat,E,18.523948854552916,0.07,1.190159199977323,0.4618543372466969,0.5287296172044943,1.0
2112,SNIa-BL/sn2006sr.p0004.dat,E,18.52592981814742,0.1,0.8084232963554322,0.5727417715112775,0.2963100304221309,1.0
2113,SNIIn/sn2000eo.m0002.dat,E,18.525957688996805,0.1,3.0,0.24264698149376748,1.1203727339522116,1.0
2114,SNIa-CL/sn2006bt.p0001.dat,E,18.52602181458886,0.11000000000000001,1.468950275630822,0.505620882769906,0.8189906998216369,1.0
2115,SNIa-BL/sn1997bp.m0003.dat,E,18.527908581744306,0.12000000000000001,1.2675851295786449,0.5704093021809057,1.1074837801905983,1.0
2116,SNIIn/sn2005cp.p0079.dat,E,18.529162122845023,0.09000000000000001,0.39673610124109476,0.42245246367460293,-0.5447109154884108,1.0
2117,SNIIn/sn1997cy.p0410.dat,E,18.529606668479666,0.1,0.049273446486776104,0.8904154843970714,-1.8735061221108342,0.9912534310864164
2118,SNIa-BL/sn2006ot.p0003.dat,E,18.53186001316506,0.11000000000000001,1.2747817147996532,0.24221065077631007,0.33556534482932265,1.0
2119,SNIIn/snOGLE-2013-SN-016.p0008.dat,E,18.534896755876954,0.1,0.25908323002803996,0.4226635339689356,-1.046451742512819,0.9845189506929641
2120,SNIIn/sn2006qq.p0017.dat,E,18.53560552489052,0.1,0.2889501575248926,0.4384518239778505,-0.9133007901121761,1.0
2121,SNIa-CN/sn2005na.p0001.dat,E,18.536401576951505,0.09000000000000001,2.3227820058573676,0.4862044911529691,1.2396118867953825,1.0
2122,SNIa-BL/sn2005am.p0003.dat,E,18.537335058395563,0.11000000000000001,1.0445309825801452,0.5690448562140015,0.5381904959532556,1.0
2123,SNII-flash/sniPTF14flu.p0012.dat,E,18.544172424190233,0.09000000000000001,3.0,0.3754453194071631,1.3776241677008638,1.0
2124,SNIa-CN/sn2005mc.m0002.dat,E,18.54507731102235,0.11000000000000001,0.5295668125512093,0.28708565615699755,-0.48970394608562884,1.0
2125,SNIIn/sn1997cy.p0194.dat,E,18.548026580149276,0.1,0.0914952688945996,0.8153462043203255,-1.4499712353078833,1.0
2126,SNIIb/sn2008bo.p0031.dat,E,18.552072295234165,0.1,0.23365810389329744,0.5240931157020137,-1.0745147072041632,1.0
2127,SNIa-BL/sn2002bo.m0006.dat,E,18.55850465550302,0.12000000000000001,0.5397260536725391,0.5465008006029747,-0.08455292111753657,1.0
2128,SLSN-I/snPTF13ajg.m0004.dat,E,18.56048043638162,0.13,3.0,0.4877155438750944,1.1113513017891912,1.0
2129,SNIIn/sn2005gl.m0013.dat,E,18.56204601538702,0.1,3.0,0.16998700469972297,1.2248154590173352,1.0
2130,SNII-flash/sn2014G.m0001.dat,E,18.56363234779908,0.1,3.0,0.17167019373282436,1.0440442739773763,1.0
2131,SNIa-CN/sn1998aq.p0001.dat,E,18.57042567978801,0.09000000000000001,2.728978053015547,0.5344640057809109,1.5519565518264102,1.0
2132,SNIb/sn2004gq.p0020.dat,E,18.575110778813777,0.1,0.09274881848853361,0.4391459809622787,-2.0,1.0
2133,Gap/sn2007sv.p0040.dat,E,18.578384804533854,0.08,0.3002849818907778,0.038928430100534726,-1.3619018768256372,1.0
2134,SLSN-II/snCSS121015.p0024.dat,E,18.588229282133767,0.1,3.0,0.2831069927986134,0.8630912447172967,1.0
2135,SNIa-CN/sn2005cf.p0004.dat,E,18.589284021493683,0.1,0.9518580416553217,0.5818537342592461,0.5022121608639974,1.0
2136,SNIa-SS/sn2007cq.m0005.dat,E,18.592359088954538,0.11000000000000001,3.0,0.30375815657051775,1.266470191263647,1.0
2137,SNIa-SS/sn2002de.p0003.dat,E,18.59516155230118,0.1,0.8446433329644415,0.37397907020020527,0.09175949114359219,1.0
2138,SLSN-II/sn2018lqi.p0028.dat,E,18.59517347843385,0.09000000000000001,1.6352012760355585,0.0,0.4052815528250687,1.0
2139,SNIa-CN/sn1996X.m0002.dat,E,18.59659077300627,0.1,1.564857952221969,0.5442722734567927,1.0011457868663636,1.0
2140,SNII/sn2013am.p0028.dat,E,18.599968443073386,0.08,0.13614282092113947,0.32522412415789986,-2.0,1.0
2141,SNIIn/snLSQ12hxg.p0060.dat,E,18.60182392758495,0.1,1.4141835761170738,0.3686213081539979,0.6403488484051305,1.0
2142,SNIa-CN/sn1998aq.max.dat,E,18.602028123579984,0.09000000000000001,2.6210144434643543,0.5191781033282471,1.4766857737870236,1.0
2143,SNIa-CN/sn2002cr.m0011.dat,E,18.60424722460503,0.11000000000000001,1.8051071127289884,0.48785920752949835,1.1286244564254133,1.0
2144,SNIa-BL/sn1997bq.m0012.dat,E,18.607216260259293,0.13,1.344752747148825,0.5350287185907799,1.0766057216042575,1.0
2145,SNIa-CN/sn1999ek.m0001.dat,E,18.60844838026543,0.1,0.16720292478472343,0.5588167903353638,-1.2904306102912024,1.0
2146,SNIIn/sn2000P.p0021.dat,E,18.60968107794927,0.1,0.7599255925662645,0.41450653953147654,-0.0668475120751586,1.0
2147,SLSN-II/snCSS121015.p0023.dat,E,18.612202371957068,0.1,3.0,0.13496265645184083,0.7845275634226321,1.0
2148,SNIIb/sn2008ax.p0011.dat,E,18.614139749079868,0.09000000000000001,0.08781542977281323,0.45195652452722623,-2.0,1.0
2149,SNIa-SS/sn1999aa.m0003.dat,E,18.617737253473905,0.12000000000000001,3.0,0.39850155548611543,1.4016839025915628,1.0
2150,SNIa-CN/sn2004bg.m0003.dat,E,18.618728877526536,0.09000000000000001,2.450712098423483,0.44866611700869824,1.2882349803736148,1.0
2151,SNIa-BL/sn2004fu.p0002.dat,E,18.618850011435793,0.11000000000000001,0.27159842618582086,0.6094084158811217,-0.6993195544516277,1.0
2152,SNIa-BL/sn1999ej.p0001.dat,E,18.628632374879405,0.1,1.06094929703389,0.5506110565898996,0.5862753519572368,1.0
2153,SNIa-CN/sn1998aq.m0001.dat,E,18.629818184789563,0.09000000000000001,2.8457639947459463,0.4963484593173089,1.5369217422680073,1.0
2154,SNII/sn2006bp.p0073.dat,E,18.63014526064387,0.09000000000000001,0.08364629679271401,0.5634004099503319,-2.0,0.9575449217526346
2155,SNIIb/sn1996cb.m0019.dat,E,18.630682466774463,0.11000000000000001,0.09655683661887239,0.6437516170527229,-1.734958137468046,1.0
2156,SNIa-BL/sn2006ot.m0000.dat,E,18.631295786454103,0.11000000000000001,1.0600139853073278,0.546326688117475,0.5482957474703763,1.0
2157,SNIa-SS/sn2008ae.m0001.dat,E,18.640787564742585,0.09000000000000001,1.5710248800189768,0.16298351391923063,0.4948675373739314,1.0
2158,SNIIb/sn2008ax.p0045.dat,E,18.643400060678616,0.1,0.08309439532143513,0.49382574775191435,-2.0,1.0
2159,SNIa-SS/sn2003fa.m0008.dat,E,18.646356950158193,0.13,3.0,0.22708695068497453,1.2551056775156861,1.0
2160,SNIIn/sn1998S.p0003.dat,E,18.647665355688215,0.09000000000000001,3.0,0.3539326895698426,1.648940077447325,0.9984825891281872
2161,SNII/sn2006bp.p0025.dat,E,18.650281398006143,0.09000000000000001,0.14651827061146205,0.4744628922236309,-1.4705815152354964,0.9575449217526346
2162,SNIa-BL/sn2003ch.p0004.dat,E,18.651591352368847,0.1,1.2970632990578317,0.5881257364342052,0.8482043758474827,1.0
2163,SNIIb/sn2008bo.p0025.dat,E,18.6520622330396,0.1,0.2089375100788003,0.5284844377596508,-1.2134068720222522,1.0
2164,SNIIn/sn2005db.p0129.dat,E,18.65639893042996,0.09000000000000001,1.92036069929212,0.07807042608067656,0.802580725595978,0.9984825891281872
2165,SNIa-SS/sn2003fa.m0009.dat,E,18.656453019444715,0.13,2.5770482020773304,0.30965284767106216,1.1991326502491335,1.0
2166,SNIa-SS/sn1999dq.p0002.dat,E,18.657673566038117,0.07,1.1257097201108983,0.460444131898668,0.46937250641477585,1.0
2167,SNIa-CN/sn2006cf.p0002.dat,E,18.661590117778033,0.1,1.531349291425752,0.4620810648874777,0.7820667818858983,1.0
2168,SNIa-SS/sn2005hk.m0003.dat,E,18.677070604241166,0.1,3.0,0.2338997860634618,1.264877023509755,1.0
2169,SNIa-BL/sn2007kk.p0001.dat,E,18.68620804947043,0.11000000000000001,1.0797350914652604,0.5876804698129076,0.611981331354639,1.0
2170,SNIa-CN/sn2000fa.p0002.dat,E,18.690334864897217,0.1,0.7546426370483746,0.5476309888600909,0.23656743906757777,1.0
2171,SNIa-CN/sn2004bg.p0003.dat,E,18.691926038955504,0.1,1.595483199774888,0.5312435804505333,0.9689923399535436,1.0
2172,SNIIn/sn2006qq.p0047.dat,E,18.69201705208993,0.1,0.1794142300269026,0.47426073875910624,-1.2975467531119176,1.0
2173,SNIa-CN/sn1998bu.m0002.dat,E,18.700443406997273,0.1,0.8083454358557164,0.5299615106746176,0.27620986180532814,1.0
2174,SNIa-BL/sn1998ec.m0003.dat,E,18.704993186676074,0.11000000000000001,0.7659660663196175,0.5113709772801363,0.1880499785397669,1.0
2175,SNIa-BL/sn2003cq.m0002.dat,E,18.705331980297892,0.11000000000000001,1.1575767650309277,0.5583981807924272,0.6976040820351865,1.0
2176,SNIa-CL/sn1998bp.m0002.dat,E,18.708709003229526,0.1,0.7253393316087553,0.5539103277115242,0.20899358452429306,1.0
2177,SNIa-CSM/sn2002ic.p0306.dat,E,18.710709769356342,0.1,0.046129333685632344,0.8589504085285555,-1.8890240087529289,1.0
2178,SNIa-CSM/sn2012ca.p0292.dat,E,18.712797408243205,0.1,0.03673829870779129,0.8935253022022828,-2.0,1.0
2179,SNIa-BL/sn2003W.m0003.dat,E,18.716877180128765,0.13,1.1436319092516591,0.1650235133374419,0.21475689151702948,1.0
2180,SNIa-SS/sn1999aa.m0000.dat,E,18.719888942421356,0.07,2.1647715628504143,0.5191118722710786,1.2205023043508136,1.0
2181,SNIa-BL/sn1997do.m0011.dat,E,18.720179272637097,0.13,1.3768363476375447,0.41775444903800285,0.6985545850855217,1.0
2182,SNIa-CN/sn1998bu.m0003.dat,E,18.724606530097322,0.1,0.8074367523789415,0.5074003264285731,0.23729008228619966,1.0
2183,SNIa-CN/sn2003it.p0004.dat,E,18.728093851670526,0.1,0.9359533756564152,0.5435352476339258,0.4115231609963842,1.0
2184,SNIb/sn2007C.p0027.dat,E,18.729705887269883,0.1,0.09639306771502135,0.3582205556520956,-2.0,1.0
2185,SNIa-CN/sn1998co.max.dat,E,18.729725673609607,0.1,0.8001549267880729,0.5137866045635978,0.23107894006627572,1.0
2186,SNIa-SS/sn2006S.p0003.dat,E,18.73278212757972,0.07,1.4183687464168058,0.6172336501247052,0.877773165945812,0.9959548093841639
2187,SNIa-CN/sn1994S.p0001.dat,E,18.733984987180442,0.09000000000000001,1.8742736513444043,0.5520928858701775,1.1898640884609306,1.0
2188,SNIIn/sn2000P.p0058.dat,E,18.734475256155886,0.1,0.07662668640670667,0.7278710640221121,-1.7924167500221908,1.0
2189,SNIa-CN/sn2002jy.p0001.dat,E,18.734976352122406,0.1,1.5470116193177361,0.5648860189183474,0.9658182668965599,1.0
2190,SNIIn/sn2006bo.p0021.dat,E,18.735923411135403,0.08,0.6681165303013655,0.21886228544637168,-0.2740301155948637,1.0
2191,SNII/sn2002gd.p0003.dat,E,18.739707642062744,0.09000000000000001,3.0,0.1694951920383917,1.2668073606015176,1.0
2192,SNIa-BL/sn2002dj.m0011.dat,E,18.741585634358124,0.13,0.1424388419971276,0.487882927472759,-1.5984386176913412,1.0
2193,SNIa-CN/sn2003cg.m0000.dat,E,18.742668908886035,0.09000000000000001,0.09399260090073897,0.45038618141050907,-2.0,1.0
2194,SNIa-CSM/sn2012ca.p0192.dat,E,18.742838491552824,0.1,0.040905575264812734,0.8625914638363669,-2.0,1.0
2195,SNIa-SS/sn2006S.p0001.dat,E,18.75516860129493,0.07,1.4900130904743707,0.5561694346381791,0.8395149322715192,0.9956535777126099
2196,SNIa-BL/sn1998ec.m0004.dat,E,18.755201429500833,0.11000000000000001,0.6563625018080907,0.5027313963070188,0.004528695836050911,1.0
2197,SNIa-SS/sn2006cz.m0004.dat,E,18.756925166762123,0.07,1.6016177163952734,0.567919532568206,0.9034819491175772,0.972257917888563
2198,SNIIb/sn1996cb.p0039.dat,E,18.761133803889464,0.09000000000000001,0.09649114929883407,0.5122065260723413,-2.0,1.0
2199,SNIb/sn1998dt.p0032.dat,E,18.761315481687582,0.1,0.07883162097312849,0.5783877503106544,-2.0,1.0
2200,SNIa-CN/sn2000fa.p0001.dat,E,18.761919635832093,0.1,1.1915235279512217,0.6228478912622915,0.8031273265554306,1.0
2201,SNII-flash/sn2016bkv.m0005.dat,E,18.76406738386546,0.09000000000000001,3.0,0.3736342816818984,1.4424943193171746,1.0
2202,SNIa-BL/sn2002bo.m0007.dat,E,18.764245945831405,0.12000000000000001,0.48551656563922885,0.5543436668045321,-0.19101221819345107,1.0
2203,SNIIn/snOGLE-2013-SN-016.m0017.dat,E,18.76464709969617,0.09000000000000001,0.724949647797047,0.48034538194151094,-0.0006162474244402233,0.9619118518992806
2204,SNIa-CSM/sn2012ca.p0318.dat,E,18.765333254956705,0.1,0.0351165467641614,0.9006532394889768,-2.0,1.0
2205,SNIa-SS/sn1998es.m0002.dat,E,18.765716370675875,0.12000000000000001,1.7695016252136018,0.40197005286821247,0.8608568185390932,1.0
2206,SNIa-CN/sn2003ic.m0002.dat,E,18.7671100052085,0.1,1.753434636240246,0.540518846537996,1.0047672190665138,1.0
2207,SNII-flash/sn2019vqd.p0002.dat,E,18.77107199665815,0.09000000000000001,3.0,0.37591361357509584,1.50134190377204,1.0
2208,SNIa-CN/sn2002aw.p0001.dat,E,18.77307376571001,0.09000000000000001,1.395207976068948,0.49830892341991473,0.767711119274821,1.0
2209,SNIa-SS/sn1999dq.p0003.dat,E,18.773212798736992,0.1,0.7304879202568482,0.5025540022229479,0.125185699407081,1.0
2210,SNIa-BL/sn2007af.p0124.dat,E,18.773243893964537,0.1,0.34826969365159816,0.8374986287442949,0.26323308272886803,1.0
2211,SNIIb/sn1993J.m0018.dat,E,18.773553332104942,0.12000000000000001,3.0,0.1370774306262548,1.275985641625551,1.0
2212,SNIa-CN/sn2005cf.m0009.dat,E,18.776596124214397,0.13,1.6502210073693324,0.3734332926854746,0.854232972308538,1.0
2213,SNIa-SS/sn2001eh.p0004.dat,E,18.777556899006385,0.1,1.21229395781854,0.5656488358017409,0.6864911736799938,1.0
2214,SNIIb/sn2000H.p0015.dat,E,18.779724936663605,0.1,0.11250239658699955,0.376922667434498,-2.0,1.0
2215,SNIa-BL/sn2004as.m0003.dat,E,18.780746524344387,0.11000000000000001,1.1312435737379523,0.554627408838957,0.6798667239847155,1.0
2216,SNIa-CL/sn2004gs.m0003.dat,E,18.783167051192066,0.11000000000000001,0.7697742645290692,0.5817704556157229,0.2589359709445818,1.0
2217,SNIc-bl/sn1998bw.m0006.dat,E,18.786462008764488,0.13,1.10733047672364,0.28534440807655176,0.45850590975369776,1.0
2218,SNIa-BL/sn2001da.m0002.dat,E,18.787691796449366,0.11000000000000001,0.7099662303038572,0.5522890856699665,0.18935801690829576,1.0
2219,SNIa-SS/sn1999gp.p0003.dat,E,18.788573373483555,0.07,1.4208345539995568,0.5055547270417302,0.752646271818616,1.0
2220,SNIa-SS/sn1999gp.max.dat,E,18.789451807948428,0.07,1.6532557443164442,0.3180033689012734,0.681942977784185,1.0
2221,SNIa-CSM/sn2016iks.m0074.dat,E,18.789946708120233,0.1,2.6376742668297606,0.3547306286122248,1.2647802203762954,1.0
2222,SNIa-CN/sn2002jy.max.dat,E,18.791622096752356,0.09000000000000001,1.484685644023114,0.5550540123081866,0.8973674437993278,1.0
2223,SNIa-SS/sn2002de.m0006.dat,E,18.793399389080786,0.11000000000000001,1.9099114360391158,0.43346744037598234,1.0272791917381328,1.0
2224,SNIa-BL/sn2007kk.m0001.dat,E,18.79601565219364,0.11000000000000001,1.1674541829880276,0.5470914312360624,0.6202091811821295,1.0
2225,SNIa-SS/sn2006gr.m0006.dat,E,18.800072953301438,0.13,2.0321913772880924,0.18141968676866893,0.7869616726889348,1.0
2226,SNIa-BL/sn2002dj.m0006.dat,E,18.803170223805868,0.12000000000000001,0.8409960778411103,0.41829708948639144,0.1703638014289337,1.0
2227,SLSN-IIn/snPTF10tpz.p0001.dat,E,18.804968124724112,0.1,0.21334038288241305,0.24267460747336048,-1.4851808834476263,1.0
2228,SNIa-CN/sn2005el.p0002.dat,E,18.805718673711166,0.09000000000000001,1.4800340234782117,0.52731685007972,0.8423780777474059,1.0
2229,SNIa-CN/sn2003cg.p0003.dat,E,18.80979050718949,0.09000000000000001,0.09328903967196604,0.4386257043952167,-2.0,1.0
2230,SNIa-SS/sn2007ae.p0003.dat,E,18.810246675549905,0.09000000000000001,1.461442834399494,0.630336166498348,0.9392559027676153,0.9688949853372433
2231,SNIa-SS/sn2006gr.m0010.dat,E,18.810820297056825,0.13,2.897520428254729,0.20716144861701968,1.1889497178559707,1.0
2232,SNIb/sn2004dk.p0020.dat,E,18.813138557913913,0.1,0.11380813709117518,0.3222377128958737,-2.0,1.0
2233,SNIa-CL/sn2006bt.p0002.dat,E,18.816264737795976,0.11000000000000001,1.0532781223283478,0.5464985192646941,0.5473783320905334,1.0
2234,SNIIn/sn2000P.p0018.dat,E,18.819146286141326,0.1,0.8965235860628736,0.4258162769237586,0.06983853261070057,1.0
2235,Gap/sn2017be.p0040.dat,E,18.822183627951254,0.1,0.25929065388996625,0.31024431926224294,-1.2180262579344412,1.0
2236,SNIa-BL/sn2007kk.m0002.dat,E,18.824400987367294,0.11000000000000001,1.2041868525614905,0.5228372955654491,0.6279589384252099,1.0
2237,SNIa-SS/sn1999dq.m0004.dat,E,18.82518750169113,0.12000000000000001,1.4089196152384786,0.3163378346685562,0.5489669311944826,1.0
2238,SNIa-SS/sn2007S.m0005.dat,E,18.82760892082178,0.12000000000000001,1.045181484775694,0.2790885722923036,0.1867621019601199,1.0
2239,SNIa-CN/sn2002fk.p0003.dat,E,18.829262608489664,0.09000000000000001,1.7135290636105314,0.5315894255211254,1.0475804775480242,1.0
2240,SNIa-SS/sn1998es.p0002.dat,E,18.831364057819002,0.07,1.4151649608990198,0.5773083302457721,0.8189153666554372,1.0
2241,SNIIn/sn2000eo.m0004.dat,E,18.832115365006278,0.1,2.371549131458926,0.26655929447771565,0.9087338956768775,1.0
2242,SNIa-CN/sn2000cp.m0002.dat,E,18.832858905975765,0.1,0.42968747137834057,0.41937928720323703,-0.5687821423805808,1.0
2243,SNIa-SS/sn2001eh.m0000.dat,E,18.832982718047962,0.07,1.4747693266645723,0.5665794035841032,0.8602651865003843,1.0
2244,SNIa-BL/sn1999cc.m0001.dat,E,18.8335257797772,0.1,1.351493566230898,0.5971254622105232,0.9141695166157147,1.0
2245,SNIb/sn1998dt.p0017.dat,E,18.83442701893658,0.1,0.09490551323451078,0.4788186147736762,-2.0,1.0
2246,SNIa-CN/sn2008ar.p0001.dat,E,18.840098785453172,0.1,1.1285451874197943,0.5880102583897175,0.695855426909542,1.0
2247,SNIa-CN/sn1996ai.p0025.dat,E,18.84049121087719,0.1,0.14457233716957918,0.289122788088238,-2.0,1.0
2248,SNIa-SS/sn2001eh.m0005.dat,E,18.844106650593442,0.12000000000000001,3.0,0.33007047850174315,1.356537478776506,1.0
2249,SNIa-BL/sn2002cd.m0004.dat,E,18.84456000193216,0.11000000000000001,0.12077833773354904,0.570945607716161,-1.5734689302323792,1.0
2250,SNIa-BL/sn2006cj.p0004.dat,E,18.850385120486777,0.09000000000000001,0.8281494881599485,0.576745526904478,0.2636849984859705,0.9601462170087974
2251,SNIIn/sn2005ip.p0019.dat,E,18.850997869508475,0.1,0.15243328448583954,0.5454258962354974,-1.431063189867798,1.0
2252,SNIa-CN/sn1997Y.p0002.dat,E,18.85448181442165,0.1,0.44628270608549836,0.5370703740907066,-0.31306790351397823,1.0
2253,SNIa-BL/sn2001ep.m0000.dat,E,18.856730219066726,0.1,0.9573701864185021,0.6004127726926185,0.5822494001814517,1.0
2254,SNII-flash/sn2013fs.p0003.dat,E,18.858748917418666,0.1,3.0,0.4366989121306425,1.177695900355711,1.0
2255,SNIIn/sn2006qq.p0072.dat,E,18.86187355076082,0.09000000000000001,0.1708806125080646,0.5287167060661674,-1.3178033395977158,1.0
2256,SNIa-BL/sn2003kc.m0006.dat,E,18.8623267251498,0.12000000000000001,1.0333863838057344,0.6046428332746588,0.6809853572883393,1.0
2257,SNIb/sn2007C.p0070.dat,E,18.863295491052604,0.11000000000000001,0.1932202615184094,0.4934393538579845,-1.3014617646993996,1.0
2258,SNIa-CSM/sn2012ca.p0349.dat,E,18.865301379935122,0.1,0.03409422224416325,0.9089046701006263,-2.0,1.0
2259,SNIa-CN/sn1996X.m0003.dat,E,18.865784687048418,0.09000000000000001,2.847781856037558,0.5334855463005646,1.6325898081360402,1.0
2260,SLSN-II/sn2020bfe.m0022.dat,E,18.86676529706807,0.11000000000000001,2.49939259051578,0.11195501950416344,1.0251590916805744,1.0
2261,SNIa-CN/sn2008bf.p0004.dat,E,18.867246870174164,0.1,1.698068161120092,0.5730937857787376,1.0377300627801493,1.0
2262,SNIa-CN/sn2007F.p0003.dat,E,18.86886842783214,0.1,1.432265832653452,0.5875815789619692,0.8949334210244065,1.0
2263,SNII/sn2009N.p0076.dat,E,18.872117981745113,0.09000000000000001,0.08956422078413678,0.5128797502310873,-2.0,1.0
2264,SNIa-BL/sn2002cd.m0006.dat,E,18.875766653469114,0.11000000000000001,0.1666588069824198,0.5260971525247746,-1.3465486375997506,1.0
2265,SNIa-CN/sn1996X.m0001.dat,E,18.875793320007233,0.1,1.0432938489707366,0.5741766708738436,0.6041455070286815,1.0
2266,SNIa-BL/sn1999cl.m0008.dat,E,18.87691825311425,0.12000000000000001,0.10865442615812033,0.39973421970872797,-2.0,1.0
2267,SNIa-CN/sn2001br.p0003.dat,E,18.877558709705042,0.11000000000000001,0.36061975790576456,0.5703884277214001,-0.014212712812363117,1.0
2268,SNIIn/sn2005kj.p0133.dat,E,18.87814703809807,0.08,0.12784888130869232,0.48370785394299554,-1.650293969493226,1.0
2269,SNIa-SS/sn1999gp.m0002.dat,E,18.878241873842036,0.12000000000000001,1.5070811031579099,0.38620626595643354,0.696546242910494,1.0
2270,SNIa-SS/sn2002de.m0004.dat,E,18.881838016751523,0.08,1.8385884233100602,0.08721221028499092,0.5711665308755725,1.0
2271,SNIIn/sn2000P.p0045.dat,E,18.883523012269748,0.09000000000000001,0.13137454646558,0.6607501891155036,-1.4001837650277018,1.0
2272,SNIa-SS/sn2001eh.p0003.dat,E,18.883785358932503,0.07,1.351752133051378,0.6066299058237437,0.8412150375983142,1.0
2273,SNIa-CL/sn2002dl.m0008.dat,E,18.884203181803592,0.1,1.039961647317506,0.4776438916468244,0.4682550298105277,1.0
2274,Gap/sn2002bu.p0011.dat,E,18.886782798778835,0.1,0.5090937875950723,0.43451997712004337,-0.31213919870062273,1.0
2275,SNIa-CL/sn2000dk.p0001.dat,E,18.88974868570565,0.1,1.022193510465476,0.5928742758878032,0.6408843220102606,1.0
2276,SNIIn/sn2005cp.p0213.dat,E,18.89020752507633,0.09000000000000001,0.08110551962937498,0.552546682325607,-2.0,1.0
2277,SLSN-IIn/snPTF10fel.p0069.dat,E,18.89141848817289,0.1,0.36965564988632443,0.45282357970330844,-0.6682161288946515,1.0
2278,SNIa-BL/sn2005am.p0002.dat,E,18.891444639333088,0.11000000000000001,0.8864102415012833,0.6002215284924639,0.4393386211057731,1.0
2279,SNIa-CN/sn2003du.m0002.dat,E,18.899495430896643,0.09000000000000001,1.8988818113659967,0.5219810238784663,1.1485250295243719,1.0
2280,Gap/sn2002bu.p0040.dat,E,18.901743816510304,0.1,0.3939694437014921,0.2581461799329897,-0.6912335249122286,1.0
2281,SNIa-SS/sn2002de.m0002.dat,E,18.904014774856165,0.08,1.454897327283311,0.3123002443122242,0.5534165909192579,1.0
2282,SNIa-CN/sn2005bo.m0000.dat,E,18.908243950258264,0.1,0.5174144222322863,0.5545456368089673,-0.19592475285995034,1.0
2283,SNIIn/snOGLE-2013-SN-019.m0001.dat,E,18.911321283841293,0.09000000000000001,0.2594935805303252,0.5659299939963237,-0.8527180255937403,1.0
2284,SNIa-CN/sn2005cf.p0003.dat,E,18.911607280579023,0.1,0.9877291344930392,0.6034150803622054,0.5720018043135402,1.0
2285,SNIa-CN/sn2003cg.m0004.dat,E,18.91181266155101,0.09000000000000001,0.11222087414901732,0.37547032223989585,-2.0,1.0
2286,SNIa-CN/sn1998bu.m0004.dat,E,18.91389453271763,0.1,0.8831703983287019,0.49631266885620673,0.3246878968628394,1.0
2287,SNIa-CN/sn2005cf.p0002.dat,E,18.91573573397839,0.09000000000000001,1.4800336682968678,0.582088078077452,0.9471250934803708,1.0
2288,SNIa-CN/sn2002do.p0002.dat,E,18.921808644061205,0.1,0.40514828201161923,0.36114555357816824,-0.7008418967735259,1.0
2289,SNIIn/sn2005kj.p0035.dat,E,18.92185111821756,0.1,1.1985843827639706,0.3075754045355739,0.4631287324645258,1.0
2290,SNIa-CL/sn2006bt.m0000.dat,E,18.92226756656864,0.11000000000000001,1.1283623254082111,0.5208926089829284,0.5728851149466323,1.0
2291,SNIa-CN/sn2003cg.m0003.dat,E,18.923201211601402,0.09000000000000001,0.11224036572295099,0.37541017619878875,-2.0,1.0
2292,SNIa-SS/sn2001az.m0003.dat,E,18.92576231471201,0.07,1.6779224073666008,0.4309506936142328,0.8176460972091075,1.0
2293,SNIa-BL/sn2002cd.m0005.dat,E,18.929068532530493,0.11000000000000001,0.1400206601369721,0.5498456727304578,-1.4732265898242005,1.0
2294,SNIc-bl/sn1998bw.p0199.dat,E,18.93168709507838,0.13,0.024727484178231833,0.845111648946107,-2.0,1.0
2295,Gap/sn2017be.p0013.dat,E,18.934449028608135,0.1,0.4374166116614581,0.3402933711479971,-0.5394123317613018,1.0
2296,SNIa-BL/sn2003W.m0008.dat,E,18.94355394001382,0.13,1.1415113017395517,0.2899740948644125,0.32742998709124976,1.0
2297,SNIa-SS/sn2006S.m0005.dat,E,18.945120856041846,0.12000000000000001,2.708299525286959,0.2931510397071126,1.1880522376053277,1.0
2298,SNIa-BL/sn2003U.m0001.dat,E,18.945159038998042,0.1,1.409482484318575,0.5775506321484751,0.9296075761684304,1.0
2299,SNII-flash/sniPTF14flu.p0016.dat,E,18.94541038983045,0.08,3.0,0.27524226012597075,1.2140374481749885,1.0
2300,SNIIn/sn2005kj.p0157.dat,E,18.9455758583388,0.09000000000000001,0.08466537734208363,0.5501552098213469,-2.0,1.0
2301,SNIa-CN/sn2003du.p0002.dat,E,18.94900336083381,0.09000000000000001,1.6651595859717279,0.5880074099393948,1.0989384901967867,1.0
2302,SNIa-CN/sn2007A.m0002.dat,E,18.950936345055897,0.09000000000000001,1.1254177179974523,0.47591255496906676,0.4771450086433581,1.0
2303,SNIa-CN/sn2005ki.p0001.dat,E,18.959057966430187,0.1,1.2089537523141274,0.5698661357082492,0.692223073332685,1.0
2304,SNIa-CN/sn2001cp.p0001.dat,E,18.959231339527534,0.08,1.0295584347541418,0.5595738868403008,0.5078113921544634,1.0
2305,SNIa-BL/sn2002ha.p0002.dat,E,18.959268441826648,0.1,0.65893851519871,0.5810069761968705,0.35292851252141555,1.0
2306,SNIa-CN/sn1994S.m0004.dat,E,18.960327241989564,0.09000000000000001,2.2463461986796416,0.44897804403589014,1.2515618007890497,1.0
2307,SNIa-BL/sn2003W.m0006.dat,E,18.964168046101207,0.13,1.0572798927818308,0.19868839294092305,0.15403181976945268,1.0
2308,SNIa-CN/sn1995E.p0001.dat,E,18.964933874352106,0.1,0.18708582769716858,0.6424778366425586,-1.087212416192465,0.9877612903225808
2309,Gap/snLSQ13zm.m0006.dat,E,18.969912540787575,0.1,2.711726212181008,0.28882714141274013,1.192825971220032,1.0
2310,SNIa-SS/sn2005eq.max.dat,E,18.97186905824498,0.07,1.9924899590511171,0.5040968468688996,1.0702225767273612,1.0
2311,SLSN-II/sn2019kwr.p0077.dat,E,18.975772785529625,0.09000000000000001,0.25301393680976414,0.46195939237872485,-0.9036399489537538,1.0
2312,SNIIb/sn2008ax.m0018.dat,E,18.977522007295743,0.12000000000000001,0.08897188277289872,0.4787352214713076,-2.0,1.0
2313,SNIIn/sn2005kj.p0032.dat,E,18.978458280845807,0.1,1.2141096655036947,0.3258146198962199,0.5165194519896734,1.0
2314,SNIa-SS/sn2007S.m0003.dat,E,18.983271168433298,0.12000000000000001,0.7721221486163201,0.3996143205908254,-9.581489594481258e-06,1.0
2315,SNIa-CN/sn2003du.p0001.dat,E,18.983827860192275,0.09000000000000001,1.8787478857860755,0.583041572175038,1.2225514901855374,1.0
2316,SNIa-BL/sn2003ch.p0001.dat,E,18.984880821516036,0.09000000000000001,1.2544276688927765,0.5812810551060544,0.7825202966480167,1.0
2317,SNIa-SS/sn2006S.max.dat,E,18.985429329205786,0.07,1.4695720326036104,0.5545285839079316,0.8291455569676833,0.9959548093841639
2318,SNII/sn1999gi.p0137.dat,E,18.986943155474762,0.08,0.07738941693726047,0.6094431016889486,-2.0,1.0
2319,SNIa-BL/sn2003ch.p0002.dat,E,18.993829228524714,0.1,1.0506668519482592,0.516873462381078,0.5055764646362697,1.0
2320,SNIb-n/sn2006jc.p0013.dat,E,18.995882996661074,0.11000000000000001,2.866023051390323,0.7457510191806754,1.5775347082897335,1.0
2321,Gap/sn2002bu.p0023.dat,E,18.99813393281491,0.1,0.7417088821909827,0.2667168419223023,-0.05692798760595439,1.0
2322,SNIa-CSM/sn2002ic.p0357.dat,E,19.00069966908189,0.1,0.03820493034404429,0.8982626300123234,-1.9943773770461513,1.0
2323,SNIa-CN/sn2007A.m0003.dat,E,19.001690431576243,0.09000000000000001,1.324361805380104,0.44150162430321804,0.6027963396789551,1.0
2324,SNIa-BL/sn1997bq.m0009.dat,E,19.002849957272783,0.13,1.3187371766052933,0.5434195049163569,0.8526224390315194,1.0
2325,SNIb/sn2004gq.p0015.dat,E,19.003302292718438,0.1,0.09309368768491431,0.4110262504303349,-2.0,1.0
2326,SNIa-CN/sn2002cr.p0001.dat,E,19.003663037086447,0.1,1.5985695093126167,0.564976121946879,1.068049521422402,1.0
2327,SNIIn/sn2000P.p0002.dat,E,19.005564479262357,0.1,0.9076398870993938,0.4544504358047293,0.12329444976565018,1.0
2328,SNIa-CN/sn2008bf.p0001.dat,E,19.009081515392374,0.09000000000000001,1.945291513084222,0.5659657017440808,1.1473794331807199,1.0
2329,SLSN-II/sn2008es.p0016.dat,E,19.00955154664085,0.12000000000000001,3.0,0.29031362270229283,1.0449737919855726,1.0
2330,SNIa-CN/sn2002jy.p0003.dat,E,19.00957110912124,0.1,1.060972188883576,0.5929451556160997,0.6256422209825365,1.0
2331,SNIa-CN/sn2007ca.p0004.dat,E,19.009951316961345,0.1,0.4344343323037379,0.588796658183233,-0.29745694227997416,1.0
2332,Gap/snLSQ13zm.p0015.dat,E,19.010277827177877,0.1,1.0290353938166437,0.3726063780498317,0.18337195207677484,1.0
2333,SNII-flash/sn2001fa.m0028.dat,E,19.018096846240706,0.09000000000000001,3.0,0.33503599330434736,1.4689969021756888,1.0
2334,SNIa-CL/sn2006bt.m0001.dat,E,19.01861570743486,0.11000000000000001,1.1314303390282612,0.5235936230315398,0.5758483065813126,1.0
2335,SNIa-BL/sn2006sr.p0003.dat,E,19.020382159133078,0.1,0.794892524150042,0.6007806325944283,0.3337847097432124,1.0
2336,SNIIn/sn1998S.p0013.dat,E,19.020751024520468,0.07,3.0,0.2576286054433177,1.29004845011513,1.0
2337,SNIIb/sn1993J.p0031.dat,E,19.028310216090574,0.1,0.089925606740389,0.4969449705239923,-2.0,1.0
2338,SNIa-CN/sn2002fk.m0001.dat,E,19.029728403335284,0.09000000000000001,2.5982397432840796,0.47407966165470006,1.4266291980617236,1.0
2339,SNIa-CN/sn1994ae.p0004.dat,E,19.032911732225486,0.1,0.9735406092017785,0.6616299971659297,0.5826851806728155,0.9870419354838708
2340,SNIa-BL/sn2006cj.p0005.dat,E,19.0332049469141,0.1,0.5443631206667077,0.44097831498707546,-0.3176212936986649,0.9801935483870968
2341,SNIIn/snOGLE-2013-SN-016.m0022.dat,E,19.04028811844918,0.09000000000000001,0.4184878504008094,0.5651461884767331,-0.43242949649901896,0.9619118518992806
2342,SNIa-CL/sn2000dk.p0121.dat,E,19.040895033338707,0.1,0.3569446596727895,0.7803841098919945,0.022641738509877177,1.0
2343,SNIa-CN/sn1998eg.m0001.dat,E,19.041644918649354,0.09000000000000001,1.0841631300563501,0.5511016781788259,0.5760718072829739,1.0
2344,SNII/sn1999br.p0019.dat,E,19.04201877301814,0.07,0.10538806079019292,0.8005917438232514,-0.9682510351838982,1.0
2345,SNIa-CN/sn2008ar.m0004.dat,E,19.042475500587734,0.11000000000000001,1.3466922321268202,0.4738654033581586,0.7062680657397856,1.0
2346,SNIa-BL/sn2004as.m0004.dat,E,19.04482862539558,0.11000000000000001,1.0789590993394278,0.5669584642120639,0.6524806227412785,1.0
2347,SNIIb-flash/sn2013cu.p0003.dat,E,19.045079560562893,0.07,3.0,0.3775419277641741,1.3356480931907355,1.0
2348,SNIb-n/sn2006jc.p0012.dat,E,19.045391145673676,0.11000000000000001,1.4193160541391052,0.7169357845055908,1.468205337319969,1.0
2349,SNIIn/sn1997eg.p0293.dat,E,19.048597467533263,0.1,0.09027987606849361,0.5408748930784288,-2.0,1.0
2350,SNII/sn1999gi.max.dat,E,19.05477678449533,0.1,3.0,0.216737269855751,1.1809285980605135,1.0
2351,SNIa-BL/sn2007af.max.dat,E,19.055817879867497,0.1,0.9575996107715318,0.6102849509183483,0.5627091574212105,1.0
2352,SNIa-CN/sn2008ar.m0003.dat,E,19.058330584349275,0.1,1.3253023515467892,0.5085315418462221,0.7354865988884112,1.0
2353,SNIa-CN/sn2002fk.m0003.dat,E,19.06018460480416,0.09000000000000001,2.615565886533893,0.41495040712690484,1.356463643913763,1.0
2354,SNIa-CL/sn2007ci.m0005.dat,E,19.060570441295777,0.1,1.3074228009799105,0.5802857655049295,0.8194606872430031,1.0
2355,SNIa-CN/sn2006ax.p0001.dat,E,19.062322222260285,0.1,1.9015277968300632,0.5612822705918918,1.127222944531872,1.0
2356,SNIIb/sn1993J.m0011.dat,E,19.06872589634695,0.11000000000000001,0.09380157469112747,0.6100349524276675,-1.806774822414225,0.9906637314616881
2357,SNIa-CL/sn2007fb.p0100.dat,E,19.06942616122351,0.1,0.11867291714512268,0.6395914776786031,-1.5358433877607673,1.0
2358,SNIa-CN/sn2006N.p0003.dat,E,19.070515160654246,0.1,0.6415496357838725,0.5182457976870949,-0.017268546817115912,1.0
2359,SNIa-CN/sn2008bf.p0003.dat,E,19.08153452894727,0.1,1.6335494866912428,0.5896066771774932,1.0209793520637398,1.0
2360,SLSN-I/sn2010gx.p0004.dat,E,19.083175732050094,0.1,3.0,0.45728758937903075,0.9554316949617302,1.0
2361,SNIa-SS/sn2001eh.m0002.dat,E,19.08406273725108,0.07,1.2273149714476896,0.5784112585314346,0.6805203766800495,1.0
2362,Gap/sn2001ac.p0005.dat,E,19.08654759934335,0.1,0.49292298254398675,0.4494569995966484,-0.3696437643700546,1.0
2363,SNIa-BL/sn2007le.m0010.dat,E,19.08797703399523,0.13,0.5858160410102913,0.5168864969237811,-0.05692214735825167,1.0
2364,SNIa-BL/sn2003ch.m0002.dat,E,19.089307713496346,0.09000000000000001,1.5428207222665231,0.5417246616528875,0.9573149758623657,1.0
2365,SNIa-BL/sn2003W.m0009.dat,E,19.090166496605217,0.13,1.0437835288328245,0.29591049551646165,0.2402045116724189,1.0
2366,SNIIn/sn2005kj.p0033.dat,E,19.090915377661986,0.1,1.1399953420268565,0.32350743958875633,0.4299975850818876,1.0
2367,SNIa-BL/sn2001ep.m0001.dat,E,19.0924595020742,0.1,0.8809472306519733,0.6075401122658293,0.5093782668196054,1.0
2368,SNIa-CN/sn2008ar.m0007.dat,E,19.10017326395039,0.12000000000000001,1.039874342903667,0.4038383327920632,0.3538407152985217,1.0
2369,SNIa-CN/sn1994D.m0006.dat,E,19.1007472632179,0.09000000000000001,3.0,0.550631048138273,1.7274045375795426,1.0
2370,SNIa-SS/sn1999aa.m0002.dat,E,19.101516899037456,0.07,2.553043467617496,0.5187097035739917,1.3996389142347023,1.0
2371,SLSN-II/sn2008es.p0003.dat,E,19.10258553852845,0.08,3.0,0.3759449048752714,1.1152276672426589,1.0
2372,SNIa-SS/sn2006gr.m0001.dat,E,19.104224952451183,0.07,1.888228525158509,0.5446444990589971,1.0689039852998445,0.9926851906158357
2373,SNIa-BL/sn1999cc.m0003.dat,E,19.10999671427101,0.1,1.261412392143975,0.5910697591880653,0.8366875468672548,1.0
2374,SNIa-BL/sn1999cl.m0007.dat,E,19.11300159851994,0.12000000000000001,0.10714138421946674,0.3934931386488269,-2.0,1.0
2375,SNIa-SS/sn2005M.p0005.dat,E,19.113387494501247,0.11000000000000001,0.8511226834037602,0.6550073126625376,0.5001465307062907,1.0
2376,SNIa-CN/sn2003it.p0003.dat,E,19.113479566054547,0.1,0.766161827293508,0.5608277082768882,0.2338073272415819,1.0
2377,SNIa-CN/sn2001br.m0000.dat,E,19.11539426422411,0.11000000000000001,0.8305396530059398,0.48126101571670044,0.2345110386675432,1.0
2378,SNIa-SS/sn1998es.p0001.dat,E,19.11555306208517,0.07,1.2667761390864758,0.5865484384557671,0.7215391125703502,1.0
2379,SNIIn/snLSQ14pt.p0007.dat,E,19.11656744579978,0.1,1.517711694103989,0.3700387877345483,0.722059368743212,1.0
2380,SNIa-BL/sn2004ef.m0002.dat,E,19.11677668270774,0.11000000000000001,0.7774570898015745,0.5730752965890886,0.27437886359720753,1.0
2381,SNIa-SS/sn2003hu.p0002.dat,E,19.122369695910823,0.08,0.9051146265747992,0.425123827889889,0.1674383243813635,0.9635113196480938
2382,SNIa-CN/sn2006N.p0001.dat,E,19.12869410140319,0.1,0.7533441662390543,0.5218071146283226,0.1423086895302637,1.0
2383,SNIa-BL/sn2007co.m0001.dat,E,19.135878169864196,0.11000000000000001,0.8104873273343226,0.5806015287099316,0.3308204242371239,1.0
2384,SLSN-I/snSSS120810.p0015.dat,E,19.137659542355628,0.12000000000000001,2.4894916823871633,0.21382583313544168,0.8746629274131523,1.0
2385,SNIa-CL/sn1998bp.m0003.dat,E,19.144792094132246,0.1,0.7589815407643623,0.5833726893680342,0.30954242328678433,1.0
2386,SNIa-CN/sn2003kf.m0003.dat,E,19.1462830913769,0.09000000000000001,0.8177460570946722,0.5346550012483067,0.27401433255322066,1.0
2387,SNIa-BL/sn2006cp.m0006.dat,E,19.15150558858248,0.12000000000000001,1.0897419504294927,0.5636584959189459,0.6357720659019999,1.0
2388,SNIa-SS/sn2006gr.m0011.dat,E,19.153605740677452,0.13,1.8545743962079155,0.27752016301898297,0.7905149134533042,1.0
2389,SNIa-SS/sn2007S.m0004.dat,E,19.156930838188117,0.12000000000000001,0.9423845023851164,0.34888630472203896,0.15610534687428484,1.0
2390,SNIa-CN/sn2000dn.m0001.dat,E,19.156961037998766,0.09000000000000001,1.5519214506713894,0.537101869243227,0.9548950784883398,1.0
2391,SNIa-CL/sn2007hj.m0001.dat,E,19.158851833451614,0.1,0.5813925809830456,0.6439313569618857,0.11709121412562472,1.0
2392,Gap/snLSQ13zm.p0013.dat,E,19.159031924564097,0.1,1.0026643324104216,0.4156144255109699,0.2295339199119527,1.0
2393,SNIa-CN/sn2001cp.m0004.dat,E,19.15922823387613,0.1,1.5249782978022133,0.48395276660540193,0.8329365212215225,1.0
2394,SNIb-pec/sn2007uy.m0013.dat,E,19.160873719878598,0.13,0.909783718438959,0.2743201533960665,0.0005563295307125896,1.0
2395,SNIa-CL/sn2002eu.p0001.dat,E,19.16348169630105,0.1,0.753393337860562,0.5889416266273596,0.27592757919020866,1.0
2396,SNIa-SS/sn2003fa.m0007.dat,E,19.167990033962113,0.13,2.954813787601607,0.2211011747524736,1.238762093935361,1.0
2397,SNIa-CN/sn2002aw.m0001.dat,E,19.16856772721544,0.09000000000000001,0.9919274793791575,0.44492691915778565,0.3497425170461465,1.0
2398,SNIa-BL/sn2002cd.m0008.dat,E,19.172545118261958,0.12000000000000001,0.17637245237564642,0.4737404710738165,-1.3775462740673268,1.0
2399,SNIa-CSM/sn2012ca.p0469.dat,E,19.17349719910504,0.12000000000000001,0.036145785207985476,0.8767218532858592,-1.977640845275336,1.0
2400,SNIa-CN/sn1996bl.m0002.dat,E,19.179078960473955,0.11000000000000001,0.6799148377478629,0.5070751997128309,0.04852879214755911,1.0
2401,SNIa-BL/sn1998ef.m0004.dat,E,19.179380189539668,0.11000000000000001,0.8129593541638893,0.5643252332129074,0.32079768602394804,1.0
2402,SLSN-II/sn2019cqc.p0010.dat,E,19.189784930995135,0.13,3.0,0.1879343609231569,0.846028868900277,0.9553934302011117
2403,SNIIn/snLSQ14pt.p0008.dat,E,19.190196816417075,0.1,1.9510132736583266,0.38524375106854164,0.6665967942463656,1.0
2404,SNIa-BL/sn2006sr.p0001.dat,E,19.19161131063116,0.1,0.8947181798828279,0.6049132442891451,0.43106361535057824,1.0
2405,SNII-flash/sn2001fa.m0025.dat,E,19.196700178738173,0.1,1.4040475906787662,0.28303385772931083,0.761311391959456,0.9983100390657778
2406,SNIa-CN/sn1996bl.m0004.dat,E,19.19822722385834,0.11000000000000001,0.7405425924397565,0.5337275189947818,0.1754875435253936,1.0
2407,SLSN-IIn/snPTF10fel.p0095.dat,E,19.202158228466367,0.1,0.11657510185676902,0.61785376526055,-1.4921880391475932,1.0
2408,SNIa-CN/sn2003it.p0001.dat,E,19.20578470726413,0.1,0.9385400989091925,0.5638700734098565,0.4532282679840587,1.0
2409,SNIa-SS/sn2006gr.m0004.dat,E,19.206182888358867,0.12000000000000001,1.7032092682586444,0.39934373831496744,0.8279447389435969,1.0
2410,SNIa-CN/sn1998dx.p0002.dat,E,19.20807332614531,0.1,0.999339448718189,0.616750458394151,0.5588734261947996,1.0
2411,SNII-flash/sn2013fs.p0007.dat,E,19.210698463488928,0.1,2.565038500623458,0.12313643062840741,0.8682472164933985,1.0
2412,SNIa-BL/sn2002dj.m0007.dat,E,19.214905355761065,0.12000000000000001,0.7269786769745917,0.4718105025960697,0.09053237088825306,1.0
2413,SLSN-I/snASASSN-15lh.p0032.dat,E,19.219500752660316,0.12000000000000001,3.0,0.2795467071581454,0.9613171411712884,1.0
2414,SNIa-CSM/snPTF12efc.m0024.dat,E,19.22044495693676,0.1,3.0,0.4490490681738295,1.0919254529184361,1.0
2415,SNIa-CN/sn2008ar.m0005.dat,E,19.22093824430289,0.11000000000000001,1.191152239527232,0.4481289545131251,0.5455240349387976,1.0
2416,SNIa-BL/sn2006sr.p0002.dat,E,19.22232763737899,0.1,0.85436175705426,0.611175577590051,0.4027815448986789,1.0
2417,SNII/sn1999br.p0016.dat,E,19.226279124267045,0.09000000000000001,0.3985854115325144,0.5923443345530556,-0.26213610211515587,1.0
2418,SNIa-CL/sn2006bt.m0003.dat,E,19.22749605759398,0.11000000000000001,1.1321380260939693,0.5302616913375453,0.586137111035017,1.0
2419,SNIa-CN/sn2003it.p0002.dat,E,19.228289323908548,0.1,0.8636207954849503,0.5813842096546266,0.40203419693893805,1.0
2420,SNII-flash/sniPTF14flu.p0018.dat,E,19.228444628433643,0.09000000000000001,3.0,0.23846344927186575,1.1948019573198494,1.0
2421,SNIa-BL/sn2007co.m0003.dat,E,19.229813360758556,0.11000000000000001,0.9078800889507765,0.5748636667478652,0.4485879114560401,1.0
2422,SNIa-CN/sn2003ic.m0004.dat,E,19.2300236123154,0.07,1.2818193466927597,0.21359090686425325,0.2901225029284012,0.9840279178885628
2423,SNIa-BL/sn2003ch.m0000.dat,E,19.235923184091906,0.09000000000000001,1.1241127737138195,0.5945710081445804,0.6939034516686121,1.0
2424,SNIa-BL/sn1999ej.m0002.dat,E,19.236130936619116,0.1,0.9909956756889302,0.5545123667905387,0.5271808425658268,1.0
2425,SNIIb/sn2008ax.p0034.dat,E,19.239169823954704,0.09000000000000001,0.08328015706356846,0.49354510645094163,-2.0,1.0
2426,SNIIn/sn2005kj.p0020.dat,E,19.242459124824684,0.1,1.335586345059296,0.4124745329517769,0.5993983727508079,1.0
2427,SNIa-CN/sn2001cp.m0005.dat,E,19.242570608775484,0.1,1.4631329342542583,0.47236632781733207,0.777626525948355,1.0
2428,SNIc-bl/sn1998bw.m0007.dat,E,19.24395997631153,0.13,1.116651451322608,0.42232531010883345,0.6010162205783179,1.0
2429,SNIa-CN/sn2005cf.p0001.dat,E,19.24997758084143,0.09000000000000001,1.4284433974088533,0.5974901215360314,0.9484800445233009,1.0
2430,SNIa-SS/sn2006S.m0001.dat,E,19.251495759961337,0.07,1.3886316699516235,0.5689744309444211,0.7963539216400743,0.9959548093841639
2431,SNIa-SS/sn2006S.p0004.dat,E,19.25327741817427,0.07,1.0167591248568508,0.6100802732982697,0.6799048654483295,1.0
2432,SNIa-SS/sn1999dq.m0003.dat,E,19.254035276272006,0.12000000000000001,0.9361619424941573,0.40633010442662004,0.2266368149575373,1.0
2433,SNII/sn1999em.p0011.dat,E,19.258091387436835,0.1,0.3588528106934534,0.6141914610354052,-0.21686364155462118,0.9703024880159081
2434,SNIa-CN/sn2007F.m0002.dat,E,19.26248805657891,0.1,1.780649621252113,0.5308312135789093,1.0240060466656589,1.0
2435,SNIa-CN/sn1997dt.m0005.dat,E,19.262964706179957,0.1,0.38637978369832937,0.5036531949612587,-0.5622630994679547,1.0
2436,SNIIn/sn2005ip.p0020.dat,E,19.265094442967943,0.1,0.08458555796248246,0.5261483175416378,-2.0,1.0
2437,SNIa-CN/sn2008Q.m0000.dat,E,19.266802828157978,0.09000000000000001,1.3754805646286392,0.572263241086422,0.8234021688859212,1.0
2438,SNIa-CN/sn1994D.m0000.dat,E,19.268891672421116,0.09000000000000001,1.0439682452039447,0.5891688040468599,0.6507220466889735,1.0
2439,SNIa-CN/sn2001G.m0005.dat,E,19.270620790666015,0.1,2.186009642009278,0.43182279293155146,1.1573321776607834,1.0
2440,SNIa-BL/sn2003cq.m0006.dat,E,19.280212571981792,0.11000000000000001,1.0753448500590825,0.5005963348669715,0.5335885909560727,1.0
2441,SNII-flash/sn2001fa.m0026.dat,E,19.283473557702827,0.1,1.7726848419255945,0.20942991950256634,0.9395603151463776,1.0
2442,SNIa-CSM/sn2012ca.p0495.dat,E,19.28372686415592,0.1,0.13809824657146372,0.6992491126283014,-1.1311629368717615,1.0
2443,SNIa-BL/sn2004ef.m0008.dat,E,19.284106016572988,0.13,0.5663123388996728,0.590419037291032,-0.003263278222433371,1.0
2444,SLSN-IIn/sn2006gy.m0004.dat,E,19.284110052342548,0.1,0.24722254752195605,0.2153103015570163,-1.2515690674340785,1.0
2445,SNIa-SS/sn1998es.m0001.dat,E,19.284576321294455,0.07,1.5410148253650464,0.5510733373511678,0.8896424182913022,1.0
2446,SNIa-CL/sn2007au.m0004.dat,E,19.28477060028775,0.1,0.609775839250135,0.6164283349839553,0.08032457910640695,1.0
2447,SNIa-CN/sn2001G.p0123.dat,E,19.285594181816855,0.1,0.14233196093187678,0.6289213643415645,-1.268051046296389,1.0
2448,SNIa-SS/sn2006gr.m0005.dat,E,19.285595788303336,0.13,1.827755903800652,0.2813685980520021,0.7803587885680198,1.0
2449,SNIa-CN/sn1994D.m0003.dat,E,19.28849884104168,0.09000000000000001,1.737671927380203,0.5292110884498088,1.0870131412018962,1.0
2450,SNII/sn2012aw.p0001.dat,E,19.29276454959695,0.11000000000000001,3.0,0.39305369125504747,1.2778648172483829,1.0
2451,SNIa-SS/sn2006gz.m0012.dat,E,19.293909972316936,0.1,1.4632938666149284,0.34393173461516297,0.5788116414940541,1.0
2452,SNIa-CN/sn1995E.m0001.dat,E,19.298258315274573,0.1,0.16068710780181633,0.6194263619591547,-1.2746750946477499,0.9919774193548387
2453,SNIa-CN/sn1998aq.m0009.dat,E,19.298392893611314,0.09000000000000001,3.0,0.3538004561885245,1.374606268806713,1.0
2454,SNIa-CN/sn2006cf.p0003.dat,E,19.29867562575399,0.1,0.8092431193292093,0.4283898362662276,0.08565709778187183,1.0
2455,SNIa-CN/sn1994ae.p0001.dat,E,19.299302717464013,0.08,0.7607295531302805,0.7810819346210115,0.531729280379445,0.9527113196480936
2456,SLSN-II/sn2020hgr.p0008.dat,E,19.299642385295012,0.09000000000000001,2.041543619223744,0.37249461144951135,0.7603083393102406,1.0
2457,Gap/sn2017be.p0007.dat,E,19.301448207489116,0.1,0.2652680698241467,0.5101779920094236,-0.8599089695439122,1.0
2458,SLSN-II/snCSS121015.max.dat,E,19.305714153593982,0.09000000000000001,3.0,0.45198708079245936,0.8779622455602726,0.9774983837561312
2459,SNIa-CN/sn2003it.m0000.dat,E,19.30875636220885,0.09000000000000001,0.9985548367667336,0.5703745906264022,0.5182256030080602,1.0
2460,SNIa-BL/sn2007bd.p0002.dat,E,19.31338084820273,0.1,0.7641923666564546,0.5997843484848279,0.27474312637735643,1.0
2461,SNIa-BL/sn2007bm.m0011.dat,E,19.31546909094099,0.11000000000000001,0.28872119587202705,0.5546569206463812,-0.7816392188387045,1.0
2462,SNIa-CN/sn1994ae.p0003.dat,E,19.31768679468723,0.1,1.0920437353042733,0.667008526291231,0.7286402325314469,0.9931806451612901
2463,SNIa-SS/sn2006gr.m0002.dat,E,19.32247271589166,0.07,1.8030985043684515,0.5636708723738111,1.064413667652199,0.9914708504398825
2464,SNIb/sn2008D.m0016.dat,E,19.324132583457338,0.13,0.3936036880711291,0.1526631800951845,-0.8886173406749387,1.0
2465,SNIa-BL/sn2002cd.m0007.dat,E,19.325874654317186,0.12000000000000001,0.19121701357085003,0.5119074889429809,-1.2319326329345228,1.0
2466,SNIa-CN/sn1994ae.p0002.dat,E,19.333101853097432,0.1,1.0523726637920912,0.6714998890965905,0.6949895725334174,0.9950709677419355
2467,SNIa-BL/sn1998dh.m0004.dat,E,19.335256835957885,0.11000000000000001,0.7620273369175483,0.6185261789604594,0.37776634641487183,1.0
2468,SNIa-BL/sn2002cs.m0005.dat,E,19.335375411269204,0.12000000000000001,1.168154155161521,0.49678204007187804,0.613777842947926,1.0
2469,SNIb-nIIb-n/sn2005la.p0018.dat,E,19.336382847846703,0.1,1.2924779015135524,0.4341208809723844,0.4260003136339203,1.0
2470,SNIa-CN/sn1994ae.max.dat,E,19.3389140116574,0.08,0.8228648602665077,0.7834932097311779,0.6173952209411697,0.9522489149560116
2471,SNIa-CL/sn2007au.m0006.dat,E,19.34234989278297,0.1,0.649716060164196,0.6023798230795696,0.12302160341948823,1.0
2472,SNIa-SS/sn2006gr.m0008.dat,E,19.349011880103365,0.13,2.0749462642226058,0.23059609882537613,0.8718120212691107,1.0
2473,SNIa-BL/sn2002dj.m0008.dat,E,19.349703324411177,0.12000000000000001,0.628544686373803,0.47898309310180265,-0.05184430470946761,1.0
2474,SNIa-CN/sn2005cf.m0000.dat,E,19.34997929597989,0.09000000000000001,1.4054165662319198,0.592246625128207,0.9218207862508415,1.0
2475,SNIIn/sn2000bg.m0028.dat,E,19.35179426028591,0.07,0.8980130947094639,0.0,-0.27405319061330946,1.0
2476,SNIa-BL/sn2004as.m0005.dat,E,19.3522956551681,0.11000000000000001,0.9614364868349771,0.5789922480611919,0.5553945793425394,1.0
2477,SNIIn/sn2006qq.p0073.dat,E,19.35233653742676,0.1,0.35842342391550575,0.432228117126398,-0.7055239859213143,1.0
2478,SNIa-CN/sn1994D.m0011.dat,E,19.354230475700824,0.13,0.7546362954517494,0.5613155157959514,0.506287089205673,1.0
2479,SNIa-BL/sn1999cc.m0000.dat,E,19.356612670289152,0.1,0.8784160104250782,0.634377988040019,0.5239025556416401,1.0
2480,SNIIb/sn1996cb.p0035.dat,E,19.357180249398148,0.09000000000000001,0.09092063583456815,0.5289866606776106,-2.0,1.0
2481,SNIa-CN/sn2008ar.m0001.dat,E,19.357766534445155,0.1,1.2357341681273406,0.5551799781666118,0.7276396460676968,1.0
2482,SNIa-CL/sn2006gj.m0001.dat,E,19.364594634994113,0.1,0.3567818966280137,0.5975789725853932,-0.5251363916177607,1.0
2483,Gap/sn2006fp.p0003.dat,E,19.365115555779155,0.08,0.09442745665980933,0.5783303150752755,-1.943627495565845,1.0
2484,SLSN-II/sn2020bfe.m0028.dat,E,19.36644566098782,0.09000000000000001,1.3397746876280066,0.5071671286474976,0.5770310905896548,1.0
2485,SNIa-CN/sn2008Q.m0001.dat,E,19.36825554085649,0.09000000000000001,1.5733419474245636,0.5577482692178164,0.9622716070273757,1.0
2486,SNII/sn2013am.p0003.dat,E,19.375489200769422,0.09000000000000001,0.5304054781460142,0.2608482355722143,-0.5560728225340363,1.0
2487,SNIIn/sn2000P.p0001.dat,E,19.37566250937921,0.1,0.8727460169635771,0.5017253363254013,0.1497080038848558,1.0
2488,SNIa-SS/sn2002cx.m0002.dat,E,19.37773619966931,0.09000000000000001,2.5112736160144338,0.3605759179144128,1.2301905658546717,1.0
2489,SLSN-I/sn2005ap.p0004.dat,E,19.379738282695676,0.1,3.0,0.5464364424948127,1.066305362845664,1.0
2490,SLSN-IIn/snPTF10tpz.p0037.dat,E,19.388530406564975,0.1,0.10107302192284356,0.5195447442450382,-1.9397391326248434,1.0
2491,SNIa-CN/sn2004at.p0001.dat,E,19.391835858138705,0.1,1.5008123151314563,0.6186579214874085,1.0549361006796971,1.0
2492,SNIa-CN/sn2006az.m0001.dat,E,19.393110035143245,0.09000000000000001,1.3249119472868283,0.5004289167632789,0.68265000656619,1.0
2493,SNIIn/sn1999el.max.dat,E,19.393774247151637,0.08,0.1380149348323458,0.5911351325420349,-1.4894405031924653,1.0
2494,SNIa-CL/sn2003iv.p0001.dat,E,19.39408520153861,0.1,0.7250378396421028,0.6129126428304117,0.23824370319651653,1.0
2495,SNIa-BL/sn1997do.m0007.dat,E,19.396423056155804,0.12000000000000001,1.3334297195371214,0.49256392741647803,0.7749312509200874,1.0
2496,SNII-flash/sniPTF14flu.p0020.dat,E,19.401177544428382,0.09000000000000001,3.0,0.17281087670120698,1.2264603896952495,1.0
2497,SNIc/sn2005kl.p0070.dat,E,19.40470721945282,0.11000000000000001,0.2313838562272472,0.5605525210738994,-1.027389463483055,1.0
2498,SNIa-CL/sn2002dl.m0007.dat,E,19.406836043712673,0.1,0.6144464335059302,0.4556728980647089,-0.12940516166833146,1.0
2499,SNIa-BL/sn1998ef.m0005.dat,E,19.40740383817389,0.11000000000000001,0.7782809572101772,0.5822332554262645,0.31062021815618157,1.0
2500,SNII/sn2004et.p0055.dat,E,19.407876065133586,0.08,0.08237718671000302,0.44338366885765956,-2.0,1.0
2501,SNIIb/sn1993J.p0346.dat,E,19.412666462756782,0.11000000000000001,0.06417217342777613,0.9073787599910565,-1.4225964714749508,1.0
2502,SNIa-CN/sn2003it.m0001.dat,E,19.413683558771947,0.09000000000000001,0.9753117303192109,0.5515163133634592,0.4749471534492363,1.0
2503,SNIa-CL/sn2001ex.m0004.dat,E,19.416448601974267,0.1,0.6520672796750918,0.6192051412665021,0.18004044823784968,1.0
2504,SNIa-BL/sn2002bo.m0008.dat,E,19.41939347626011,0.12000000000000001,0.3337387998502878,0.6256885825860808,-0.46392400650911486,1.0
2505,SNIa-CN/sn2004at.p0002.dat,E,19.4231351464693,0.1,1.1829042686658295,0.6254486353810242,0.8126028679447334,1.0
2506,SNII/sn2013am.p0010.dat,E,19.4259623365406,0.1,0.09236117241201035,0.6305382330706233,-1.7965347796912332,1.0
2507,SNIb/sn2007C.p0063.dat,E,19.42792833507709,0.1,0.08470525515913024,0.4552555586259357,-2.0,1.0
2508,SNIIn/snPTF10uls.m0008.dat,E,19.428198278474138,0.08,2.6407996483993768,0.15913276654987457,0.9677594888366108,1.0
2509,SNIIn/sn2015da.m0011.dat,E,19.43003895951911,0.1,0.135919428907361,0.2791960737863023,-2.0,1.0
2510,SNIa-BL/sn2004ef.m0003.dat,E,19.43092858439194,0.12000000000000001,0.7523023738431931,0.5941772344081002,0.27597462333255013,1.0
2511,SNIa-SS/sn2007S.m0001.dat,E,19.434981521963515,0.07,0.5613509691026226,0.5547660959853828,-0.1292476283777893,1.0
2512,SNIa-CN/sn2006N.p0002.dat,E,19.43582920601444,0.1,0.6423208360033767,0.5717454087466559,0.05856386516775134,1.0
2513,SNIb-n/sn2006jc.p0020.dat,E,19.436355039064296,0.11000000000000001,1.1526978834789714,0.8201166928042684,0.814904142403394,1.0
2514,SNIa-BL/sn2003gn.m0003.dat,E,19.43981828772919,0.11000000000000001,0.7498212301986298,0.646388343142474,0.39923622594660096,1.0
2515,SNIa-BL/sn2004ef.m0004.dat,E,19.439894071935576,0.12000000000000001,0.7593652395196947,0.5950364287960224,0.28925787180030854,1.0
2516,SNIIb/sn2008ax.p0012.dat,E,19.440131001532123,0.09000000000000001,0.0814196315552973,0.5084378958821039,-2.0,1.0
2517,SLSN-I/snPTF12dam.p0007.dat,E,19.44171058245964,0.11000000000000001,2.8411979440236594,0.35276221304199484,1.0627603173658153,1.0
2518,SNIa-BL/sn2006X.p0150.dat,E,19.441967902167566,0.1,0.04675053690573012,0.8246325119094009,-2.0,1.0
2519,SNIa-CN/sn1994D.m0004.dat,E,19.446178196509095,0.1,1.59825752303076,0.5252492522258193,1.0163955996622513,1.0
2520,SNIIn/sn2005ip.p0018.dat,E,19.45286935451512,0.1,0.21060715828120907,0.5246954613802879,-1.1673803713609727,1.0
2521,SNIa-SS/sn2002de.m0003.dat,E,19.453034290689967,0.09000000000000001,0.7781839545096122,0.46483547424976884,0.10987389279024172,1.0
2522,SNII/sn1999br.p0014.dat,E,19.45352333107738,0.1,0.4292091603606827,0.5585428778455591,-0.2605861853686174,1.0
2523,SNIa-CL/sn2003iv.p0085.dat,E,19.454027487023467,0.11000000000000001,0.06659609382524637,0.865589441575903,-1.583116473090094,0.9600702932551322
2524,SLSN-I/snASASSN-15lh.p0039.dat,E,19.461871350942843,0.13,3.0,0.2589067458586847,0.9638911687989854,1.0
2525,SNII-flash/sn2016bkv.m0002.dat,E,19.462718259150137,0.09000000000000001,3.0,0.3752872607930985,1.4638607573732207,1.0
2526,SNIa-CN/sn2002aw.m0002.dat,E,19.462821449694815,0.09000000000000001,0.9821363351132312,0.5455109236237953,0.4882250106226735,1.0
2527,SNII-flash/sniPTF15crj.p0006.dat,E,19.464573711358366,0.1,0.2518080254110626,0.5271243221965319,-0.9198185982161876,1.0
2528,SNII/sn2006bp.p0057.dat,E,19.469175335657994,0.08,0.08382867175505607,0.5718719391772018,-2.0,0.9694762941781062
2529,SLSN-I/sn2010gx.m0004.dat,E,19.47639181425074,0.08,3.0,0.47769788532306406,1.168397999875924,1.0
2530,SLSN-I/snPTF12dam.m0014.dat,E,19.47791464830114,0.1,3.0,0.5035647231898741,1.3051578655058218,1.0
2531,SNIa-SS/sn2006S.m0006.dat,E,19.479514399422712,0.12000000000000001,2.2839549355416615,0.3533666137692805,1.0873885493475788,1.0
2532,SNIb-n/sn2006jc.p0017.dat,E,19.480750584819788,0.11000000000000001,1.1993934214568094,0.7963702977449891,0.821284880319372,1.0
2533,SNII-flash/sniPTF14flu.p0024.dat,E,19.485054814913582,0.1,2.14136811278696,0.3220236108582489,0.8280548170132178,1.0
2534,SLSN-IIn/sn2006gy.p0002.dat,E,19.48679018541527,0.09000000000000001,0.28821311235199737,0.18421291763338551,-1.1991132772964577,1.0
2535,Gap/sn1999bw.m0019.dat,E,19.487190249196274,0.1,0.1845472160386318,0.5455941961548845,-1.2497937521270983,1.0
2536,SNII/sn2012aw.p0011.dat,E,19.492274016110116,0.1,1.6857746796432163,0.48730364628543127,0.8608605884759145,1.0
2537,SNIb-n/sn2006jc.p0019.dat,E,19.49445043965791,0.11000000000000001,1.1870876516267117,0.8117023446831794,0.8266583568652133,1.0
2538,SNIa-CN/sn2005bc.m0006.dat,E,19.49534717755851,0.09000000000000001,0.38467642511971456,0.563461252179449,-0.48699688859841783,1.0
2539,SNII/sn2006ov.p0115.dat,E,19.497299711127503,0.08,0.08766714141224033,0.5021227773458049,-2.0,1.0
2540,SNIa-BL/sn2003W.m0010.dat,E,19.49981982188521,0.13,0.9865214927651361,0.5554916153512652,0.5501793826778619,1.0
2541,SNIa-CN/sn2006lf.m0005.dat,E,19.501463172628593,0.09000000000000001,0.12857472749641916,0.5495676936990316,-1.6647235761228982,1.0
2542,SNIIn/sn2006aa.p0041.dat,E,19.503728364193265,0.1,1.6126052066238494,0.8344135865510169,2.0,1.0
2543,SNIa-BL/sn1994T.p0001.dat,E,19.506241138204444,0.11000000000000001,0.17315940603027888,0.7436677019358073,-0.5374610081573219,1.0
2544,SNIa-SS/sn2007ae.p0002.dat,E,19.50653561041734,0.1,0.940175739196914,0.6244729251870432,0.5130013037230283,0.9878354838709675
2545,SNIa-SS/sn2002hu.m0001.dat,E,19.50688133128503,0.08,2.0070681134932573,0.5765308151672087,1.2268264419669173,1.0
2546,SNIa-BL/sn2007af.m0001.dat,E,19.50765729930798,0.1,0.5483128534508248,0.6442986470896774,0.015162153223023596,1.0
2547,SNIb-pec/sn2007uy.p0075.dat,E,19.507693070829273,0.1,0.10894432463385043,0.30174398412110703,-2.0,1.0
2548,SNIa-BL/sn1997do.m0008.dat,E,19.50901295940328,0.13,1.2599224261700053,0.4425303638557548,0.6469809261197995,1.0
2549,SNIa-BL/sn2007af.m0003.dat,E,19.512961890830915,0.1,1.3037660854373752,0.6233073280924551,0.9488058153645111,1.0
2550,Gap/sn2001ac.p0009.dat,E,19.51321603940754,0.08,0.6674718650129384,0.3102618330710874,-0.13148924375682194,1.0
2551,SNIa-CN/sn2003kf.m0005.dat,E,19.5144395740788,0.1,0.7847960713548469,0.5337564155455972,0.22199199263325642,1.0
2552,SNIa-BL/sn2002he.m0003.dat,E,19.514465997322723,0.1,0.7811496387595875,0.6045440429798528,0.4506498884568928,1.0
2553,SLSN-IIn/snPTF10scc.p0038.dat,E,19.516153961097004,0.1,0.5444314474149123,0.4147471434174642,-0.3531767291702933,1.0
2554,Gap/snLSQ13zm.max.dat,E,19.52239993027723,0.1,2.037304314292493,0.38085751670361523,1.0286364331710036,1.0
2555,SNIa-CN/sn2006le.m0009.dat,E,19.523370270225783,0.13,1.2361623758022717,0.3225846012051492,0.4492304481577347,1.0
2556,SNIb-nIIb-n/sn2005la.p0019.dat,E,19.524495263157007,0.08,1.9759569890729245,0.4400030591878147,1.0278077303526265,0.9604290711260703
2557,SNII/sn1999em.p0044.dat,E,19.530162374712162,0.08,0.11211421785464336,0.45778628383543707,-2.0,1.0
2558,SNIa-SS/sn2005eu.m0005.dat,E,19.535631543490723,0.1,1.7296809706795007,0.3785282598097663,0.7880997975819544,1.0
2559,SNIa-CL/sn2007hj.m0002.dat,E,19.537005116025647,0.1,0.5266381694044111,0.6472782616658651,0.005468442668949239,1.0
2560,SNIa-CN/sn2004at.m0001.dat,E,19.54035592312947,0.09000000000000001,1.7077559025664304,0.5973386277807479,1.160797193925463,1.0
2561,SNIa-BL/sn2001ep.m0002.dat,E,19.545311330065168,0.1,0.753960268198802,0.6354459870899027,0.39824915989975873,1.0
2562,SNIa-BL/sn1997E.m0004.dat,E,19.547379988885947,0.1,0.4084529565620509,0.6048900654694822,-0.2716514723474434,1.0
2563,SNIa-SS/sn2008A.m0004.dat,E,19.5564345600258,0.1,1.310359351726248,0.4574736337739842,0.6570040311496127,1.0
2564,SNIa-CN/sn2006cq.m0003.dat,E,19.557061857416453,0.1,1.4068089066993315,0.5651751918058464,0.8438963036818208,1.0
2565,SNIa-CN/sn2007F.m0001.dat,E,19.55834949712202,0.09000000000000001,1.7178095922104546,0.589394906133756,1.0742830200515392,1.0
2566,SNIa-CN/sn2006lf.m0006.dat,E,19.55866850957628,0.09000000000000001,0.13927527316902952,0.5423158174648686,-1.6039996630834519,1.0
2567,SNIa-BL/sn2006sr.m0001.dat,E,19.558677618129273,0.1,0.7953668007512399,0.6173339574244424,0.33227146171457467,1.0
2568,SNIIn/sn2008B.p0001.dat,E,19.560847863614974,0.1,1.7112768229249815,0.4426499423158969,0.6860898342876083,1.0
2569,SNIa-SS/sn2005hk.m0004.dat,E,19.564959901923856,0.1,1.9528744588642,0.3765007329962379,0.9879348667792759,1.0
2570,SNIa-SS/sn2006gr.m0007.dat,E,19.567455027296027,0.13,2.0399654956035436,0.26555733821431643,0.8899736740072848,1.0
2571,SNIa-CN/sn1996X.m0004.dat,E,19.56826649632466,0.1,1.161392924184085,0.5824617881097398,0.748817300243817,1.0
2572,SNIa-BL/sn2002dp.m0005.dat,E,19.56886686591453,0.1,0.9011348917219327,0.5961692410512447,0.5427472702958837,1.0
2573,SNIa-BL/sn2002cu.m0003.dat,E,19.569550642934654,0.1,0.9334609223349815,0.6134874447444603,0.5814865812440092,1.0
2574,SNIa-CN/sn1998aq.m0010.dat,E,19.572061255296095,0.09000000000000001,3.0,0.41622613493686417,1.5153680868731603,1.0
2575,SNIa-CN/sn2004at.max.dat,E,19.577550133763015,0.1,1.4268093929629484,0.6231093144902659,1.0201014870073735,1.0
2576,SNIa-BL/sn2007af.m0005.dat,E,19.578282192647976,0.1,0.8822205991402716,0.6082395731964423,0.4877966200174844,1.0
2577,SNIa-SS/sn2002de.m0005.dat,E,19.579409581649614,0.07,0.8032604115404184,0.38647497252017166,0.038119640905568804,1.0
2578,SNIa-BL/sn2002cd.m0009.dat,E,19.58549433401195,0.13,0.18721699631481703,0.4448083315349978,-1.36273108868053,1.0
2579,SNIa-CL/sn2007ci.m0007.dat,E,19.589611896425737,0.1,1.0855116269413378,0.647777406706329,0.7567489236556442,1.0
2580,SNIa-CN/sn2008Q.m0002.dat,E,19.59490425608252,0.09000000000000001,1.3014690192757592,0.5618265756254273,0.7770200153637065,1.0
2581,SNIa-BL/sn2006cp.m0009.dat,E,19.596799767000533,0.13,0.8949132680840882,0.567910870567593,0.44543397519233463,1.0
2582,SNII-flash/sn2016bkv.m0006.dat,E,19.598934485441365,0.09000000000000001,2.687654856336348,0.47072653386759533,1.560421288350705,1.0
2583,SNIa-CL/sn2003iv.m0001.dat,E,19.60028141830076,0.09000000000000001,0.8712897061842041,0.6209939909381001,0.44244477979124874,1.0
2584,SNIa-CL/sn2006gt.p0001.dat,E,19.60585179540449,0.1,0.6113096519594101,0.6650902165265402,0.18535317487669967,1.0
2585,SNIa-BL/sn2003U.m0006.dat,E,19.607806391669353,0.1,1.0312086469392587,0.59905669476012,0.6615471656190846,1.0
2586,SLSN-II/sn2019cqc.p0002.dat,E,19.609013016508605,0.1,0.9551005777128341,0.3556268186291077,0.13349598691477782,1.0
2587,SNIa-CN/sn1994D.m0005.dat,E,19.61147407232321,0.1,1.462011193731017,0.5295388924396027,0.9425162092064003,1.0
2588,SNIb-n/sn2006jc.p0030.dat,E,19.613838531364387,0.1,0.7870920015237953,0.8643992186175928,0.5482534577533862,1.0
2589,Gap/sn2019abn.p0025.dat,E,19.615595677157916,0.07,0.2095684359356316,0.0,-2.0,1.0
2590,SNII-flash/sniPTF14flu.p0017.dat,E,19.616056097631176,0.09000000000000001,2.4226359441319905,0.30616796480157144,1.0105210611779862,1.0
2591,SNII/sn2002gd.p0009.dat,E,19.620670530547017,0.09000000000000001,1.0583721216266966,0.3878567200912747,0.28453719107676495,1.0
2592,SNIa-BL/sn2007co.m0005.dat,E,19.62121510684826,0.11000000000000001,0.6640082639803413,0.5995935018596232,0.16062620570886965,1.0
2593,SNIIn/sn2003G.m0007.dat,E,19.623294569677086,0.1,0.5203045728954452,0.6553330633812888,0.10330862714308083,1.0
2594,SNIIn/sn1999Z.p0003.dat,E,19.62357372538252,0.1,0.19525569999218342,0.6321591323723491,-1.1198249693529352,1.0
2595,Gap/sn2019abn.p0016.dat,E,19.62642059344386,0.07,0.19760459148675133,0.0,-2.0,1.0
2596,SNIa-CN/sn2000dm.m0003.dat,E,19.6283448453013,0.09000000000000001,0.808930780832338,0.5531363031063393,0.3110227794890103,1.0
2597,SNIa-CN/sn2002er.m0004.dat,E,19.630437635142503,0.1,0.4368284989635586,0.6231381858985807,-0.21808877511624797,1.0
2598,SNIa-BL/sn2006cp.m0011.dat,E,19.630656267026467,0.13,0.6958383163336941,0.5885428084303762,0.2218293132640619,1.0
2599,SNIa-CN/sn2003it.m0002.dat,E,19.63402752180462,0.1,0.899219659668247,0.5690466639832006,0.4382733326532018,1.0
2600,SLSN-I/snPTF12dam.p0004.dat,E,19.635238239923535,0.11000000000000001,3.0,0.47339901240180177,1.3390262839623417,1.0
2601,SNIb-n/sn2006jc.p0004.dat,E,19.636463002217514,0.13,1.08803460288802,0.6245301951579304,0.7660348606017725,1.0
2602,SNIa-BL/sn2007co.m0004.dat,E,19.637072116917697,0.11000000000000001,0.7745648213765511,0.605524849045007,0.33953484521733307,1.0
2603,SNIa-SS/sn2006gz.m0011.dat,E,19.638089845681268,0.1,1.388939950650262,0.4434960248443613,0.6676691524923072,1.0
2604,SNIb/sn2004gq.p0017.dat,E,19.638143368368603,0.1,0.09505157416157199,0.3894951889542024,-2.0,1.0
2605,SNIb/sn2005bf.p0024.dat,E,19.638425334470575,0.09000000000000001,0.09973177521339648,0.4655090341941195,-2.0,1.0
2606,SNIIn/sn2006aa.p0075.dat,E,19.642372146982474,0.1,0.2397977871054653,0.711007602298314,-0.5315708043297328,1.0
2607,SNIa-BL/sn1998dh.m0005.dat,E,19.64437510285297,0.1,0.7878667120647449,0.6342642272677737,0.44641957876526944,1.0
2608,SNIa-SS/sn2006S.m0003.dat,E,19.64633622689687,0.1,1.3963342517740955,0.521735720528176,0.7831933634967075,1.0
2609,SNIa-CN/sn2006lf.m0008.dat,E,19.649884612454493,0.09000000000000001,0.13925847018637927,0.5877366936659093,-1.5394697592213595,1.0
2610,SLSN-IIn/snPTF10jwd.p0005.dat,E,19.64991810317205,0.1,0.7514089700788079,0.49631499229122084,-0.14557371591497328,1.0
2611,SNIa-BL/sn2006cj.m0001.dat,E,19.650225702294577,0.09000000000000001,0.6561043122525567,0.68216558864756,0.17598222402044753,0.9589475366568915
2612,SNIa-BL/sn2007le.m0006.dat,E,19.65048881495287,0.11000000000000001,0.5213504988493303,0.5637762870277115,-0.13352001972279082,1.0
2613,SNIa-CN/sn2002cr.m0002.dat,E,19.653714568517938,0.1,1.2971904774096317,0.5913786038263379,0.9102732536709636,1.0
2614,SLSN-II/sn2008es.m0012.dat,E,19.655673141831514,0.09000000000000001,3.0,0.2788983050496812,1.1277274564229964,1.0
2615,SLSN-II/sn2018jkq.p0015.dat,E,19.672522764011276,0.09000000000000001,1.2539574668095415,0.41769534865474767,0.4474953217418888,1.0
2616,SNIIn/sn1999el.m0005.dat,E,19.674662527993412,0.08,0.11721804405126535,0.6349093564340232,-1.5830263789340253,1.0
2617,SNIa-CN/sn2002cr.m0008.dat,E,19.677390078246376,0.1,1.3362363322194473,0.5819707559496518,0.9094737359304967,1.0
2618,SNIIn/snLSQ12hxg.p0048.dat,E,19.67884584809668,0.1,0.8945759399317936,0.5228014995557043,0.4032543706277228,1.0
2619,SNIa-BL/sn2003W.m0011.dat,E,19.67949169212896,0.13,0.49448006284047663,0.5055903098327649,-0.0654513010044369,1.0
2620,SNIa-CL/sn2007bc.m0003.dat,E,19.683096699294943,0.1,1.1688144800422247,0.6110112015769995,0.7472795962760239,1.0
2621,SNIa-BL/sn2003kc.m0008.dat,E,19.6905058149657,0.12000000000000001,0.647628537083808,0.4926761391655379,0.009495095913144772,1.0
2622,SNIb-nIIb-n/sn2005la.p0017.dat,E,19.693761445259703,0.1,0.9318134857588344,0.5372945078176495,0.22040556214494442,1.0
2623,SNIa-CN/sn1997dt.m0009.dat,E,19.696459089374812,0.1,0.34037185200947756,0.5273379623897174,-0.6637671508091183,1.0
2624,SNIIn/snLSQ12hxg.p0020.dat,E,19.697728928636053,0.1,2.3350968133802286,0.5026043671644586,0.9883480869853576,1.0
2625,SNII/sn2012aw.p0013.dat,E,19.69783296242868,0.1,0.5517739210068515,0.5857710056515955,-0.14764218773693677,1.0
2626,SNIa-CN/sn2008ar.m0002.dat,E,19.699595747691234,0.1,0.7360300117396956,0.5873717416584471,0.24539636743825644,1.0
2627,SNIa-CL/sn2007au.m0005.dat,E,19.700413931168118,0.1,0.5310646535513651,0.6509802255755309,-0.00976524357118445,1.0
2628,SNIIn/sn1995G.p0036.dat,E,19.701850507323375,0.1,0.17078841659246122,0.6800740005808836,-0.9942532729101671,1.0
2629,Gap/sn2017jfs.p0009.dat,E,19.71018559497269,0.1,0.10475963768893731,0.7745879931051408,-1.2788077567276344,1.0
2630,SNIIn/snOGLE-2013-SN-016.m0023.dat,E,19.71451577513873,0.1,0.6501312504774661,0.5190031483991846,-0.01541877409284989,1.0
2631,SNIa-BL/sn2007le.m0008.dat,E,19.71587770692693,0.12000000000000001,0.358343526143953,0.5425055064599275,-0.538475558138113,1.0
2632,SNIa-CL/sn2007ci.m0006.dat,E,19.728398293417666,0.1,0.8953134871370482,0.6530750101203965,0.5603254803097355,1.0
2633,SNIa-CN/sn2000dn.m0004.dat,E,19.72998037485565,0.09000000000000001,1.1774089732355497,0.5851209235816889,0.7234028829145479,1.0
2634,SNIa-SS/sn2008Z.m0004.dat,E,19.73189240419193,0.1,0.9697751839863987,0.4946176347305962,0.3544918404415914,1.0
2635,SNIa-BL/sn2004as.m0007.dat,E,19.734891519110263,0.12000000000000001,0.7401687849960473,0.5910583419004706,0.3059070121952279,1.0
2636,SNIa-CN/sn2005el.m0004.dat,E,19.739864139188136,0.09000000000000001,1.3818109491312973,0.5215331436447749,0.7918740420110894,1.0
2637,SNII/sn1999em.p0010.dat,E,19.74015118039343,0.09000000000000001,0.39737513818991266,0.6408645536079474,-0.03302727382159318,0.9781774208010967
2638,SNIa-CN/sn1998dx.p0001.dat,E,19.743735595501835,0.09000000000000001,0.7824502331948243,0.7061160094339305,0.4429618750241779,1.0
2639,SNIa-BL/sn2004ef.m0005.dat,E,19.745279732798487,0.12000000000000001,0.6439433863075361,0.6108063810851116,0.17707978314812878,1.0
2640,SNIa-BL/sn2006cp.m0010.dat,E,19.746588728441235,0.13,0.7368982882777139,0.5924413513092078,0.28303681607111475,1.0
2641,SNIa-CN/sn2000dn.m0008.dat,E,19.750445612729905,0.09000000000000001,1.232171645741206,0.5711227697827482,0.7851083818523236,1.0
2642,SNIa-CN/sn1997dt.m0011.dat,E,19.75381771638844,0.1,0.33791764119358036,0.4989628457445873,-0.7143088108571656,1.0
2643,SLSN-I/snPTF12dam.m0021.dat,E,19.755654820852623,0.1,3.0,0.4860035689549221,1.2798285470353012,1.0
2644,Gap/snLSQ13zm.p0007.dat,E,19.756825577614332,0.1,1.4217383324367354,0.4789797467463757,0.635817866372496,1.0
2645,SNIa-CN/sn1997dt.m0008.dat,E,19.757392687175674,0.1,0.327779271254797,0.5369350624294305,-0.6881403010010646,1.0
2646,SNIIn/sn1999el.m0004.dat,E,19.760974984339985,0.08,0.12059209292632521,0.6487353347770646,-1.5356021359945307,1.0
2647,SNIa-CN/sn1997dt.m0010.dat,E,19.76532764633815,0.1,0.33524223657916363,0.5292476029317636,-0.6742292437414589,1.0
2648,SNIb-n/sn2006jc.p0042.dat,E,19.766961178275565,0.1,0.39807496011665006,0.8861205190649475,-0.06067138768978554,1.0
2649,SLSN-II/sn2019uba.p0002.dat,E,19.76923094438351,0.09000000000000001,3.0,0.48229196773893085,0.9755569783572109,1.0
2650,SNIa-CN/sn2002cr.m0006.dat,E,19.776493642168465,0.1,1.059963525610388,0.5827767478346141,0.6714633713801226,1.0
2651,SNIa-CN/sn2005cf.m0001.dat,E,19.78377906072706,0.09000000000000001,1.1709767613075384,0.6153335026137292,0.7748463596240672,1.0
2652,SNII/sn2013am.p0032.dat,E,19.78529889174508,0.08,0.12540067963740648,0.3987514693271121,-2.0,1.0
2653,SNIa-CN/sn2003kf.m0007.dat,E,19.785764547247304,0.1,0.8674252382961624,0.5423500866900333,0.3560764910617138,1.0
2654,SNIa-CN/sn1998dx.m0001.dat,E,19.787298105605863,0.09000000000000001,0.9967913799427569,0.6491510954540097,0.6058876613914802,1.0
2655,SNIa-CN/sn2006N.m0001.dat,E,19.78933136195672,0.1,0.6123391197909372,0.5698675456217556,0.0027225058917626343,1.0
2656,SNIa-BL/sn2001ep.m0007.dat,E,19.789889892226448,0.11000000000000001,0.4200032813118649,0.6282766623640746,-0.23475177712438153,1.0
2657,SNIa-CN/sn2005na.m0002.dat,E,19.802042204780385,0.09000000000000001,1.6200786494847557,0.59110677419084,1.037540121975387,1.0
2658,SNII/sn2006bp.p0021.dat,E,19.802604280418524,0.09000000000000001,0.16766570200748745,0.5535608655226996,-1.1802071008110713,0.9575449217526346
2659,SNIIn/sn2000P.m0003.dat,E,19.804427014596346,0.1,1.153610086159216,0.5195795341991338,0.49681912170790293,1.0
2660,SNIb-n/sn2006jc.p0047.dat,E,19.81169209725332,0.1,0.43851204836696545,0.9057556514843587,0.08491803404885745,1.0
2661,SNIa-CN/sn2003it.m0003.dat,E,19.813703951979427,0.1,0.94355302745842,0.57476658551608,0.4921112840238555,1.0
2662,SNIa-BL/sn2007af.m0004.dat,E,19.816247266152445,0.1,0.8527131801693953,0.6431434136667271,0.5273805195266272,1.0
2663,SNIIn/sn2005db.p0141.dat,E,19.81894675889246,0.1,0.7671356434293578,0.5484265866770169,0.15927071762462036,1.0
2664,Gap/sn2006bv.p0003.dat,E,19.825090244580615,0.1,0.6127749451660828,0.48072619069858985,-0.19646411503293185,1.0
2665,SNIa-BL/sn2007jg.m0002.dat,E,19.82599528583248,0.11000000000000001,0.9112871039055203,0.6023944591549086,0.4997774971075011,1.0
2666,SLSN-I/snPTF12dam.m0022.dat,E,19.82820527087317,0.1,1.7893037359685362,0.5376504674144892,1.1212982252647432,1.0
2667,SNII/sn1999gi.p0168.dat,E,19.833755642872497,0.09000000000000001,0.06382856458349609,0.701104038834834,-2.0,1.0
2668,SNIIn/sn2015da.m0001.dat,E,19.83649970145192,0.1,0.16276503277932594,0.13882799555358338,-2.0,1.0
2669,SNII/sn2013am.p0008.dat,E,19.83918949135657,0.1,0.11664928737877406,0.6126076086790604,-1.5671921447383261,1.0
2670,SNIa-BL/sn2002cs.m0009.dat,E,19.84975904588773,0.11000000000000001,0.6717456891438806,0.6082000142589727,0.20573925154849793,1.0
2671,SNIa-BL/sn2007bm.m0009.dat,E,19.849899809482526,0.1,0.2699001931398965,0.5912722399572679,-0.7854351648917678,1.0
2672,SNIa-SS/sn2005eu.m0007.dat,E,19.85403442082155,0.07,1.205721409778962,0.3339194926534292,0.3362735513196775,0.9890735483870964
2673,SNIa-CL/sn2007hj.m0003.dat,E,19.855347971864425,0.1,0.4683641140812569,0.6761426962182281,-0.08120005163968827,1.0
2674,SNIb-n/sn2006jc.p0011.dat,E,19.857064545320988,0.11000000000000001,1.5402840352486649,0.7673419830757988,1.025495795506239,1.0
2675,SNIa-CSM/snPTF12efc.m0012.dat,E,19.85973518495735,0.09000000000000001,2.300177472566379,0.4649330103880318,0.9714664617501427,1.0
2676,SNIa-CSM/sn2011km.p0363.dat,E,19.871442544327717,0.1,0.07824577286273156,0.7753948254564303,-1.617344364927016,1.0
2677,SNIa-CN/sn2006le.m0007.dat,E,19.87282849493935,0.12000000000000001,0.8734538115316998,0.4317734760978907,0.21053149647057,1.0
2678,SLSN-IIn/sn2006gy.p0166.dat,E,19.879488524453944,0.08,0.1878472158334764,0.0,-2.0,1.0
2679,SNIa-CL/sn2007fb.p0002.dat,E,19.87972495744991,0.09000000000000001,0.6353812022265956,0.6654195049899574,0.18578968889018885,1.0
2680,SNIb-n/sn2006jc.p0035.dat,E,19.879801949746778,0.1,0.552403969523018,0.8815576915948498,0.25913705425323513,1.0
2681,Gap/sn2002kg.p0072.dat,E,19.88250972109099,0.1,0.4003873815185419,0.6266060879909596,-0.335736802385293,1.0
2682,SNIIn/sn2005cp.p0025.dat,E,19.882763016823805,0.1,0.5890470347173372,0.5867778610236232,0.08131877796754794,1.0
2683,SNIa-SS/sn2008Z.m0005.dat,E,19.88372336471879,0.1,1.0417211857280508,0.5137583636431741,0.46481915249571376,1.0
2684,SNIIn/sn1999el.m0003.dat,E,19.890536155903348,0.09000000000000001,0.07990469731223768,0.6726326898826861,-1.8278705422435204,1.0
2685,SNIa-CN/sn2006ax.m0006.dat,E,19.891571807791586,0.1,1.558576048555721,0.5531461965503132,0.981105072970617,1.0
2686,SNIIn/snLSQ12heq.p0011.dat,E,19.894109801910382,0.08,1.5177263964657692,0.5596768245791456,0.7810970745683474,1.0
2687,SNIb-n/sn2006jc.p0038.dat,E,19.895550914107616,0.1,0.3853661772194358,0.9090271362037011,-0.04847945471034458,1.0
2688,SNIa-BL/sn2002ha.m0004.dat,E,19.897121108059416,0.09000000000000001,1.0519836044180693,0.592302806812479,0.6633460406633428,1.0
2689,SNIa-CL/sn2000dk.m0004.dat,E,19.89876435387196,0.1,0.7519459583897301,0.6522536989340206,0.4436316032389453,1.0
2690,SNIa-BL/sn2001ep.m0003.dat,E,19.899301351797394,0.1,0.6738489649045447,0.660233412302499,0.3389535945332292,1.0
2691,SNIa-CN/sn2007F.m0009.dat,E,19.899408353700824,0.11000000000000001,1.6787282185897465,0.5309467582091167,0.9996105074343595,1.0
2692,SNIa-BL/sn2004as.m0006.dat,E,19.903981653320795,0.12000000000000001,0.7252858291848372,0.6115054849284622,0.32698530031352807,1.0
2693,SNIIb/sn1996cb.p0031.dat,E,19.910582259246873,0.09000000000000001,0.08835198434933689,0.5475068600113522,-2.0,1.0
2694,SLSN-II/sn2019gsp.p0007.dat,E,19.91582371711513,0.1,1.5932889972629123,0.4847005628195008,0.6603488458050742,1.0
2695,SLSN-II/sn2018jkq.p0004.dat,E,19.91617641585605,0.07,1.8222874628891728,0.2728193167213417,0.6458185520084871,1.0
2696,SNIa-SS/sn2006gz.m0008.dat,E,19.918178657363022,0.1,1.4403562948344724,0.5254341861352888,0.8293678838044736,1.0
2697,SNIIn/sn2015da.m0027.dat,E,19.924045943729137,0.1,0.10160779394179804,0.49481329571832433,-2.0,1.0
2698,SNIa-SS/sn2000cx.p0093.dat,E,19.924557671103162,0.1,0.07739489411113103,0.9089510127559468,-1.1215999056065094,1.0
2699,SNIIn/snLSQ13sd.p0000.dat,E,19.924639782095348,0.08,0.24830035217974777,0.6592935745951934,-0.6950855399133689,1.0
2700,SNIa-BL/sn2004fu.m0003.dat,E,19.92619595409927,0.11000000000000001,0.37886853575560936,0.6552645988366894,-0.3246390205700427,1.0
2701,SNII/sn2013am.p0004.dat,E,19.931748319946962,0.09000000000000001,0.3005812601684593,0.4591370998777024,-0.8691130385216349,1.0
2702,SNIa-BL/sn2007af.m0006.dat,E,19.932799415749045,0.1,0.6173149447541221,0.6378545306469009,0.16666369893924812,1.0
2703,SNIa-CN/sn2005cf.m0002.dat,E,19.940930772985915,0.09000000000000001,0.912423045640704,0.6167968776819,0.5174494414760996,1.0
2704,SNIIn/sn2006aa.p0018.dat,E,19.941041488373095,0.1,0.38019392975812977,0.6565048642835691,-0.2058278241531988,1.0
2705,SNIa-BL/sn2002cs.m0007.dat,E,19.94253963409905,0.11000000000000001,0.6721998756978693,0.6105850423918379,0.21271453634835963,1.0
2706,SNIb-n/sn2006jc.p0033.dat,E,19.94257574671077,0.1,0.4699878032268675,0.8879743400986864,0.11273171260220993,1.0
2707,SNIa-SS/sn2005eu.m0009.dat,E,19.94368038987235,0.1,1.1848818760125646,0.4598532231515908,0.4856220813151073,1.0
2708,SNIa-CSM/sn2011km.p0283.dat,E,19.944113396931968,0.1,0.03599033516487949,0.9142850661017553,-1.9886807585173512,1.0
2709,SNIa-CN/sn1998dx.m0002.dat,E,19.94482316034841,0.09000000000000001,1.2247166073798121,0.6357923156885694,0.8185844848444519,1.0
2710,SNIa-BL/sn2007af.m0002.dat,E,19.95053950587615,0.1,0.4683208333478135,0.6735727055200196,-0.08902998520180837,1.0
2711,SNIa-SS/sn2006gz.m0009.dat,E,19.965901058335966,0.09000000000000001,2.1506753667000797,0.5098543630868986,1.2236898654626733,1.0
2712,SNIIn/sn2015da.p0004.dat,E,19.96632291649658,0.09000000000000001,0.14813303388604931,0.13546836722461342,-2.0,1.0
2713,SNIa-CN/sn2006N.m0003.dat,E,19.9672809763111,0.1,0.49444490619951853,0.5807049975366938,-0.20614461541223988,1.0
2714,SNIIn/sn2006aa.p0024.dat,E,19.967715715684847,0.1,0.3543594291119119,0.6705105339364298,-0.2395953477318889,1.0
2715,SNIa-CN/sn2007F.m0006.dat,E,19.975805682432338,0.12000000000000001,2.0148884059704195,0.47941566145504344,1.133428397173983,1.0
2716,SNIa-CL/sn2003iv.m0002.dat,E,19.982635979639873,0.1,0.8210456651686614,0.6486640254478653,0.46532001979291243,1.0
2717,SNIa-CL/sn2002hw.m0003.dat,E,19.982864372241387,0.1,0.198618212393418,0.6907976685253616,-0.917049262122993,1.0
2718,SNIa-CN/sn2005el.m0005.dat,E,19.983493305797577,0.09000000000000001,1.221668760839923,0.5453698222348913,0.704759113711293,1.0
2719,SNIa-CN/sn2005el.m0006.dat,E,19.988503194741703,0.09000000000000001,1.0316229765441374,0.541774683858397,0.5220311752951369,1.0
2720,SNIa-CN/sn2008Q.m0003.dat,E,19.988721632476224,0.09000000000000001,1.0452624391418701,0.590284613850693,0.6087853810241967,1.0
2721,SNIa-CN/sn2007F.m0007.dat,E,19.996565140364588,0.12000000000000001,2.0479132875994783,0.47655021063427816,1.1332078541216142,1.0
2722,SNIIn/snLSQ12hxg.p0010.dat,E,19.997772112905253,0.1,1.0252471964807266,0.5983161986371458,0.705508678300233,1.0
2723,SNIa-BL/sn2003U.m0009.dat,E,19.99973064247032,0.1,0.6417448789902305,0.6588392891644587,0.3646373619389258,1.0
2724,SNIa-CN/sn2001fh.m0004.dat,E,20.006382356642717,0.09000000000000001,0.1445798400626244,0.5301640110523957,-1.5652250294131007,1.0
2725,SNIa-SS/sn2002hu.m0004.dat,E,20.006393038445974,0.1,1.2839801379777118,0.5761609800772017,0.8115416442906469,1.0
2726,SNII/sn2009N.p0104.dat,E,20.007491060421405,0.08,0.07501447574451753,0.621877220282701,-2.0,1.0
2727,SNIa-CN/sn2001fh.m0002.dat,E,20.00897816718688,0.1,0.10490659899017378,0.5941421424718936,-1.7847411062855532,1.0
2728,SNIa-CL/sn2000dk.m0005.dat,E,20.010396276745908,0.1,0.5978163361270784,0.6565899519133703,0.2012232534451688,1.0
2729,SNIb-n/sn2006jc.p0010.dat,E,20.010828261791715,0.11000000000000001,1.3417253343229985,0.7683999019405761,0.9073316664446723,1.0
2730,SNIa-SS/sn2008Z.m0006.dat,E,20.01344483865453,0.11000000000000001,1.0782487520563544,0.4930192776348272,0.4885028413026433,1.0
2731,SNII/sn1999gi.p0152.dat,E,20.02106127000489,0.09000000000000001,0.06906078523602152,0.6543064147526345,-2.0,1.0
2732,SNIa-SS/sn2005eq.m0002.dat,E,20.022032636247086,0.07,0.5339848098441785,0.7186966652851858,0.08538767886894132,1.0
2733,SLSN-II/sn2019aanx.p0021.dat,E,20.02725202147624,0.1,0.651594440527871,0.5409857506817863,-0.23185646476570393,1.0
2734,SNIIn/sn2007pk.m0002.dat,E,20.03408883010198,0.1,2.431778686648415,0.5185628815393916,1.3190895745663942,1.0
2735,Gap/snLSQ13zm.p0578.dat,E,20.03969656750394,0.1,0.08662671544336178,0.7836775977035186,-1.4885469889216216,1.0
2736,SNIIn/snLSQ12heq.p0013.dat,E,20.04129589536401,0.08,1.7340019552707822,0.5417215736318917,0.8797073038592139,1.0
2737,SNIa-BL/sn2004ef.m0006.dat,E,20.04250266374096,0.12000000000000001,0.566874187014179,0.6425133456023849,0.09760731195691494,1.0
2738,SNIa-CN/sn2003cg.m0006.dat,E,20.048234402892923,0.1,0.1320819301592807,0.28432038430630746,-2.0,1.0
2739,SNIa-CN/sn2006lf.m0007.dat,E,20.04921050474102,0.09000000000000001,0.09240881893962341,0.5897363511506745,-1.9665234934059983,1.0
2740,SNIa-CN/sn2005bc.m0005.dat,E,20.049452853501997,0.09000000000000001,0.3126712350461644,0.6233405378856183,-0.6385902022077179,1.0
2741,SNIa-BL/sn1998dh.m0007.dat,E,20.052097463172018,0.1,0.5976161397960239,0.6636058954385251,0.2146783028672318,1.0
2742,SLSN-II/sn2018lqi.m0021.dat,E,20.05783244780157,0.1,0.9980383298446277,0.4868729513354285,0.18531833677514567,1.0
2743,SNIIn/sn1997cy.p0392.dat,E,20.061151571531255,0.1,0.11369880961113482,0.8425686333545156,-0.8154441639970199,1.0
2744,SNIIn/sn1995G.p0003.dat,E,20.062329581413806,0.1,0.32920676506326396,0.7338007362472543,-0.5029857326167109,1.0
2745,SNIa-BL/sn2007bd.m0004.dat,E,20.072748311424853,0.1,0.7816922165256688,0.6394201228841832,0.3871383048177249,1.0
2746,SLSN-II/sn2008am.p0021.dat,E,20.0798628001532,0.1,0.43467515743701973,0.4709815520379409,-0.571959646432377,1.0
2747,SNIIn/sn1998S.p2141.dat,E,20.082017691284932,0.1,0.22461929775028847,0.47170172109406244,-1.1634052322023662,1.0
2748,SNII-flash/sniPTF15crj.m0008.dat,E,20.093601362938443,0.08,0.680668243447155,0.5329559877304946,0.03524175340576128,1.0
2749,SLSN-II/sn2020hgr.p0001.dat,E,20.093814438042976,0.09000000000000001,1.04230959477071,0.5553212770651634,0.6283445575601816,1.0
2750,SNIa-CN/sn2007F.m0008.dat,E,20.09417191668505,0.12000000000000001,1.6642271407852203,0.48847286223823344,0.9519531545865334,1.0
2751,SNIa-CN/sn2004at.m0004.dat,E,20.096573019607376,0.1,1.2088383167001215,0.6249527614325272,0.8758261892768675,1.0
2752,SNIIb-flash/sn2013cu.max.dat,E,20.10328577982053,0.07,3.0,0.2731955261177252,1.7384688201254763,0.9595300036570854
2753,SLSN-II/sn2019aanx.m0016.dat,E,20.106596541144587,0.09000000000000001,1.7094409042274354,0.463207604059154,0.357273423808686,1.0
2754,SNIa-SS/sn2002hu.m0005.dat,E,20.108830072585064,0.07,1.9727983518807302,0.5722720412605926,1.2209028698575277,1.0
2755,SNIb-nIIb-n/sn2005la.p0014.dat,E,20.11002451781792,0.09000000000000001,0.9644863899617087,0.4395376798242343,0.5024804006889146,0.9601420645781887
2756,SNIb-nIIb-n/sn2005la.p0015.dat,E,20.110671088675378,0.1,0.8044744519145193,0.6071934731478286,0.1651679501699277,1.0
2757,SNII/sn2012aw.p0003.dat,E,20.111139288030955,0.1,2.2880405204853087,0.4615501787020595,0.9627220720721803,1.0
2758,SNIa-CN/sn1995D.p0004.dat,E,20.11306772040087,0.12000000000000001,0.6049820033149902,0.807108382678597,0.36081688723791394,0.9600708504398826
2759,SLSN-II/sn2020yue.m0021.dat,E,20.114988451420484,0.09000000000000001,1.232357537367885,0.4456863238382133,0.28510133643971036,1.0
2760,SLSN-II/snCSS121015.p0406.dat,E,20.1198065439505,0.07,0.09252901513470113,0.5607234102301495,-2.0,0.9987628680038161
2761,SNII/sn2005cs.p0008.dat,E,20.1271185330181,0.1,0.6290265760929924,0.6260780052387844,0.23893537740496856,1.0
2762,SNIb-nIIb-n/sn2005la.p0016.dat,E,20.13011927806553,0.1,0.7878766458718142,0.607259422679906,0.1411286839406466,1.0
2763,SNIa-BL/sn2006cp.m0008.dat,E,20.137086875752544,0.13,0.7445984704107148,0.6127453940125471,0.3302389815101333,1.0
2764,SNII/sn2012aw.p0004.dat,E,20.137186935837978,0.1,1.5856997338962915,0.4637621757686414,0.9493617832106144,1.0
2765,SNIa-BL/sn1998dh.m0008.dat,E,20.14477183488296,0.1,0.5564024158424796,0.669174487551284,0.14633279199083427,1.0
2766,SNIa-CN/sn2003du.m0010.dat,E,20.14672120140218,0.1,1.4422831546268937,0.5826696550567996,1.016349802421931,1.0
2767,SNIIn/sn2005bx.m0015.dat,E,20.158647298119483,0.1,0.9500168326613853,0.6084036818282935,0.6418967069234156,1.0
2768,SNIIb/sn1996cb.p0027.dat,E,20.159412826939246,0.09000000000000001,0.08446473076043312,0.5722277893988206,-2.0,1.0
2769,SLSN-IIn/snPTF10tpz.p0003.dat,E,20.16419090022532,0.1,0.10941239129359713,0.5965820862676713,-1.732157626088417,1.0
2770,SNIa-SS/sn2008Z.m0007.dat,E,20.16802545758152,0.07,0.9560819137333527,0.5128891958213858,0.3576005112336629,1.0
2771,SNIa-CN/sn2001fh.m0003.dat,E,20.180977977553578,0.09000000000000001,0.10410784973026564,0.5835481319587815,-1.8273705491499723,1.0
2772,SNIa-BL/sn2002bo.p0310.dat,E,20.181981836865717,0.09000000000000001,0.0780022347669432,0.6516850023781937,-2.0,1.0
2773,SNIa-BL/sn2007bd.m0001.dat,E,20.18238255322853,0.1,0.5297440728510283,0.6794768988891113,0.03260490702596058,1.0
2774,SNIa-BL/sn2006X.p0042.dat,E,20.184992614293677,0.09000000000000001,0.06544703598709832,0.6782309782775051,-2.0,1.0
2775,SNIIn/sn2010jl.p0041.dat,E,20.19114940636269,0.1,0.0754449152765224,0.7832246963000654,-1.5005870700156914,1.0
2776,SNIa-CN/sn2005cf.m0003.dat,E,20.20297018918177,0.1,0.8225797179182195,0.6511069023702077,0.4965143511300712,1.0
2777,SNIa-CN/sn2001cp.m0007.dat,E,20.207749734691067,0.1,0.7170429087930213,0.5884077723263583,0.23057967933041432,1.0
2778,SNIa-CN/sn1994D.m0010.dat,E,20.20992106211812,0.12000000000000001,0.8863005562620769,0.6105665725548023,0.583965716080834,1.0
2779,SNIa-CN/sn2003kf.m0008.dat,E,20.21118649006516,0.1,0.5215834720091965,0.5972321673189215,-0.08192865340123914,1.0
2780,SNIIn/sn2003G.max.dat,E,20.2120549827319,0.1,0.30143307745991815,0.7217931418259236,-0.37611383994330844,1.0
2781,SNIa-CN/sn2006ax.m0009.dat,E,20.21513380253002,0.1,1.2578098580262689,0.614451905526772,0.8757313473169398,1.0
2782,SNIa-CL/sn2007ci.m0008.dat,E,20.215194358087157,0.1,0.6388843041958343,0.6990663394489872,0.30468443440428233,1.0
2783,SNIa-CN/sn2006ax.m0008.dat,E,20.21938928184963,0.1,1.1804153369416692,0.6009698946888565,0.7813962960767316,1.0
2784,SNII/sn2006bp.p0003.dat,E,20.223881610796834,0.09000000000000001,1.7023463363784639,0.1676608425835636,0.8002459569053919,0.9575449217526346
2785,SNIa-BL/sn1998dh.m0009.dat,E,20.225791925476162,0.1,0.5341050561682479,0.6795606345424865,0.13178208090517196,1.0
2786,SNIa-CN/sn2003du.m0011.dat,E,20.23545087865943,0.12000000000000001,1.5380765317783072,0.5354793734848278,1.0375965022953566,1.0
2787,SNIIn/sn2005kj.p0155.dat,E,20.237537528760203,0.08,0.06835232358210366,0.699837262875189,-2.0,1.0
2788,SNIa-CN/sn2006le.m0008.dat,E,20.25282508053485,0.13,1.074811227927416,0.42359005596229504,0.43190104468088275,1.0
2789,SNIa-SS/sn2002cx.m0004.dat,E,20.25686451927876,0.07,1.833333090848673,0.3945108818209161,0.9389572041691917,1.0
2790,SNIIn/snLSQ12hxg.p0030.dat,E,20.25802559840681,0.1,0.5914053137576415,0.5999633956162225,0.09560137631546775,1.0
2791,SNIa-BL/sn2004ef.m0007.dat,E,20.272463603355718,0.13,0.4200136834339652,0.675178233240921,-0.16734615391074498,1.0
2792,SNIb/sn2008D.m0020.dat,E,20.284636122415826,0.1,0.22125354082998186,0.5013691292116479,-1.151322252948232,1.0
2793,SNIa-CN/sn2003du.m0009.dat,E,20.285252621965164,0.1,1.4407624297073263,0.6046498789158561,1.068399924776676,1.0
2794,SNIb-n/sn2006jc.p0008.dat,E,20.289503382652594,0.12000000000000001,1.350841144660962,0.7540958708404353,0.8851177498026983,1.0
2795,SNIa-CL/sn2006kf.m0005.dat,E,20.291448905443378,0.1,0.36872094823741813,0.681057551150897,-0.3311112199988914,1.0
2796,SNIIn/snLSQ12hxg.p0013.dat,E,20.294888400242037,0.1,1.3764707338815039,0.6322887052254751,0.6515866060620625,1.0
2797,SNIb/sn2008D.m0018.dat,E,20.295767938924357,0.09000000000000001,0.2889059002552765,0.48481427093205404,-0.9161249958769789,1.0
2798,SNIb-n/sn2006jc.p0009.dat,E,20.30350154764375,0.11000000000000001,1.2830943855590706,0.7840555135230759,0.8932342134037196,1.0
2799,SNIa-SS/sn2006gz.m0013.dat,E,20.31194275450088,0.1,0.7585629073029588,0.5694974875691917,0.2323977698897993,1.0
2800,SNII/sn2006bp.p0002.dat,E,20.316203143984268,0.09000000000000001,1.4654242772306953,0.22389135027917056,0.7073957314058716,0.9575449217526346
2801,SNIIn/sn2006aa.p0043.dat,E,20.316624325109444,0.1,0.29245183954355886,0.7299927903879033,-0.3036726826139053,1.0
2802,SNII/sn1987A.p0003.dat,E,20.31674169302384,0.11000000000000001,0.045281599528760805,0.7445019382633501,-0.7007772274913588,1.0
2803,SNIa-BL/sn2004fu.m0006.dat,E,20.329568114341,0.11000000000000001,0.39053515542497674,0.6766081561284296,-0.22572500103272586,1.0
2804,SNIa-CSM/sn2012ca.p0527.dat,E,20.330921323800542,0.1,0.14621188318846004,0.5735324076472276,-1.458328088021743,1.0
2805,SNIIn/sn1999el.m0008.dat,E,20.331733106493253,0.1,0.06983777835896744,0.7239524018356968,-1.9351288053695568,1.0
2806,SNIc-bl/sn1997ef.p0281.dat,E,20.33329022602488,0.11000000000000001,0.0832292541818541,0.765458780244786,-1.6413173834318908,1.0
2807,SNIa-CN/sn2004at.m0005.dat,E,20.339291371179144,0.1,1.0653240051084951,0.6510234802917422,0.800118794336231,1.0
2808,SNIIn/sn2006aa.p0049.dat,E,20.340300653138982,0.1,0.29844541261503477,0.7396846018992008,-0.2523545952291722,1.0
2809,SNIa-CN/sn2004fz.m0007.dat,E,20.343406507610624,0.09000000000000001,0.822880887366082,0.6341099483350069,0.44368111336702326,1.0
2810,SNIIn/snPTF10gvf.m0007.dat,E,20.351031521676703,0.1,0.468002206700437,0.708694726017628,-0.006572833915633312,1.0
2811,SNIIn/sn2010jl.p0025.dat,E,20.35277944858099,0.1,0.09781125244350948,0.783277574893578,-1.4063410299698011,1.0
2812,SNIa-CL/sn2002jg.m0004.dat,E,20.356584509966748,0.1,0.12368151639111045,0.6900384439434611,-1.4059894459602233,1.0
2813,SNII/sn1999em.p0007.dat,E,20.357352644909113,0.1,0.6033978422058619,0.6822932097189052,0.05058646122288301,1.0
2814,SNIa-BL/sn2006X.p0043.dat,E,20.357357493651016,0.09000000000000001,0.06382639101738338,0.6840094532591043,-2.0,1.0
2815,SLSN-II/sn2008am.p0015.dat,E,20.35821398323453,0.1,0.29339812988834413,0.5430097601175976,-0.855123268578907,1.0
2816,SNII/sn1999em.p0003.dat,E,20.360188524636733,0.1,0.9530853981975558,0.5930926017759881,0.45850863094418887,1.0
2817,SNIIb/sn1993J.p0924.dat,E,20.361900077540596,0.09000000000000001,0.22012140340828137,0.7852280216342709,-0.6534371920825559,1.0
2818,SLSN-I/snASASSN-15lh.p0013.dat,E,20.367625789053676,0.09000000000000001,3.0,0.6688460350126115,1.284859282416734,1.0
2819,SNIIn/sn2005db.m0018.dat,E,20.374037923742353,0.09000000000000001,0.07595511035282639,0.6628505044314406,-1.9150008016675746,1.0
2820,SNIIn/sn1999eb.p0041.dat,E,20.378914011425376,0.1,0.28656851826531915,0.7027779238105849,-0.5984338306586341,1.0
2821,SLSN-I/sn2013dg.p0004.dat,E,20.380741992003784,0.1,1.0529951452950483,0.6323137146565664,0.25108692223677076,1.0
2822,SNIa-BL/sn2002cu.m0006.dat,E,20.382224118832788,0.13,0.670883138377924,0.613096528323649,0.26095986228396645,1.0
2823,SNIa-CN/sn2005cf.m0004.dat,E,20.39363479335607,0.1,0.739785407259612,0.6629454700807852,0.41828209751548967,1.0
2824,SNII/sn1999gi.p0002.dat,E,20.394179343811476,0.1,0.83253495687917,0.5512870048326928,0.31200755027787175,1.0
2825,SLSN-II/sn2020yue.p0003.dat,E,20.394454451833873,0.1,0.874651882293772,0.5619489694969295,0.1005553939906407,1.0
2826,SNIIn/sn1996L.p0009.dat,E,20.405505354472034,0.12000000000000001,0.47472529540038777,0.8145671785810594,-0.0363735018751247,0.9512085436712019
2827,SNIIb/sn2008ax.p0015.dat,E,20.40807001383395,0.09000000000000001,0.07484578207471103,0.5504896185290377,-2.0,1.0
2828,SNIb-n/sn2006jc.p0063.dat,E,20.409737516346784,0.1,0.14500269433083926,0.9045701323695975,-0.7046612296089562,1.0
2829,SLSN-II/sn2008am.max.dat,E,20.410666964092304,0.07,0.31025520616926777,0.5509850105480019,-0.8297539535669392,0.9607399210861545
2830,SNII/sn2012aw.p0010.dat,E,20.41647209725335,0.1,0.6235709558273549,0.6253143416322369,0.2727385641382773,1.0
2831,SNIIn/sn2010jl.p0046.dat,E,20.424168281440537,0.1,0.06770619910153008,0.8220058988057595,-1.7142463559918193,1.0
2832,SNIa-BL/sn2002he.m0008.dat,E,20.424529173766274,0.1,0.7184249801160395,0.6946270176070922,0.4714244497342318,1.0
2833,SNIa-CL/sn2002hw.m0006.dat,E,20.426813659514437,0.09000000000000001,0.17681832822230434,0.636882600590273,-1.1761190377510446,1.0
2834,SLSN-IIn/sn2006gy.m0032.dat,E,20.426922203835346,0.1,0.10360962142146149,0.4687351382938088,-2.0,1.0
2835,SNIIn/sn1999eb.p0002.dat,E,20.427438633760897,0.1,0.2636279619506469,0.7305865542517012,-0.6324147648652696,1.0
2836,SNIa-CN/sn2008Q.m0007.dat,E,20.441398252613226,0.09000000000000001,0.6958255934522994,0.6355199881995156,0.2958708980344143,1.0
2837,SNIIb/sn2008ax.p0023.dat,E,20.44224750768258,0.09000000000000001,0.07588587246188462,0.5564727195106693,-2.0,1.0
2838,SNIa-CN/sn1994ae.p0366.dat,E,20.448283941815674,0.12000000000000001,1.0826765593530114,0.9247353713554959,2.0,1.0
2839,SNIa-BL/sn2002cu.m0008.dat,E,20.456143167710604,0.13,0.5408736012005486,0.6417686502459619,0.0699220518479702,1.0
2840,SNIIn/sn1999eb.p0001.dat,E,20.458933776210404,0.1,0.20082463892008548,0.7372504796598134,-0.8773330190241281,1.0
2841,SNIIn/sn2005db.p0007.dat,E,20.45994161876415,0.1,0.07072565218472172,0.7283519670704632,-1.8802981012295623,1.0
2842,SNIb-n/sn2006jc.p0061.dat,E,20.465503557044123,0.1,0.2335032656384442,0.906746235894694,-0.4994596659737812,1.0
2843,SNIa-CN/sn1994D.m0008.dat,E,20.466092699415,0.1,0.6832523516129807,0.6393578002098401,0.34203186050571666,1.0
2844,SNIIb/sn1996cb.p0025.dat,E,20.475846512712337,0.09000000000000001,0.08300981219345728,0.5833896336884955,-2.0,1.0
2845,SNIa-CN/sn2008Q.m0006.dat,E,20.477045338235605,0.09000000000000001,0.7437054269579968,0.6402652117397176,0.3773739275931371,1.0
2846,SNIIn/snASASSN-14il.m0011.dat,E,20.48041143126026,0.09000000000000001,0.5156954290079524,0.7362410438030239,0.25888990571694903,1.0
2847,SNIa-BL/sn2004fu.m0005.dat,E,20.489459711325082,0.11000000000000001,0.24532531425946846,0.6934441900621635,-0.6883061543196891,1.0
2848,SNIa-SS/sn2008Z.m0008.dat,E,20.492255685842988,0.07,0.6908408618000027,0.5956990416594095,0.15142390207378173,1.0
2849,SNIb-n/sn2006jc.p0007.dat,E,20.49367516670509,0.12000000000000001,1.150323466948725,0.7656396806743982,0.7608204769336285,1.0
2850,SNIa-CN/sn2005cf.m0005.dat,E,20.49569887503094,0.11000000000000001,0.7597260344271831,0.6470554829787952,0.4339276518099334,1.0
2851,SNIIn/sn1994ak.p0003.dat,E,20.507208351562216,0.09000000000000001,0.02881733023415398,1.0355775424471343,-1.9871695079553415,0.955265220486891
2852,SNIIn/sn1999eb.p0015.dat,E,20.507932315410525,0.1,0.3292736432077898,0.7013879200266628,-0.4738351847822861,1.0
2853,SLSN-II/sn2020bfe.m0014.dat,E,20.52054551986224,0.09000000000000001,0.9419319236457256,0.6210517340574325,0.4602392580192957,1.0
2854,SNIIb/sn1996cb.m0020.dat,E,20.52324572643065,0.11000000000000001,0.05595829440380054,0.7642715935270826,-2.0,1.0
2855,SNIIn/sn1995G.p0726.dat,E,20.526430122356757,0.1,0.046796843496143936,0.8025287494957926,-2.0,1.0
2856,SNIa-SS/sn2005hk.m0005.dat,E,20.537201583617822,0.1,0.7881568533157132,0.6298062239946307,0.4410460023904222,1.0
2857,SNIa-SS/sn2005hk.m0006.dat,E,20.53880218388426,0.1,0.9094459001670738,0.625713041097608,0.5800769666667936,1.0
2858,SNIa-SS/sn2008Z.m0009.dat,E,20.539591099808867,0.07,0.655400898836194,0.5926428284352572,0.09683490263969888,1.0
2859,SLSN-I/snPTF12dam.m0008.dat,E,20.549907368883865,0.1,0.9426544793289812,0.6480006561595527,0.38480731980693517,1.0
2860,SNIIn/snPTF10gvf.m0015.dat,E,20.55177204256434,0.08,0.05832761578543904,0.8951176027476389,-1.6495191084032057,1.0
2861,SNIa-SS/sn2003fa.m0006.dat,E,20.553168215322582,0.11000000000000001,1.9990912003623953,0.47182313354108946,1.2031891368125993,0.9596412023460409
2862,SNIa-BL/sn2004as.m0008.dat,E,20.55347781648927,0.12000000000000001,0.5201872282459254,0.6700057191111931,0.08089166852931864,1.0
2863,SNIIn/sn2005ip.p0046.dat,E,20.564475497997666,0.1,0.04683663064426152,0.8565950635678892,-1.9244466771924085,1.0
2864,SNII/sn2012aw.p0008.dat,E,20.568964777612177,0.1,0.7132600148272777,0.6203941327837,0.32130217229248137,1.0
2865,SLSN-II/sn2008am.p0011.dat,E,20.57465202292965,0.1,0.22294719345274233,0.6108615385060343,-1.0827117986676809,1.0
2866,SNII/sn1999em.p0009.dat,E,20.57745568686949,0.1,0.2598394208911974,0.7376687256439213,-0.6440741440467506,1.0
2867,SNIa-BL/sn2007bd.m0009.dat,E,20.577516316537462,0.1,0.4358989413027554,0.6823307219859865,-0.13494943660636272,1.0
2868,SNIIn/sn1995G.p0666.dat,E,20.581024662427755,0.1,0.059403030614987806,0.8457106685869787,-1.6625952472698318,1.0
2869,SNIa-SS/sn2008A.m0007.dat,E,20.58360202729857,0.1,0.6380048509201709,0.6488214442498019,0.2234151150014747,1.0
2870,SNIa-BL/sn2005am.m0003.dat,E,20.58578303821244,0.12000000000000001,0.6157634292266349,0.7106727311210828,0.35064094218756,1.0
2871,SNIa-CN/sn1994ae.p0152.dat,E,20.586412454609487,0.1,0.575814624996473,0.9363643569297355,1.2999391509048004,1.0
2872,SNIa-CN/sn2003kf.m0009.dat,E,20.587359194906668,0.1,0.3008044892548644,0.6643180811763685,-0.16639281782737841,1.0
2873,SNIb/sn2008D.p0012.dat,E,20.59046266304398,0.1,0.12929469788343673,0.23524953167157492,-2.0,1.0
2874,SNII/sn1999gi.p0003.dat,E,20.603156112032813,0.1,0.6253982464178338,0.60586820303727,0.09060036002619377,1.0
2875,SNII/sn1999em.p0001.dat,E,20.603451511415013,0.1,0.9378330952531007,0.6061762359349366,0.6036145411254676,1.0
2876,SNIIb/sn2008ax.p0306.dat,E,20.609979349509192,0.12000000000000001,0.042864206051309764,0.7961604381068511,-2.0,1.0
2877,SNIa-CN/sn2005iq.m0006.dat,E,20.611680649222084,0.09000000000000001,0.9918452419057181,0.6877452612165212,0.7184655382405636,1.0
2878,SNIa-CL/sn2002hw.m0005.dat,E,20.61537026794405,0.1,0.15548317945876294,0.756886539136484,-1.025378770615748,1.0
2879,SNII/sn1987A.p0004.dat,E,20.622142984995563,0.1,0.01,0.6735649271947008,-0.4804957921845222,1.0
2880,SNII/sn2012aw.p0006.dat,E,20.622952256441828,0.1,1.3534971387604229,0.6242812285502701,0.9199184567403862,1.0
2881,SNIIb/sn2008ax.p0016.dat,E,20.624174905341814,0.09000000000000001,0.07319754532325015,0.5659548371576326,-2.0,1.0
2882,SNIa-BL/sn2006X.p0033.dat,E,20.645318678641658,0.09000000000000001,0.07204079585961642,0.6734903235513754,-2.0,1.0
2883,SNIa-CL/sn2005bl.m0006.dat,E,20.646113571638416,0.12000000000000001,0.10958726167666036,0.8231300942134205,-1.1311362577432287,1.0
2884,SNIIn/sn1997cy.p0572.dat,E,20.646484176703343,0.1,0.07673012537669684,0.8739275221121496,-1.4486548684258824,1.0
2885,SNIIn/sn1998S.p0438.dat,E,20.663738512757845,0.1,0.046933133366122336,0.8449593171760287,-2.0,1.0
2886,SNIIn/sn2005ip.p0048.dat,E,20.667940412995275,0.1,0.04217220691399972,0.8701630224964223,-2.0,1.0
2887,SNII/sn2005cs.p0004.dat,E,20.672205863551916,0.09000000000000001,0.8511675868445784,0.6236738810452392,0.6444820176273021,1.0
2888,SNIb/sn2008D.p0128.dat,E,20.68073332285149,0.11000000000000001,0.041115486260771196,0.8100128652744059,-2.0,1.0
2889,SNIIn/sn1999eb.p0009.dat,E,20.684382012730424,0.1,0.27769139156404443,0.73933513794278,-0.5684762513877032,1.0
2890,Gap/sn2002kg.p0779.dat,E,20.69399843270517,0.1,0.15315481850452853,0.8274115715603493,-0.8084601812904324,1.0
2891,SNIa-BL/sn2007le.m0007.dat,E,20.700460883807764,0.11000000000000001,0.3100926775817358,0.6948248412241407,-0.4254896463365283,1.0
2892,SLSN-II/sn2008am.m0001.dat,E,20.705226056638047,0.1,0.1622698170761027,0.6407524028177912,-1.2846859336497793,1.0
2893,SNII/sn2004et.p0065.dat,E,20.70574692692261,0.08,0.06864034546120737,0.580223855713769,-2.0,1.0
2894,SNIIn/sn2005kj.p0007.dat,E,20.708722358554308,0.08,0.5206799556835814,0.5810687972431424,-0.08686187665715599,1.0
2895,SNIIn/sn2005cl.p0015.dat,E,20.718572837167407,0.1,0.20405373022224058,0.7669218659263879,-0.6321303396858668,1.0
2896,SLSN-II/snCSS121015.p0407.dat,E,20.723525643026488,0.07,0.08969294741184536,0.5706394431900992,-2.0,0.9987628680038161
2897,SNIa-BL/sn2006X.p0039.dat,E,20.72531199351021,0.09000000000000001,0.06767739736390184,0.6986565038755447,-2.0,1.0
2898,SNIIn/sn1996L.p0035.dat,E,20.726384188031478,0.12000000000000001,0.04694923267408821,0.8852569972101363,-2.0,0.9512085436712019
2899,SLSN-II/sn2020hgr.m0023.dat,E,20.729746555133033,0.07,1.2749636934047808,0.6183267257744798,0.895507799085449,1.0
2900,SNIa-CN/sn2004at.m0009.dat,E,20.742086523218926,0.1,0.6858264756864797,0.6937303466645568,0.43584343013827737,1.0
2901,SLSN-I/snPTF13ajg.p0008.dat,E,20.74403221213522,0.07,1.456830245827265,0.6169235492221429,0.7424813558569515,1.0
2902,SNIIn/sn2005ip.p0045.dat,E,20.745486552761765,0.1,0.04248027971080403,0.8705683607328512,-1.9806782720218299,1.0
2903,SNIIn/sn2010jl.p0029.dat,E,20.75589084756797,0.1,0.08485533811683912,0.8038805981149215,-1.4424847031892534,1.0
2904,SNIIn/sn2010jl.p0019.dat,E,20.759847826043718,0.1,0.1329783364377028,0.7776235112244758,-1.2529222218278027,1.0
2905,SNIa-CN/sn2003cg.p0027.dat,E,20.76664246751167,0.08,0.0745548684145045,0.6618689520219784,-2.0,1.0
2906,SNIIn/sn2005ip.p0071.dat,E,20.79202751574249,0.1,0.03677230239034894,0.9123556493842633,-2.0,1.0
2907,SNII/sn2006bp.p0006.dat,E,20.792352788957917,0.07,0.3195714947786482,0.5757832047849801,-0.5703386282775836,0.9801310097540518
2908,SNIa-CSM/sn2011km.p0332.dat,E,20.797114758835612,0.1,0.02862690663614445,0.949591074474479,-2.0,1.0
2909,Gap/sn2002kg.p0399.dat,E,20.804940501053764,0.1,0.11657803009002686,0.8438277632739962,-1.1555261684623888,1.0
2910,SNIb-n/sn2006jc.p0006.dat,E,20.814136805649696,0.12000000000000001,0.5660613851704838,0.8075481636506704,0.4078377266646308,1.0
2911,SNIa-SS/sn1999aa.p0072.dat,E,20.837340145574576,0.12000000000000001,0.09161317744068784,0.8639358092560162,-1.283173628436797,0.9566123167155425
2912,SNIb/sn2008D.m0017.dat,E,20.838144017953223,0.13,0.2428145600583466,0.42207665235757347,-1.1089100504513243,1.0
2913,SNIb-n/sn2006jc.p0064.dat,E,20.844720912811468,0.1,0.1368495610100291,0.9017282529259697,-0.9614996027535156,1.0
2914,SNIc-bl/sn2002ap.p0149.dat,E,20.850352740393696,0.12000000000000001,0.025786349001366796,0.9314986158684979,-2.0,1.0
2915,SNIa-CN/sn2004at.m0007.dat,E,20.855979689671077,0.1,0.6494623117718503,0.7095607656391121,0.4113031284116472,1.0
2916,SNIIn/sn2006jd.p0021.dat,E,20.862617086951634,0.11000000000000001,0.05419327659635627,0.8296966551276385,-1.8526996786317431,1.0
2917,SNIb-n/sn2006jc.max.dat,E,20.883189288637563,0.13,0.5038127845440118,0.7035677445748953,0.34100943217303864,1.0
2918,Gap/snOGLE-2013-SN-137.m0004.dat,E,20.900314776723626,0.08,0.2614960854017687,0.7348288982258868,-0.5523552800764852,1.0
2919,Gap/sn2000ch.p3495.dat,E,20.907269115703283,0.1,0.04684584212730047,0.8966084942321146,-1.7938863572331942,1.0
2920,SNII/sn2009N.p0088.dat,E,20.90934658877467,0.07,0.07013611914847057,0.5986845949814655,-2.0,1.0
2921,SNIc/sn2005kl.m0004.dat,E,20.945604134187498,0.1,0.14113659126949044,0.6892676161958644,-1.3476815226756524,1.0
2922,SLSN-II/sn2020hgr.m0010.dat,E,20.95466117586204,0.1,0.4307099228007924,0.7689724748460183,0.10789211880460543,1.0
2923,Gap/sn2000ch.p3296.dat,E,20.969039185788702,0.1,0.06297800582476314,0.9037409466193448,-1.6114908865973632,1.0
2924,SNIb-n/sn2006jc.p0065.dat,E,20.969062436640783,0.1,0.16422215403563742,0.9234285552636993,-0.7654531977546875,1.0
2925,SNIIn/sn2005ip.p0043.dat,E,20.97871385111254,0.1,0.04614266926596534,0.8520047849214827,-1.8707510683798731,0.9767220267077437
2926,SNII/sn2005cs.p0005.dat,E,20.987840314349743,0.09000000000000001,1.2595175250359167,0.5782185805026345,1.0192421005263617,0.9510293055731069
2927,SNII/sn2005cs.p0018.dat,E,20.991353243167293,0.07,0.24470218268792288,0.7415800156576885,-0.40051016897039465,0.9556305032175967
2928,SNIa-SS/sn2005hk.m0007.dat,E,21.002678759252518,0.09000000000000001,0.6708622087473652,0.70029180216564,0.40501011068125803,1.0
2929,SNII/sn2006ov.p0121.dat,E,21.024090548428862,0.08,0.05011467606046914,0.7521945672135224,-2.0,1.0
2930,SNIIb/sn2008ax.m0019.dat,E,21.031821497136086,0.12000000000000001,0.07117676662962595,0.6254785644079268,-2.0,1.0
2931,SNIIn/sn1994ak.p0014.dat,E,21.043093564834717,0.1,0.06319600466704585,0.927087179782235,-1.5195400771288694,1.0
2932,SNIa-BL/sn2007bd.m0008.dat,E,21.066441045117344,0.11000000000000001,0.44497936964731244,0.7533472170276175,0.049248018079084424,1.0
2933,SNIIn/sn2010jl.p0044.dat,E,21.073017944567674,0.1,0.05738986841943466,0.8574446977314891,-1.6648601758523018,1.0
2934,SNIa-SS/sn2005hk.m0009.dat,E,21.096811849031422,0.07,0.7140211962911371,0.693998062898845,0.43357881155321165,1.0
2935,SNIIn/sn1998S.p0096.dat,E,21.10198249264105,0.09000000000000001,0.035865809594523596,0.856430719259888,-2.0,1.0
2936,SNIIb/sn1993J.p0278.dat,E,21.112588581688993,0.11000000000000001,0.021052126971700644,0.980837892283188,-2.0,1.0
2937,SNII/sn1987A.p0785.dat,E,21.128695589248245,0.1,0.6690182661737795,0.9818590879599547,1.5739125072641937,1.0
2938,SNIa-CN/sn1995E.m0003.dat,E,21.138787837244323,0.13,0.10309468394300687,0.7470771640297053,-1.526674256174996,0.9686385923753663
2939,SNIIn/sn1994ak.p0013.dat,E,21.1461179887858,0.1,0.04778347952888656,0.9298443408438131,-1.7823021556061271,1.0
2940,SNIa-SS/sn2008A.m0008.dat,E,21.171102892491987,0.09000000000000001,0.3955522749144513,0.7376691649302708,-0.07542919886555975,1.0
2941,SNIIn/sn2006jd.p0040.dat,E,21.207479996398387,0.12000000000000001,0.07350676854257093,0.856405228482822,-1.4413995693798975,1.0
2942,Gap/sn2000ch.p3278.dat,E,21.20978418821115,0.1,0.06025044513954039,0.914319809889225,-1.6143581153874171,1.0
2943,SNIIb/sn1993J.p0234.dat,E,21.211164573583403,0.12000000000000001,0.02459827974201594,0.9584252246475736,-2.0,1.0
2944,SNIa-SS/sn2005hk.m0008.dat,E,21.225997201879245,0.07,0.6263408063038902,0.7188101691678259,0.3453522063840348,1.0
2945,SLSN-II/snCSS121015.p0400.dat,E,21.231252365220172,0.07,0.07774444724394787,0.5185271760665356,-2.0,0.9987628680038161
2946,SNII/sn2006bp.p0016.dat,E,21.243648719684348,0.09000000000000001,0.1836885610805659,0.6497478264753492,-0.9469137047753601,0.9575449217526346
2947,SNIIn/sn2005gl.p0066.dat,E,21.27429779360709,0.09000000000000001,0.037760716474435345,0.8835350567928347,-2.0,1.0
2948,SNIa-CN/sn1994D.p0611.dat,E,21.27470999853862,0.12000000000000001,0.7387150856468059,0.9567401478008449,2.0,1.0
2949,SNIa-SS/sn2000cx.p0115.dat,E,21.291160572800365,0.1,0.023859834080088512,0.9904935424995053,-1.8411503983850566,1.0
2950,SNIIb/sn1993J.p2901.dat,E,21.296277717030584,0.1,0.1364099733227596,0.8634481683167042,-0.8564792663557281,1.0
2951,SNIIn/sn2005kj.p0006.dat,E,21.3035277362544,0.1,0.055068358156604394,0.8037882871444325,-1.9116536009180518,1.0
2952,SNIIn/sn2015da.p0021.dat,E,21.312729395913273,0.1,0.1429582585301981,0.33811472423956734,-2.0,0.9754406842183219
2953,SNIIn/sn2006jd.p0092.dat,E,21.314370806768927,0.12000000000000001,0.039515023305945134,0.907507065766248,-1.8738189713000477,1.0
2954,SNIIn/sn2005ip.p0079.dat,E,21.324211577639716,0.1,0.03267081145148465,0.9280473034082678,-2.0,1.0
2955,SNIIn/sn1998S.p0257.dat,E,21.339134278293493,0.09000000000000001,0.04662305250105997,0.8208011517517497,-2.0,1.0
2956,SNIa-CN/sn1996ai.m0001.dat,E,21.381272963298215,0.07,0.11543526783600495,0.37834219919498624,-2.0,1.0
2957,SNII/sn2006bp.p0012.dat,E,21.39255327234204,0.09000000000000001,0.2978837790863394,0.6322657589207911,-0.4425710525797275,0.9562444021582576
2958,SNIIn/sn2006jd.p0065.dat,E,21.397587806211426,0.12000000000000001,0.06062707274741004,0.8925505500425298,-1.5454380300303487,1.0
2959,SNII/sn1999em.p0008.dat,E,21.40947493011304,0.1,0.08396268059424321,0.857178255474134,-1.4679055322750703,1.0
2960,SNIa-CN/sn1994ae.p0087.dat,E,21.41651148892816,0.12000000000000001,0.09279868118102155,0.9230373594467394,-1.033631176987672,0.965371964809384
2961,SNIIn/sn2006jd.p0060.dat,E,21.423109572822035,0.12000000000000001,0.11250144349412017,0.889230758775239,-0.6687645243332068,1.0
2962,SNIc-bl/sn2002ap.p0152.dat,E,21.426193298635827,0.12000000000000001,0.016879539053267837,0.949751497582345,-2.0,1.0
2963,SNII/sn2006bp.p0008.dat,E,21.443594143377506,0.07,0.18355271318365762,0.7310219315426637,-0.7959488193355714,0.9814076666035776
2964,SNIa-CN/sn1998bu.p0242.dat,E,21.446266684307304,0.1,0.049990968750628244,0.9661345538073693,-1.1819367496090523,1.0
2965,SNIIn/sn2006jd.p0034.dat,E,21.448269040343188,0.12000000000000001,0.06012745080573016,0.8718820392007145,-1.621609492499465,1.0
2966,SNIIn/sn2010jl.p0085.dat,E,21.46237060953499,0.1,0.0350713364785743,0.9033331572686539,-2.0,1.0
2967,SNIa-CN/sn1996ai.p0004.dat,E,21.494550857901064,0.08,0.10867521827840251,0.39412076860453904,-2.0,1.0
2968,SNIa-SS/sn2000cx.p0119.dat,E,21.501728626660665,0.1,0.022830247281334575,1.0014882388410207,-1.8777970130430672,1.0
2969,SNIa-SS/sn2000cx.p0124.dat,E,21.510289474196647,0.1,0.027601972144817695,1.0032537112257045,-1.5781837497638218,1.0
2970,SNIIn/sn1998S.p0256.dat,E,21.53286923882943,0.09000000000000001,0.03980651125225348,0.8754523786750935,-2.0,1.0
2971,SNIa-CN/sn1998bu.p0189.dat,E,21.5460477696519,0.1,0.026863749922977975,0.9910033409935681,-1.5568718939587707,1.0
2972,SNIIn/sn2010jl.p0079.dat,E,21.5468033087456,0.1,0.0379421966733069,0.8861091328343095,-2.0,1.0
2973,SNIa-CN/sn1998aq.p0229.dat,E,21.569429982139887,0.1,0.062290787458746825,0.9788507636992939,-0.7612604354263883,1.0
2974,SNIIn/sn2010jl.p0072.dat,E,21.588014274801814,0.1,0.038375602765722765,0.8840094772542547,-2.0,1.0
2975,SNIa-BL/sn1998ec.p0038.dat,E,21.595572641009685,0.12000000000000001,0.055673793434208065,0.7395321017015418,-2.0,0.9668893841642228
2976,SNIIn/sn1997eg.m0063.dat,E,21.618149411296216,0.1,0.06694758839826956,0.9169214535673654,-1.4721938969820099,1.0
2977,SNIIn/sn1997eg.p0076.dat,E,21.628457282589522,0.1,0.0331092542884903,0.9524042656820856,-2.0,1.0
2978,SNIa-CN/sn1998bu.p0216.dat,E,21.683954196181705,0.1,0.03350364316761531,0.9899939737390999,-1.4268386551365762,1.0
2979,SNIa-CN/sn1998aq.p0239.dat,E,21.696302519640852,0.1,0.09511030675577954,0.991423059198532,-0.21550002855146277,1.0
2980,SNIIn/sn1997eg.max.dat,E,21.701896130909063,0.1,0.03601808522000671,0.9362050833913526,-2.0,1.0
2981,SNIa-CN/sn1998aq.p0210.dat,E,21.706764948481794,0.1,0.05558389755441211,0.9970135763614781,-0.913323369225544,1.0
2982,SNIa-CN/sn1998bu.p0207.dat,E,21.723803458424484,0.1,0.040126335587781246,0.9992226018366331,-1.1132834348163339,1.0
2983,SNIa-CN/sn1995D.p0275.dat,E,21.725017679185736,0.12000000000000001,0.732395916193048,0.9643470126779033,2.0,1.0
2984,SNIa-CN/sn1998bu.p0178.dat,E,21.731150384075953,0.1,0.01647260663824916,1.0035733169825343,-1.999758944912614,1.0
2985,SNIa-BL/sn2007af.p0301.dat,E,21.741052327692,0.1,0.1914195938068241,0.990426710433393,0.5867875327037765,1.0
2986,SNIa-BL/sn2006X.p0034.dat,E,21.746790579596485,0.09000000000000001,0.064941508621173,0.7305989389884552,-2.0,1.0
2987,SNII/sn1999em.p0006.dat,E,21.748781545767887,0.1,0.06588041148930923,0.8737241208406014,-1.703081578296398,0.9869267916327665
2988,SNII/sn2004et.p0078.dat,E,21.777162494938807,0.08,0.05338798615692736,0.7072491713323109,-2.0,1.0
2989,SNIIb/sn1993J.p0150.dat,E,21.7911803645945,0.1,0.02682081708824096,0.9287010484756594,-2.0,0.9599642622493234
2990,SNIIn/sn1997eg.p0018.dat,E,21.79386887492072,0.1,0.0358205691287001,0.9362694487529583,-2.0,1.0
2991,SNIIn/sn1997eg.m0061.dat,E,21.79482748474273,0.1,0.06050234415520707,0.9346826860977279,-1.4997433566754015,1.0
2992,SNII/sn2006bp.p0010.dat,E,21.796925735593632,0.09000000000000001,0.22597844581082452,0.6777168580780438,-0.6552050736067949,0.9575449217526346
2993,SNIa-CN/sn1996ai.p0002.dat,E,21.807370711755055,0.07,0.08745404681855994,0.49063576918778834,-2.0,1.0
2994,SNIIn/sn1997eg.p0026.dat,E,21.825502067860853,0.1,0.036672499162481983,0.9255985617326876,-2.0,1.0
2995,SNII/sn2006ov.p0197.dat,E,21.84195525450391,0.09000000000000001,0.033457529081449146,0.8774004208541814,-2.0,1.0
2996,Gap/sn2020agp.p0005.dat,E,21.842627874985837,0.1,0.03252258015396122,0.9425955909986107,-2.0,1.0
2997,SNIIn/sn2010jl.p0087.dat,E,21.843399864928806,0.1,0.03891685924019248,0.9016024911294004,-2.0,1.0
2998,SNIa-CN/sn1995D.p0283.dat,E,21.848218292973947,0.13,0.9297702181952232,0.9539986034398128,2.0,1.0
2999,SNIIn/sn2006jd.p0121.dat,E,21.877075445407556,0.12000000000000001,0.03505002140758738,0.9727511519831168,-1.6517990394524902,1.0
3000,SNIa-SS/sn2000cx.p0141.dat,E,21.922848815803434,0.1,0.014467916144005775,1.0247684756751072,-1.9689550459740461,1.0
3001,SNIc-bl/sn1998bw.p0334.dat,E,21.935425504155212,0.12000000000000001,0.019697638261280816,0.9564255731034451,-2.0,1.0
3002,SNII/sn2012aw.p0450.dat,E,21.952258279238308,0.1,0.016922909335639544,0.9653739747025298,-2.0,1.0
3003,SNIIn/sn1988Z.p0112.dat,E,21.957336970083393,0.1,0.02771689537197541,0.9629748388080904,-2.0,1.0
3004,SNIa-CN/sn1996ai.max.dat,E,21.965586805707616,0.07,0.10301758405988129,0.4462319884479192,-2.0,1.0
3005,Gap/sn2019abn.m0024.dat,E,21.969794475685443,0.1,0.07733017380935758,0.6905935116344357,-2.0,0.9690147259877945
3006,SNIIb/sn2008ax.p0019.dat,E,22.018116709485565,0.1,0.07100304966630089,0.6238320059526794,-2.0,1.0
3007,SNIIn/sn1997eg.m0069.dat,E,22.0414409684334,0.1,0.05712825848579286,0.946837868547697,-1.5300910234183485,1.0
3008,SNIa-BL/sn2006X.p0031.dat,E,22.046871967354157,0.08,0.05723346578555655,0.7627189081105585,-2.0,1.0
3009,SNIb-n/sn2006jc.p0075.dat,E,22.0722952898297,0.1,0.05954136605961521,0.9693019596224731,-1.549300028735741,1.0
3010,SNII/sn2002gd.p0037.dat,E,22.08291626731004,0.08,0.06991643377407142,0.6660183154118544,-2.0,1.0
3011,SNIIn/sn2010jl.p0145.dat,E,22.099009270618758,0.1,0.023529201967787107,0.979734507870482,-2.0,1.0
3012,SNIIn/sn1997eg.p0032.dat,E,22.103280786497642,0.1,0.030764671381604165,0.9698298912812149,-2.0,1.0
3013,SNIIb/sn2008ax.m0020.dat,E,22.154873967043837,0.07,0.05054527849170897,0.8312771781912562,-2.0,1.0
3014,SNIIn/sn2010jl.p0100.dat,E,22.16598812884423,0.1,0.03156630609391671,0.9230477664289675,-2.0,1.0
3015,SNII/sn2005cs.p0105.dat,E,22.16741839748085,0.07,0.04799168690801396,0.8070347620724965,-2.0,1.0
3016,SNII/sn1987A.p0586.dat,E,22.184251159818167,0.11000000000000001,0.01,0.9694031037820234,-1.8600547023283065,1.0
3017,SNIb-n/sn2006jc.p0070.dat,E,22.193956726979998,0.1,0.04130768629842698,0.940146915063579,-1.904693572753192,1.0
3018,SNIIn/sn2015da.m0053.dat,E,22.215601856463724,0.09000000000000001,0.050599050266666896,0.8152045338215519,-2.0,0.9909061786267347
3019,SNIa-CN/sn1999ac.p0054.dat,E,22.217624483618597,0.12000000000000001,0.0377867152696268,0.8998296290044133,-2.0,0.958579706744868
3020,SNIa-SS/sn2000cx.p0154.dat,E,22.224423303731374,0.1,0.015800561472712957,1.035263252832886,-1.7670192508340454,1.0
3021,SNIc-bl/sn2002ap.p0181.dat,E,22.23017724397166,0.11000000000000001,0.010985650414759952,1.0117382067919354,-2.0,1.0
3022,SNIIn/sn2010jl.p0117.dat,E,22.23772361901063,0.1,0.033976905784913816,0.908371979630967,-1.885080137358289,1.0
3023,SNIIn/sn2010jl.p0108.dat,E,22.239713107457916,0.1,0.03072361164748234,0.9283368418275131,-2.0,1.0
3024,SNIIn/sn1997eg.p0088.dat,E,22.255794516542927,0.1,0.02907235824683275,0.9734868753391025,-2.0,1.0
3025,SNIc-bl/sn2002ap.p0155.dat,E,22.276035222507975,0.12000000000000001,0.02049200404323402,0.9629599245122568,-2.0,1.0
3026,SNIIn/sn1997eg.p0048.dat,E,22.31169755397359,0.1,0.031872734896634,0.9635199313756586,-2.0,1.0
3027,SLSN-II/sn2020bfe.p0215.dat,E,22.33698887721215,0.1,0.02249369065531947,0.9516060165908692,-2.0,1.0
3028,SNIIn/sn2010jl.p0114.dat,E,22.343713207899608,0.1,0.029389350268269738,0.9359995929418636,-2.0,1.0
3029,SNII/sn1999gi.p0139.dat,E,22.37456689407599,0.09000000000000001,0.049612699138020674,0.7901858613949002,-2.0,1.0
3030,SNIIn/sn2006jd.p0184.dat,E,22.381307215369038,0.12000000000000001,0.02437398267271869,0.9716451699194776,-2.0,1.0
3031,SNIIn/sn1995G.p0234.dat,E,22.390645470906026,0.11000000000000001,0.03292591107124159,0.9471316721408519,-2.0,0.9645570041809508
3032,SNIc/sn1990B.p0022.dat,E,22.3934397330685,0.1,0.11095623364554733,0.5249306995634282,-2.0,1.0
3033,SNII/sn2004dj.p0137.dat,E,22.41672697317405,0.1,0.02297910252866772,0.9642107234091617,-2.0,0.9677256761976527
3034,Gap/sn2000ch.p3303.dat,E,22.41937128278839,0.1,0.027181101214589755,0.9806589914481494,-2.0,1.0
3035,SNIa-BL/sn2006X.p0029.dat,E,22.43855533729848,0.09000000000000001,0.05599491765123259,0.7660576178529522,-2.0,1.0
3036,SNIIb/sn1993J.p1013.dat,E,22.46320365915485,0.09000000000000001,0.03878523723872269,0.875103909906879,-2.0,1.0
3037,SNIIn/sn2006jd.p0119.dat,E,22.476833840934493,0.12000000000000001,0.033427506064536795,0.9098965146504608,-2.0,1.0
3038,SNIa-SS/sn2000cx.p0181.dat,E,22.47694686400166,0.09000000000000001,0.012300264191234063,1.0535135047478617,-2.0,1.0
3039,SNIIb/sn1993J.p0770.dat,E,22.487842821665705,0.09000000000000001,0.053349815787862846,0.9586486492056795,-1.5410325121605166,1.0
3040,SNIb-n/sn2006jc.p0118.dat,E,22.50845653345227,0.1,0.039588246120406956,0.924092509300235,-2.0,1.0
3041,SNIIn/sn2010jl.p0159.dat,E,22.583907974819176,0.1,0.022961324174504014,0.9697615618183674,-2.0,1.0
3042,Gap/sn2002bu.p0081.dat,E,22.59602525803253,0.11000000000000001,0.035721258655983856,0.8882465493681037,-2.0,1.0
3043,SNIIn/sn2015da.m0057.dat,E,22.638713284134028,0.09000000000000001,0.04926537712759395,0.827176489729442,-2.0,1.0
3044,SNIIb/sn1993J.p0948.dat,E,22.644642084392878,0.09000000000000001,0.03162091591904743,0.9368477120143858,-2.0,1.0
3045,SNII/sn1987A.p0005.dat,E,22.653876025840855,0.1,0.01,0.5223647812802207,0.6438682999114822,1.0
3046,SNII/sn1987A.p0713.dat,E,22.66177232299772,0.1,0.01,1.0360579154202638,-1.9437446643871645,1.0
3047,SNII/sn2009N.p0126.dat,E,22.666280799582417,0.08,0.03302037384607933,0.8777226488361202,-2.0,1.0
3048,SNIIb/sn1993J.p0923.dat,E,22.68923672871103,0.08,0.03219250406567299,0.9341588541449438,-2.0,1.0
3049,SNIIn/sn1997eg.p0116.dat,E,22.713356898343207,0.1,0.025542224768030603,0.9891480788718814,-2.0,1.0
3050,SNII/sn1999em.p0123.dat,E,22.728051054357014,0.08,0.03573843443167633,0.8834352399587309,-2.0,1.0
3051,SNIIb/sn1993J.p0590.dat,E,22.732267487755486,0.09000000000000001,0.03059249176367336,0.9830080087772057,-1.9993555874621072,1.0
3052,SNIIb/sn1993J.p0655.dat,E,22.732404853102324,0.09000000000000001,0.030496196444243392,0.9830281176438701,-1.9991507411023866,1.0
3053,SNIa-CSM/sn2011km.p0390.dat,E,22.73288872387561,0.11000000000000001,0.02486195838678781,0.9819951073979936,-2.0,1.0
3054,SNIIn/sn2005ip.p0119.dat,E,22.738121839188807,0.1,0.020135099076129377,1.0077367479416617,-2.0,1.0
3055,SNIIn/sn1997eg.m0008.dat,E,22.765146536774697,0.1,0.028098161474509137,0.9816585674335634,-2.0,1.0
3056,SNIIb/sn1998fa.p0067.dat,E,22.768409190792674,0.07,0.05359857023803018,0.8215381337465435,-2.0,1.0
3057,SNIIb/sn1993J.p2960.dat,E,22.784267760975204,0.09000000000000001,0.025756139970137967,0.9870301003421257,-2.0,1.0
3058,SNIIb/sn2006T.p0022.dat,E,22.88475867535867,0.09000000000000001,0.0344248914341673,0.8861709227947294,-2.0,1.0
3059,SNII/sn1987A.p0525.dat,E,22.913341062098624,0.1,0.01,0.964672670102745,-1.6482991497470032,1.0
3060,SNIIn/sn1997eg.p0299.dat,E,22.94422368098962,0.1,0.025398561491950696,0.9712441969940276,-2.0,1.0
3061,SNII/sn1987A.p0803.dat,E,22.958334413711952,0.1,0.012039560438816682,1.0493079038424902,-2.0,1.0
3062,Gap/sn2000ch.p3086.dat,E,22.968877963345662,0.09000000000000001,0.023865562575313592,0.9815765631431493,-2.0,1.0
3063,SNIIn/sn2010jl.p0164.dat,E,23.047469230700273,0.1,0.021070171826289178,0.987900684895662,-2.0,1.0
3064,SNIIn/sn2005cp.p0201.dat,E,23.05690494561453,0.1,0.02561563698021077,0.9499224562634924,-2.0,0.9945269951114011
3065,SNIIn/sn2010jl.p0206.dat,E,23.067910114055493,0.1,0.02002003696489027,0.9947220008750641,-2.0,1.0
3066,SNIIn/sn1997eg.p0111.dat,E,23.086256346966024,0.1,0.022586853314020418,0.9974931288613573,-2.0,1.0
3067,SNIIn/sn1998S.p0107.dat,E,23.094415977219427,0.1,0.022245648551165717,0.9542882249744894,-2.0,1.0
3068,SNIIn/sn1998S.p0136.dat,E,23.094752922141552,0.09000000000000001,0.01785824107828165,0.9845148041961286,-2.0,1.0
3069,SNII/sn1987A.p0497.dat,E,23.100315284502315,0.1,0.01,0.9562905756417774,-1.6487285669418865,1.0
3070,SNII/sn1987A.p0513.dat,E,23.21580915951013,0.1,0.01,0.9669254971824438,-1.5980476117631603,1.0
3071,SNIIn/sn1994Y.p0264.dat,E,23.257392759303187,0.1,0.011703216379096652,1.07065611759102,-2.0,1.0
3072,SNIIn/sn2015da.m0070.dat,E,23.266213393240335,0.1,0.03216499521313509,0.9280627368426817,-2.0,1.0
3073,SNIIn/sn1994Y.p0206.dat,E,23.267484688445343,0.1,0.016024912418974906,1.0480263970090162,-2.0,1.0
3074,SNIIn/sn2015da.m0079.dat,E,23.273370374710648,0.1,0.0261224870572445,0.9650938629381715,-2.0,0.9792808727780896
3075,SNIc-bl/sn2002ap.p0241.dat,E,23.293204849841512,0.11000000000000001,0.01,1.0361426565478824,-2.0,1.0
3076,SNII/sn1999em.p0137.dat,E,23.30030594881122,0.08,0.0253843158514532,0.9426193324500399,-2.0,1.0
3077,SNII/sn2012aw.p0368.dat,E,23.368299537397053,0.1,0.013921048930965445,1.0115970437877466,-2.0,1.0
3078,SNII/sn2004et.p0090.dat,E,23.39663346534836,0.08,0.036078603054884126,0.8416013798532833,-2.0,1.0
3079,SNIIn/sn2015da.m0067.dat,E,23.407668418255287,0.09000000000000001,0.03273491159820473,0.930772130909628,-2.0,1.0
3080,SNIc-bl/sn2002ap.p0234.dat,E,23.41363293041899,0.11000000000000001,0.01,1.028536254492581,-1.9312783137134382,1.0
3081,SNII/sn2005cs.p0277.dat,E,23.426668861973596,0.09000000000000001,0.0373339158998749,0.8552309173471782,-2.0,1.0
3082,SNIa-BL/sn2006X.p0032.dat,E,23.43678956921739,0.07,0.04297212363368628,0.8623910743782903,-2.0,1.0
3083,SNIa-SS/sn2002cx.p0308.dat,E,23.465236677666784,0.08,0.03853202922456741,0.8448164107200112,-2.0,1.0
3084,Gap/sn2015dl.p0057.dat,E,23.506424786418357,0.08,0.05853992750113943,0.7665895397288166,-2.0,1.0
3085,SNIIn/sn2015da.p0048.dat,E,23.506450304650095,0.1,0.05090534294371894,0.8093208834932213,-2.0,1.0
3086,SNIIn/sn1997eg.p0150.dat,E,23.51233183932132,0.1,0.01781337742571374,1.023826764888956,-2.0,1.0
3087,SNIIn/sn1998S.p0142.dat,E,23.51873713971268,0.09000000000000001,0.015888556337974567,1.007657361518821,-2.0,1.0
3088,SNII/sn1999em.p0162.dat,E,23.526742498909094,0.08,0.023050185161929415,0.9782581205057531,-2.0,1.0
3089,SNII/sn1987A.p1049.dat,E,23.574262097036293,0.11000000000000001,0.01876575966785542,1.1129437826162882,-2.0,0.9645570041809508
3090,SNIIn/sn1994Y.p0235.dat,E,23.617913813192484,0.1,0.012283576304476502,1.072218930040995,-2.0,1.0
3091,SNII/sn2004et.p0104.dat,E,23.631840137126105,0.08,0.03354505768881844,0.8786520578243605,-2.0,1.0
3092,SNIc-bl/sn2002ap.p0332.dat,E,23.63467414579437,0.11000000000000001,0.01,1.0345317051922358,-1.885316541628602,1.0
3093,SNIIn/sn1988Z.p0722.dat,E,23.648793801418144,0.08,0.01,1.1851250581036896,2.0,0.9525651623943112
3094,SNII/sn1999em.p0332.dat,E,23.657416905170873,0.1,0.012774625197042323,1.0305398447719731,-2.0,1.0
3095,Gap/sn2000ch.p3089.dat,E,23.6634430796282,0.09000000000000001,0.019086920892925623,1.0259830572545028,-2.0,1.0
3096,SNII/sn1999em.p0005.dat,E,23.680477314522353,0.09000000000000001,0.03693633874658025,0.9471158245209087,-2.0,0.9984825891281872
3097,SNIIb/sn1993J.p0341.dat,E,23.713379998720608,0.12000000000000001,0.020988894087511395,0.9759311122558437,-2.0,1.0
3098,SNIIn/sn2005ip.p0137.dat,E,23.721781003364107,0.1,0.013736537949097492,1.050897535846069,-2.0,1.0
3099,SNIIn/sn2015da.m0063.dat,E,23.779470743899417,0.1,0.036629704230961534,0.915495457597479,-2.0,1.0
3100,SNIIn/sn2015da.p0794.dat,E,23.78516452521287,0.1,0.010630901487628238,1.0611926931289652,-2.0,1.0
3101,SNIIn/sn1998S.p0429.dat,E,23.817926069452525,0.11000000000000001,0.07920955664692428,0.9838068689681971,-0.9354913695763162,0.9579024531562179
3102,SNII/sn2004et.p0456.dat,E,23.82704413884106,0.1,0.019446014602176702,1.0020960410302704,-2.0,0.9677256761976527
3103,SNIIn/sn1997eg.p0139.dat,E,23.834969272103677,0.1,0.016563528013889866,1.028351285337001,-2.0,1.0
3104,SNIc-bl/sn2002ap.p0383.dat,E,23.853969601970704,0.11000000000000001,0.01,1.032436348479385,-2.0,1.0
3105,SNIIn/snPTF12csy.p0159.dat,E,23.910947463518237,0.1,0.01568925055666653,1.0393934687815292,-2.0,1.0
3106,SNII/sn2012aw.p0331.dat,E,23.92859233503225,0.1,0.011634967710301354,1.0369088702492772,-2.0,1.0
3107,SNIIn/sn2006jd.p0440.dat,E,23.98289614349597,0.11000000000000001,0.023729035811482443,1.0064530228839337,-2.0,1.0
3108,SNIIn/sn2015da.m0078.dat,E,24.0185530262752,0.08,0.023297179271654547,0.9897660225613151,-2.0,1.0
3109,SNIIn/sn1998S.p0267.dat,E,24.021927944300984,0.09000000000000001,0.01,1.0446312791689862,-2.0,1.0
3110,SNIIb/sn1993J.p0028.dat,E,24.055913110994197,0.09000000000000001,0.03829348825186883,0.8438303547370473,-2.0,1.0
3111,SNIIn/sn2005ip.p0129.dat,E,24.05926204485378,0.1,0.012559834423064735,1.0580781746337,-2.0,1.0
3112,SNIIn/sn1997eg.p0136.dat,E,24.064127679894455,0.1,0.015261957902569083,1.0370037880424654,-2.0,1.0
3113,SNIc-bl/sn2002ap.p0267.dat,E,24.100669928393774,0.11000000000000001,0.01,1.0363429382359304,-1.9564251032858246,1.0
3114,SNII/sn2012aw.p0249.dat,E,24.14449112076484,0.09000000000000001,0.011004101443780032,1.0425272656309095,-2.0,1.0
3115,SNIc-bl/sn2002ap.p0270.dat,E,24.207389885487835,0.11000000000000001,0.01,1.0510942287579532,-2.0,0.9572960915319649
3116,SNIc/sn2004aw.p0252.dat,E,24.238464975790965,0.12000000000000001,0.016430778331955186,1.0262018014583862,-2.0,1.0
3117,SNII/sn2004et.p0392.dat,E,24.36960313041308,0.1,0.013685701859713777,1.0379532670464382,-2.0,0.9677256761976527
3118,SNIc/sn2004aw.p0228.dat,E,24.3927474334821,0.12000000000000001,0.014865241577393294,1.0138340347341508,-2.0,1.0
3119,SNII/sn1999em.p0312.dat,E,24.399001043379887,0.1,0.01,1.0480620517521615,-2.0,1.0
3120,SNIIn/sn2010jl.p0392.dat,E,24.415040170477987,0.1,0.01,1.0731985633103276,-2.0,1.0
3121,SNIIn/sn2015da.p0857.dat,E,24.415182927416815,0.1,0.01,1.05396088780306,-2.0,1.0
3122,SNII/sn2004et.p0382.dat,E,24.415945204207922,0.1,0.011241592960095094,1.0584882981656176,-2.0,0.9677256761976527
3123,SNII/sn2009N.p0412.dat,E,24.41913307935033,0.1,0.013226711796858248,1.047113029414387,-1.9159515181116336,1.0
3124,SNIIn/sn1988Z.p2563.dat,E,24.420734530997834,0.11000000000000001,0.01,1.2075794089858998,2.0,0.9534771582657527
3125,SNIIb/sn1993J.p0016.dat,E,24.42828611489795,0.07,0.01,1.1739348595382761,2.0,0.9651797487650239
3126,SNIIb/sn1993J.p0019.dat,E,24.432067095454887,0.07,0.01,1.1738852794499188,2.0,0.9651797487650239
3127,SNII/sn2013am.p0082.dat,E,24.47343729683005,0.07,0.03033414909508149,0.9571366267012563,-2.0,1.0
3128,SNIb-pec/sn2007uy.p0140.dat,E,24.49089728877483,0.11000000000000001,0.017269028859418323,0.9795788418402958,-2.0,1.0
3129,SNIIn/sn2015da.p0104.dat,E,24.496737980907287,0.1,0.021521435890067837,1.0108718426600554,-2.0,1.0
3130,SNII/sn2009N.p0158.dat,E,24.58677966009404,0.08,0.011814775093339527,1.060236067293921,-2.0,1.0
3131,SNIb/sn2009iz.p0015.dat,E,24.590628194221527,0.07,0.01,1.1086214652741488,-2.0,1.0
3132,SNIIn/sn2015da.p0616.dat,E,24.67323426845413,0.1,0.01,1.0653740474604037,-1.8861769826121344,1.0
3133,SNII/sn2004et.p0419.dat,E,24.697698638229273,0.1,0.01,1.0942098391126045,-1.646012021493424,0.9957892703571732
3134,Gap/sn2000ch.p3186.dat,E,24.713367356050956,0.08,0.01,1.0781918801881576,-1.9031428631774578,1.0
3135,SNIIn/sn2015da.p0707.dat,E,24.72780746004937,0.1,0.01,1.0761054982395009,-1.8295768629441411,1.0
3136,SNIIn/sn2015da.p0139.dat,E,24.829999763237097,0.09000000000000001,0.012297493880629222,1.0633042797001588,-2.0,1.0
3137,SNIIn/sn2015da.p0065.dat,E,24.875824068469022,0.1,0.02487127124019163,0.9940996378055956,-2.0,1.0
3138,SNIIn/sn2015da.p0153.dat,E,24.885857811819786,0.09000000000000001,0.01,1.0708471893218299,-2.0,1.0
3139,Gap/sn2000ch.p3217.dat,E,24.93096773343182,0.08,0.01,1.0909762076609102,-1.6392476900277944,1.0
3140,SNIIn/sn2015da.p0747.dat,E,24.938582871958218,0.1,0.01,1.069814642546347,-1.9289138667297534,1.0
3141,SNIIn/sn2015da.p0239.dat,E,24.971616845256758,0.1,0.01,1.0674646985676353,-2.0,1.0
3142,SNIIn/sn2015da.p0755.dat,E,24.988163940110077,0.1,0.01,1.072175736479886,-1.883490135790026,1.0
3143,SNIIn/sn1988Z.p2917.dat,E,25.007414133250666,0.12000000000000001,0.01,1.1334040298527137,-2.0,0.960058900388066
3144,SNIIn/sn2015da.p0848.dat,E,25.027809887389292,0.1,0.01,1.079490185842241,-1.7650753389251859,1.0
3145,SNII/sn2009N.p0112.dat,E,25.03611170358928,0.08,0.010828166191398972,1.0466847785483515,-2.0,1.0
3146,SNIIn/sn2010jl.p0208.dat,E,25.040437204811756,0.07,0.01,1.0694371975483745,-2.0,0.951719292574388
3147,Gap/sn2000ch.p3245.dat,E,25.056732766261163,0.08,0.01,1.0959206289792804,-1.5866767614205357,1.0
3148,SLSN-II/snCSS121015.p0429.dat,E,25.12579518040826,0.07,0.01,1.1567272177546082,2.0,0.9965082951924938
3149,SLSN-II/snCSS121015.p0430.dat,E,25.13243899135954,0.07,0.01,1.1567098951895145,2.0,0.9965082951924938
3150,SNIIn/sn2015da.p0721.dat,E,25.138161197310254,0.1,0.01,1.0867902004964847,-1.6579143782048789,1.0
3151,SLSN-II/snCSS121015.p0431.dat,E,25.15925306833063,0.07,0.01,1.1561752893788226,2.0,0.9965082951924938
3152,SNII/sn1987A.p0422.dat,E,25.225177324167475,0.1,0.01,1.044760956800911,-0.6918344078871188,1.0
3153,SNIIn/sn1988Z.p0811.dat,E,25.23906522884122,0.07,0.01,1.1434699465913924,0.32879624123400464,1.0
3154,SNIIn/sn2010jl.p0815.dat,E,25.241592683941104,0.07,0.01,1.149889278120691,1.334935672138203,1.0
3155,Gap/sn2000ch.p1454.dat,E,25.24908441355508,0.07,0.01,1.1506138540881108,1.4233404820745563,1.0
3156,SNIIn/sn1988Z.p0475.dat,E,25.250893121239102,0.07,0.01,1.1516626960884497,2.0,1.0
3157,SNIIn/sn1988Z.p0782.dat,E,25.25103501068081,0.07,0.01,1.1495215895546131,0.968992534449121,1.0
3158,SNIIn/sn2015da.p0121.dat,E,25.25217820005069,0.1,0.011348859282927724,1.076749252429683,-2.0,1.0
3159,SNIIn/sn2010jl.p0492.dat,E,25.25861147232149,0.07,0.01,1.1531559198922443,2.0,1.0
3160,SNIIn/sn2015da.p0608.dat,E,25.25874929922695,0.07,0.01,1.1526654771311553,2.0,1.0
3161,SNIIn/sn2015da.p0743.dat,E,25.259524515154887,0.07,0.01,1.1526308455898095,2.0,1.0
3162,SNIIn/sn2010jl.p0901.dat,E,25.260930973667264,0.07,0.01,1.1518408325124792,2.0,1.0
3163,SNIIn/sn2006jd.p0914.dat,E,25.261614935107445,0.07,0.01,1.1521235740756959,2.0,1.0
3164,SNII/sn1987A.p0407.dat,E,25.263579283783116,0.1,0.01,1.0480959848617388,-0.7881995214421734,1.0
3165,SNIIn/sn2015da.p0779.dat,E,25.26500110506109,0.07,0.01,1.152421444749885,2.0,1.0
3166,SNIIn/sn1988Z.p0481.dat,E,25.26937964928966,0.07,0.01,1.1514293286362127,2.0,1.0
3167,SNIIn/sn2006jd.p0406.dat,E,25.2694440206006,0.07,0.01,1.1531774479248407,2.0,1.0
3168,SNIIn/sn1994Y.p0297.dat,E,25.26954674659589,0.07,0.01,1.1527937390642353,2.0,1.0
3169,SNIIn/sn1994Y.p0322.dat,E,25.271460265050756,0.07,0.01,1.152419637828655,2.0,1.0
3170,SNIIn/sn2010jl.p0459.dat,E,25.27162700396218,0.07,0.01,1.152726036314685,2.0,1.0
3171,SNIIn/snPTF12csy.p0457.dat,E,25.272035422684134,0.07,0.01,1.1529283397928485,2.0,1.0
3172,SNIIn/sn2006jd.p0415.dat,E,25.273239545736278,0.07,0.01,1.152611508455035,2.0,1.0
3173,SNIIn/sn2015da.p0841.dat,E,25.27702910940495,0.07,0.01,1.1520479825566292,2.0,1.0
3174,SNIIn/sn2006jd.p0409.dat,E,25.277581980822127,0.07,0.01,1.152535620289879,2.0,1.0
3175,SNIIn/sn1994Y.p0296.dat,E,25.278263539404197,0.07,0.01,1.1525465020257395,2.0,1.0
3176,SNIIn/sn2010jl.p0441.dat,E,25.280964624902442,0.07,0.01,1.1520910990164897,2.0,1.0
3177,SNIIn/sn2015da.p0506.dat,E,25.28225054916565,0.07,0.01,1.15191052223301,2.0,1.0
3178,SNIIn/sn1988Z.p3691.dat,E,25.286507254424166,0.07,0.01,1.1527005261277743,2.0,1.0
3179,SNIIn/sn2005ip.p0168.dat,E,25.288047368457168,0.07,0.01,1.1530077979030744,2.0,1.0
3180,SNII/sn2004et.p0203.dat,E,25.30139880137444,0.07,0.01,1.1524048301316463,2.0,1.0
3181,SNII/sn2013am.p0065.dat,E,25.30266086113451,0.07,0.01,1.1535062592981566,2.0,1.0
3182,SNII/sn2006bp.p0338.dat,E,25.302698973565693,0.07,0.01,1.1513469090505042,2.0,0.9814076666035776
3183,Gap/sn2019abn.p0053.dat,E,25.30728547044979,0.07,0.01,1.1540294125852388,2.0,1.0
3184,SNII/sn2004et.p0154.dat,E,25.309565405303324,0.07,0.01,1.152262023677983,2.0,1.0
3185,SNIIn/sn1995N.p0051.dat,E,25.314515518843344,0.07,0.01,1.1499446255402332,2.0,1.0
3186,SNII/sn2004et.p0218.dat,E,25.321097315589157,0.07,0.01,1.151847189620782,2.0,1.0
3187,SNIIn/sn1995N.m0043.dat,E,25.32245789986103,0.07,0.01,1.1496203858917118,2.0,1.0
3188,SNIIn/sn2006jd.p1513.dat,E,25.32510925279903,0.07,0.01,1.150512517914021,2.0,1.0
3189,SNII/sn2004et.p0240.dat,E,25.329774493096977,0.07,0.01,1.1518124284571678,2.0,1.0
3190,SNIb/sn2008D.p0040.dat,E,25.339632565521406,0.07,0.01,1.153305677162492,2.0,1.0
3191,SNII/sn2004et.p0250.dat,E,25.34222119122852,0.07,0.01,1.151740723064883,2.0,1.0
3192,SNIIn/sn1988Z.p1124.dat,E,25.342457225049557,0.07,0.01,1.1494549195073198,2.0,1.0
3193,SNII/sn2004et.p0244.dat,E,25.344047214774356,0.07,0.01,1.151707020971762,2.0,1.0
3194,SNII/sn2005cs.p0123.dat,E,25.360410349208763,0.07,0.01,1.1509880540415656,2.0,1.0
3195,SNII/sn2004et.p0292.dat,E,25.363825265217592,0.07,0.01,1.151814709426515,2.0,1.0
3196,SNII/sn2004et.p0176.dat,E,25.365548657688322,0.07,0.01,1.1502880323265556,2.0,1.0
3197,SNIIn/sn1995N.m0276.dat,E,25.36837794890475,0.07,0.01,1.1482910211764183,2.0,1.0
3198,SNII/sn2004et.p0305.dat,E,25.379083388158836,0.07,0.01,1.1512809744278665,2.0,1.0
3199,SNIIn/sn1995N.p1791.dat,E,25.39728682411987,0.07,0.01,1.1516225871117771,2.0,1.0
3200,SNII/sn2005cs.p0225.dat,E,25.39934370202461,0.07,0.01,1.1512132935906556,2.0,1.0
3201,SNIc/sn2005kl.p0008.dat,E,25.432272994910274,0.07,0.01,1.1507384533864051,2.0,1.0
3202,SNIIn/sn1988Z.p1819.dat,E,25.440861650250696,0.12000000000000001,0.01,1.2115946608308863,2.0,0.9556292990638636
3203,SNII/sn2005cs.p0133.dat,E,25.44908354714159,0.07,0.01,1.1499050279359977,2.0,1.0
3204,SNII/sn2005cs.p0177.dat,E,25.50732256724077,0.07,0.01,1.1493512994186141,2.0,1.0
3205,SNII/sn2005cs.p0166.dat,E,25.52106240266601,0.07,0.01,1.1488089755999176,2.0,1.0
3206,SNIIb/sn1993J.p0184.dat,E,25.54728373937925,0.07,0.01,1.1518078632449598,2.0,0.9711585938333627
3207,SNII/sn1987A.p0398.dat,E,25.59970449915089,0.07,0.01,1.142382012144074,2.0,1.0
3208,SNII/sn1987A.p0338.dat,E,25.695870555362852,0.07,0.01,1.1365267979636657,2.0,1.0
3209,SNIIn/sn1988Z.p1532.dat,E,25.86020409660955,0.08,0.01,1.1517376896165585,2.0,1.0
3210,SNIc/sn2004aw.p0403.dat,E,26.3073435928075,0.07,0.01,1.1462516560108023,2.0,1.0
3211,SNII/sn1987A.p0360.dat,E,26.63842263397302,0.09000000000000001,0.01,1.1025557663490573,2.0,1.0
3212,SNII/sn1987A.p0198.dat,E,26.660041948016563,0.08,0.01,1.0859854009326835,2.0,1.0
3213,SNIIn/sn1996L.p0336.dat,E,27.292131372741576,0.13,0.01,1.208521705586104,2.0,0.9576068881474424
3214,SNIa-CN/sn1998V.p0031.dat,E,27.298697821423353,0.13,0.01,1.208388201468133,2.0,0.9566062463343106
3215,SNII/sn1987A.p0472.dat,E,27.590795031259553,0.08,0.01,1.123298599290469,2.0,1.0
3216,SNIIn/sn2010jl.p0766.dat,E,29.12256847450204,0.13,0.01,1.1734394286740537,2.0,0.9522593991465048
3217,SNII/sn1987A.p0374.dat,E,36.64625252125576,0.1,0.01,1.00855892719805,2.0,1.0
3218,SNII/sn1987A.p0008.dat,E,43.07756701363917,0.09000000000000001,0.01,0.2428906686260305,2.0,1.0
3219,SNII/sn1987A.p0018.dat,E,113.27681788545952,0.08,0.01,0.0,2.0,1.0
3220,SNII/sn1987A.p0014.dat,E,206.8817661388052,0.08,0.01,0.0,2.0,1.0
3221,SNII/sn1987A.p0128.dat,E,264.0715107196102,0.08,0.01,0.0,2.0,1.0
3222,SNII/sn1987A.p0070.dat,E,481.3572081109078,0.1,0.01,0.0,2.0,1.0
3223,SNII/sn1987A.p0021.dat,E,533.9859300869645,0.09000000000000001,0.01,0.0,2.0,1.0
3224,SNII/sn1987A.p0027.dat,E,745.9894760387077,0.12000000000000001,0.01,0.0,2.0,1.0
3225,SNII/sn1987A.p0107.dat,E,787.8886876377996,0.11000000000000001,0.01,0.0,2.0,1.0
3226,SNII/sn1987A.p0095.dat,E,2151.9808225811175,0.12000000000000001,0.01,0.0,2.0,1.0
3227,SNII/sn1987A.p0044.dat,E,3617.7346531374005,0.12000000000000001,0.01,0.0,2.0,1.0
3228,SNII/sn1987A.p0073.dat,E,3655.354503968506,0.12000000000000001,0.01,0.0,2.0,1.0
3229,SNII/sn1999br.p0041.dat,E,406837.9699978512,0.12000000000000001,0.01,3.0,2.0,1.0
3230,SNIa-CN/sn2003kf.p0397.dat,E,1320441208.786717,0.09000000000000001,0.01,3.0,2.0,0.9813772434017596
3231,SNII/sn1987A.p0251.dat,E,inf,0.09000000000000001,0.10027831695493797,0.5015470851306983,-2.0,0.9984825891281872
3232,SNIIn/sn2008S.m0008.dat,E,inf,0.07,0.01,1.1526654771311553,2.0,1.0
3233,SNII/sn2004dj.p0066.dat,E,inf,0.08,0.07738941693726047,0.6094431016889486,-2.0,1.0
3234,SNII/sn2006ov.p0168.dat,E,inf,0.09000000000000001,0.26657667279517344,0.22689027317949537,-1.2190587745430583,1.0
3235,SNII/sn2004dj.p0048.dat,E,inf,0.07,0.01,1.151707020971762,2.0,1.0
3236,SNII/sn2004dj.p0056.dat,E,inf,0.1,0.2598394208911974,0.7376687256439213,-0.6440741440467506,1.0
3237,SNII/sn2012aw.p0009.dat,E,inf,0.09000000000000001,0.26657667279517344,0.22689027317949537,-1.2190587745430583,1.0
3238,SNII/sn1999em.p0049.dat,E,inf,0.09000000000000001,0.26657667279517344,0.22689027317949537,-1.2190587745430583,1.0
3239,SNII/sn2005cs.p0009.dat,E,inf,0.09000000000000001,0.26657667279517344,0.22689027317949537,-1.2190587745430583,1.0
3240,SNIIn/sn1998S.p1083.dat,E,inf,0.07,0.01,1.1526654771311553,2.0,1.0
3241,SNIb/sn2004gq.p0343.dat,E,inf,0.1,0.11996589210803921,0.48469834378082916,-1.7317349883483377,1.0
3242,SNII/sn1999em.p0094.dat,E,inf,0.09000000000000001,1.7023463363784639,0.1676608425835636,0.8002459569053919,0.9575449217526346
3243,SNII/sn2004dj.p0098.dat,E,inf,0.09000000000000001,0.03693633874658025,0.9471158245209087,-2.0,0.9984825891281872
3244,SNII/sn2009N.p0057.dat,E,inf,0.09000000000000001,0.3948721571311663,0.5106621731647186,-0.4056120619135033,1.0
3245,SNIIn/snLSQ12heq.p0020.dat,E,inf,0.09000000000000001,0.0985126117811552,0.4899111169800468,-2.0,1.0
3246,SNIIn/sn2005kj.p0086.dat,E,inf,0.09000000000000001,0.0985126117811552,0.4899111169800468,-2.0,1.0
3247,SNII/sn2009N.p0372.dat,E,inf,0.1,0.012774625197042323,1.0305398447719731,-2.0,1.0
3248,SNIIn/sn2015da.m0043.dat,E,inf,0.07,0.01,1.1494549195073198,2.0,1.0
3249,SNIIn/sn2008S.p0073.dat,E,inf,0.1,0.03267081145148465,0.9280473034082678,-2.0,1.0
3250,SNII/sn2012aw.p0012.dat,E,inf,0.08,0.01,0.0,2.0,1.0
3251,SNIIn/sn2006jd.p0107.dat,E,inf,0.09000000000000001,0.0985126117811552,0.4899111169800468,-2.0,1.0
3252,SNII/sn2004dj.p0065.dat,E,inf,0.08,0.01,0.0,2.0,1.0
3253,SNII/sn2004dj.p0051.dat,E,inf,0.09000000000000001,0.16766570200748745,0.5535608655226996,-1.1802071008110713,0.9575449217526346
3254,SNII/sn2012aw.p0015.dat,E,inf,0.09000000000000001,3.0,0.1694951920383917,1.2668073606015176,1.0
3255,SNII/sn1987A.p0061.dat,E,inf,0.1,0.01,1.044760956800911,-0.6918344078871188,1.0
3256,SNIIn/sn1998S.p0308.dat,E,inf,0.07,0.01,1.1494549195073198,2.0,1.0
3257,SNIb/sn2004gq.p0297.dat,E,inf,0.09000000000000001,0.08404229484833217,0.5809816973035792,-2.0,1.0
3258,SNIIn/sn2006aa.p0034.dat,E,inf,0.09000000000000001,0.08497746496399076,0.5320218155380829,-2.0,1.0
3259,SNII/sn2004dj.p0100.dat,E,inf,0.1,0.7132600148272777,0.6203941327837,0.32130217229248137,1.0
3260,SNII/sn2009N.p0046.dat,E,inf,0.08,0.08268799727723711,0.47889642338097677,-2.0,1.0
3261,SNIIn/sn2006jd.p1151.dat,E,inf,0.1,0.03891685924019248,0.9016024911294004,-2.0,1.0
3262,SNII/sn2009N.p0025.dat,E,inf,0.1,0.4046301335479503,0.5481257692050381,-0.24955179962284707,1.0
3263,SNIIn/sn1998S.p0339.dat,E,inf,0.1,0.3292736432077898,0.7013879200266628,-0.4738351847822861,1.0
3264,SNII/sn2004dj.p0096.dat,E,inf,0.08,0.07964658668331986,0.49286085432680465,-2.0,1.0
3265,SNIIn/sn1998S.p0689.dat,E,inf,0.1,0.02487127124019163,0.9940996378055956,-2.0,1.0
3266,SNII/sn1999gi.p0106.dat,E,inf,0.08,0.1201072125024585,0.42062340539150045,-2.0,1.0
3267,SNII/sn1999em.p0515.dat,E,inf,0.12000000000000001,0.01,0.0,2.0,1.0
3268,SNIIn/sn1988Z.p0775.dat,E,inf,0.1,1.6126052066238494,0.8344135865510169,2.0,1.0
3269,SNIIn/sn1994Y.p0205.dat,E,inf,0.09000000000000001,0.07990469731223768,0.6726326898826861,-1.8278705422435204,1.0
3270,SNIIn/sn1988Z.p0716.dat,E,inf,0.1,0.03156630609391671,0.9230477664289675,-2.0,1.0
3271,SNII/sn1999em.p0040.dat,E,inf,0.1,0.11572537703517612,0.4792056662114245,-1.4529603924576209,1.0
3272,SNIIn/sn1988Z.p0442.dat,E,inf,0.1,1.1985843827639706,0.3075754045355739,0.4631287324645258,1.0
3273,SNIIn/sn1998S.p0298.dat,E,inf,0.09000000000000001,0.724949647797047,0.48034538194151094,-0.0006162474244402233,0.9619118518992806
3274,SNIIn/sn2008S.p0031.dat,E,inf,0.08,0.22087336315909464,0.3410015250967222,-1.2177376209003696,1.0
3275,SNIIn/snLSQ12hxg.p0072.dat,E,inf,0.1,1.1985843827639706,0.3075754045355739,0.4631287324645258,1.0
3276,SNII/sn1999em.p0048.dat,E,inf,0.09000000000000001,1.7023463363784639,0.1676608425835636,0.8002459569053919,0.9575449217526346
3277,SNII/sn2004dj.p0084.dat,E,inf,0.09000000000000001,0.08364629679271401,0.5634004099503319,-2.0,0.9575449217526346
3278,SNIIn/sn2005kj.p0066.dat,E,inf,0.12000000000000001,0.039515023305945134,0.907507065766248,-1.8738189713000477,1.0
3279,SNII/sn2012aw.p0305.dat,E,inf,0.07,0.01,1.152262023677983,2.0,1.0
3280,SNIIn/sn2006qq.p0031.dat,E,inf,0.09000000000000001,0.01785824107828165,0.9845148041961286,-2.0,1.0
3281,SNIb/sn2005bf.p0213.dat,E,inf,0.09000000000000001,0.12441685833502468,0.36683947590107935,-1.8689551013431478,1.0
3282,SNII/sn2012aw.p0014.dat,E,inf,0.1,1.5856997338962915,0.4637621757686414,0.9493617832106144,1.0
3283,SNII/sn2012aw.p0026.dat,E,inf,0.08,0.09633365611372285,0.396568810530602,-2.0,1.0
3284,SLSN-I/sn2006oz.m0020.dat,E,inf,0.11000000000000001,2.8411979440236594,0.35276221304199484,1.0627603173658153,1.0
3285,SLSN-I/snPTF13ajg.m0009.dat,E,inf,0.11000000000000001,3.0,0.0781002194874307,0.8813765874326202,1.0
3286,SNIIn/sn2006qq.p0058.dat,E,inf,0.1,0.020135099076129377,1.0077367479416617,-2.0,1.0
3287,SLSN-I/snSNLS-06D4eu.m0023.dat,E,inf,0.12000000000000001,0.45477270353708443,0.4127864662450884,-0.37399084857807274,1.0
3288,SLSN-I/snASASSN-15lh.p0020.dat,E,inf,0.12000000000000001,0.45477270353708443,0.4127864662450884,-0.37399084857807274,1.0
3289,SLSN-I/sn2010gx.m0005.dat,E,inf,0.12000000000000001,0.45477270353708443,0.4127864662450884,-0.37399084857807274,1.0
3290,SLSN-I/snPS1-10awh.m0018.dat,E,inf,0.1,3.0,0.4860035689549221,1.2798285470353012,1.0
3291,SNIIb-flash/sn2013cu.m0003.dat,E,inf,0.07,3.0,0.2731955261177252,1.7384688201254763,0.9595300036570854
3292,SNIIn/sn1998S.p0002.dat,E,inf,0.08,0.49221067632361815,0.0,-0.8765810336436546,1.0
3293,SNIIn/sn2005kj.p0059.dat,E,inf,0.1,0.29844541261503477,0.7396846018992008,-0.2523545952291722,1.0
3294,SNIc/sn1994I.p0116.dat,E,inf,0.12000000000000001,2.505130685439133,0.21652536791421687,0.8779069576727807,1.0
3295,SNIc/sn2004aw.p0025.dat,E,inf,0.1,2.237149468433575,0.0,0.8700135893883052,1.0
3296,SNII-flash/sniPTF14flu.p0013.dat,E,inf,0.1,0.2335032656384442,0.906746235894694,-0.4994596659737812,1.0
3297,SNIIn/snLSQ12heq.p0042.dat,E,inf,0.08,0.24394146081849893,0.37071026308117205,-1.0522070968806718,1.0
3298,SNIIn/sn1995G.p0251.dat,E,inf,0.1,0.055068358156604394,0.8037882871444325,-1.9116536009180518,1.0
3299,SLSN-I/snPS1-11ky.p0015.dat,E,inf,0.11000000000000001,2.8411979440236594,0.35276221304199484,1.0627603173658153,1.0
3300,SNIa-CSM/sn2011km.p0712.dat,E,inf,0.1,0.37221898952384946,0.10730304959084597,-0.7735946241862932,1.0
3301,SLSN-I/snSCP06F6.m0004.dat,E,inf,0.11000000000000001,3.0,0.47339901240180177,1.3390262839623417,1.0
3302,SLSN-I/snPTF13ajg.p0010.dat,E,inf,0.1,3.0,0.08758899118761872,0.9111231031890477,1.0
3303,SLSN-I/sn2011ke.p0036.dat,E,inf,0.12000000000000001,3.0,0.2795467071581454,0.9613171411712884,1.0
3304,SLSN-I/snPTF11rks.p0044.dat,E,inf,0.11000000000000001,0.8185481971658383,0.0,-0.15974875253423038,1.0
3305,SLSN-I/snASASSN-15lh.p0031.dat,E,inf,0.12000000000000001,1.332291445748262,0.0,0.24583977100722176,1.0
3306,SLSN-I/sn2010gx.p0021.dat,E,inf,0.1,2.1825330271475605,0.0,0.6609839636854155,1.0
3307,SLSN-I/snPS1-11ky.p0026.dat,E,inf,0.11000000000000001,3.0,0.25484921008835143,0.8976376835214408,1.0
3308,SLSN-I/snPTF13ajg.p0025.dat,E,inf,0.1,0.5967740917646963,0.0,-0.48582798968067026,1.0
3309,SLSN-I/snLSQ12dlf.p0008.dat,E,inf,0.1,0.654381139229304,0.0,-0.28568137269674504,1.0
3310,SNIc-bl/sn1998bw.m0009.dat,E,inf,0.1,0.2921392148386683,0.0,-1.3023205595842517,1.0
3311,SLSN-I/sn2010gx.p0010.dat,E,inf,0.11000000000000001,1.6611350898286126,0.0,0.5538018188173687,1.0
3312,SLSN-I/snPS1-11ky.m0002.dat,E,inf,0.11000000000000001,1.6611350898286126,0.0,0.5538018188173687,1.0
3313,SNIIn/sn2008S.m0004.dat,E,inf,0.09000000000000001,0.02881733023415398,1.0355775424471343,-1.9871695079553415,0.955265220486891
3314,SLSN-I/snSCP06F6.p0001.dat,E,inf,0.11000000000000001,0.9180118914482793,0.0,-0.14845053619252588,1.0
3315,SLSN-I/snPS1-11ky.p0001.dat,E,inf,0.08,3.0,0.1965683994493591,1.0045758439145194,1.0
3316,SLSN-I/sn2010gx.p0057.dat,E,inf,0.11000000000000001,3.0,0.0,0.7946199407776764,1.0
3317,SLSN-I/snPTF13ajg.p0046.dat,E,inf,0.1,3.0,0.08758899118761872,0.9111231031890477,1.0
3318,SLSN-I/snPTF13ajg.p0080.dat,E,inf,0.12000000000000001,3.0,0.08881809703447752,0.816115294852938,1.0
3319,SNIa-CSM/sn2005gj.p0042.dat,E,inf,0.07,3.0,0.2648471972014049,1.295217684875869,1.0
3320,SNIc/sn1994I.p0033.dat,E,inf,0.11000000000000001,3.0,0.013634480306054754,1.1223540237746636,1.0
3321,SNIc/sn1994I.p0034.dat,E,inf,0.11000000000000001,0.4556157929285855,0.0,-0.8157361985431977,1.0
3322,SNIIb/sn2008ax.p0258.dat,E,inf,0.09000000000000001,0.09323726964393857,0.44675305108541075,-2.0,1.0
3323,SNIIb/sn1998fa.p0016.dat,E,inf,0.1,0.07555491532294184,0.6412073099820312,-1.835293518643252,1.0
3324,SNIIb/sn1993J.p0215.dat,E,inf,0.09000000000000001,0.4257053095289728,0.07443800273607158,-0.8734493336187883,1.0
3325,SNIIb/sn1998fa.p0007.dat,E,inf,0.1,0.4842087704409416,0.5421793811630621,-0.28684893641349873,1.0
3326,SNIIb/sn2008ax.p0127.dat,E,inf,0.1,0.21594354435146143,0.3555155650094891,-1.3012852992957002,1.0
3327,SNIIb/sn1998fa.p0037.dat,E,inf,0.1,0.02682081708824096,0.9287010484756594,-2.0,0.9599642622493234
3328,SNIIb/sn1993J.p0047.dat,E,inf,0.09000000000000001,0.5370585198712314,0.0,-0.5893605537356323,1.0
3329,SNIIb/sn2008ax.p0337.dat,E,inf,0.1,0.14287161900567003,0.4035945791348527,-1.5713099379066873,1.0
3330,SNIa-CL/sn1999by.p0011.dat,E,inf,0.1,0.3803977229060074,0.04237539179991141,-0.9088582497662576,1.0
3331,SNIIn/sn1988Z.p0701.dat,E,inf,0.07,0.01,1.1494549195073198,2.0,1.0
3332,SNIa-CL/sn1999by.m0002.dat,E,inf,0.1,0.7790369654992079,0.1209691056076995,0.09505882038685,1.0
3333,SNIa-CL/sn1999by.p0002.dat,E,inf,0.1,0.23952099977738028,0.03657523128675789,-1.3279096600263527,1.0
3334,SNIa-CL/sn1999by.p0010.dat,E,inf,0.1,1.6848669581399451,0.3290536007603096,0.7391816997033025,1.0
3335,SNIa-BL/sn2006cj.m0002.dat,E,inf,0.13,1.0437835288328245,0.29591049551646165,0.2402045116724189,1.0
3336,SNIa-BL/sn1999cl.p0005.dat,E,inf,0.1,1.0392842817595473,0.30530891788527437,0.2648660741466805,1.0
3337,SNIIb/sn1993J.p0067.dat,E,inf,0.09000000000000001,0.1573814843514973,0.42008778226411564,-1.5962860894425055,1.0
3338,SNIIb/sn2008ax.p0031.dat,E,inf,0.09000000000000001,0.1573814843514973,0.42008778226411564,-1.5962860894425055,1.0
3339,SNIa-SS/sn1998ab.p0007.dat,E,inf,0.1,0.5102645633649158,0.5964969288885602,0.007155528537909195,1.0
3340,SNIa-SS/sn1998es.m0009.dat,E,inf,0.07,0.5339848098441785,0.7186966652851858,0.08538767886894132,1.0
3341,SNIa-CSM/sn1999E.p0004.dat,E,inf,0.1,0.02862690663614445,0.949591074474479,-2.0,1.0
3342,SNIa-CSM/snASASSN-15og.p0087.dat,E,inf,0.1,0.04396595708822128,0.798351693111871,-2.0,1.0
3343,SNIa-CSM/snASASSN-15og.p0036.dat,E,inf,0.1,0.04333410996140442,0.820953645832535,-1.947938721882846,1.0
3344,SNIa-CSM/snASASSN-15og.p0056.dat,E,inf,0.1,2.607724959795885,0.0,0.8401684509675706,1.0
3345,SNIa-CSM/snASASSN-15og.p0020.dat,E,inf,0.1,0.05289251852657212,0.773832771058748,-2.0,1.0
3346,SNIa-CSM/sn2011km.p0043.dat,E,inf,0.1,0.05152250862716413,0.7785058803319576,-2.0,1.0
3347,SNIc/sn1990B.p0039.dat,E,inf,0.1,1.1215442420029966,0.1989834451468654,0.09170883647803259,1.0
3348,SLSN-I/snPS1-10awh.p0006.dat,E,inf,0.1,2.0896408905121437,0.0,0.593020586981061,1.0
3349,SNIa-CSM/snASASSN-15og.p0055.dat,E,inf,0.1,0.5176672619625975,0.0,-0.6085904337509416,1.0
3350,SNIa-CSM/snASASSN-15og.p0021.dat,E,inf,0.09000000000000001,0.2646372513872931,0.27242986758991605,-1.1153855453129888,1.0
3351,SNIc/sn2004aw.p0058.dat,E,inf,0.1,0.060043432723568824,0.608003607100386,-2.0,1.0
3352,SNIc/sn1990B.p0004.dat,E,inf,0.11000000000000001,0.5207246162307693,0.15496270022612704,-0.5773311755797327,1.0
3353,SNIc/sn2004aw.p0045.dat,E,inf,0.09000000000000001,0.4824813796083626,0.0,-0.793944093152754,1.0
3354,SNIc/sn2004aw.p0039.dat,E,inf,0.1,0.20832897691800611,0.2260790575369931,-1.4996630941950027,1.0
3355,SNIc/sn2004aw.p0060.dat,E,inf,0.1,0.20832897691800611,0.2260790575369931,-1.4996630941950027,1.0
3356,SNIb-pec/sn2009er.m0001.dat,E,inf,0.12000000000000001,2.185123152615913,0.0,0.5200758952523434,1.0
3357,SNIa-CSM/snASASSN-15og.p0059.dat,E,inf,0.1,0.046129333685632344,0.8589504085285555,-1.8890240087529289,1.0
3358,SNIIn/sn2006qq.p0042.dat,E,inf,0.13,0.01,1.1734394286740537,2.0,0.9522593991465048
3359,SNIa-CN/sn1998aq.m0004.dat,E,inf,0.12000000000000001,0.8863005562620769,0.6105665725548023,0.583965716080834,1.0
3360,SNIa-CN/sn1998bu.max.dat,E,inf,0.11000000000000001,0.7815656733401186,0.44611165954530835,0.13783456397728597,1.0
3361,SLSN-II/sn2013hx.p0017.dat,E,inf,0.09000000000000001,3.0,0.2788983050496812,1.1277274564229964,1.0
3362,SNII/sn2005cs.p0160.dat,E,inf,0.1,0.9530853981975558,0.5930926017759881,0.45850863094418887,1.0
3363,SNII/sn2002gd.p0100.dat,E,inf,0.1,0.9530853981975558,0.5930926017759881,0.45850863094418887,1.0
3364,SNIIn/sn2010jl.p0021.dat,E,inf,0.12000000000000001,0.02437398267271869,0.9716451699194776,-2.0,1.0
3365,SLSN-II/sn2008es.p0080.dat,E,inf,0.1,0.43467515743701973,0.4709815520379409,-0.571959646432377,1.0
3366,SNIIn/sn2010jl.p0169.dat,E,inf,0.07,0.01,1.1530077979030744,2.0,1.0
3367,SNIIn/sn1998S.p0326.dat,E,inf,0.1,0.09781125244350948,0.783277574893578,-1.4063410299698011,1.0
3368,SNIIn/sn1998S.p0411.dat,E,inf,0.1,0.03072361164748234,0.9283368418275131,-2.0,1.0
3369,SNII/sn1987A.p0001.dat,E,inf,0.07,0.01,1.1493512994186141,2.0,1.0
3370,SNII/sn2012aw.p0005.dat,E,inf,0.1,0.06845659079142312,0.591947459970581,-2.0,1.0
3371,SNII/sn1987A.p0085.dat,E,inf,0.1,0.06845659079142312,0.591947459970581,-2.0,1.0
3372,SNIIn/sn1988Z.p0669.dat,E,inf,0.08,0.9286932874581245,0.0,-0.14312515451338303,1.0
3373,SNII/sn2012aw.p0092.dat,E,inf,0.08,0.08748255655629125,0.5192089582112008,-2.0,0.9937163430725102
3374,SNIIn/sn1988Z.p0742.dat,E,inf,0.1,0.03216499521313509,0.9280627368426817,-2.0,1.0
3375,SNII/sn2004dj.p0095.dat,E,inf,0.12000000000000001,0.01,3.0,2.0,1.0
3376,SNIIn/sn1998S.p0004.dat,E,inf,0.1,0.09781125244350948,0.783277574893578,-1.4063410299698011,1.0
3377,SLSN-II/sn2008am.p0345.dat,E,inf,0.09000000000000001,0.25301393680976414,0.46195939237872485,-0.9036399489537538,1.0
3378,SNII/sn2005cs.p0193.dat,E,inf,0.09000000000000001,0.18266146814559836,0.4139664526540803,-1.3585660969428353,1.0
3379,SNIIn/sn1994Y.p0182.dat,E,inf,0.07,0.01,1.1499446255402332,2.0,1.0
3380,SNIb/sn2005hg.p0022.dat,E,inf,0.1,1.3076777064018779,0.13115801980996397,0.48763186779745943,1.0
3381,SNIIn/sn2007pk.m0001.dat,E,inf,0.07,0.01,1.1527937390642353,2.0,1.0
3382,SNIIn/sn2006qq.p0036.dat,E,inf,0.09000000000000001,0.012297493880629222,1.0633042797001588,-2.0,1.0
3383,SNII/sn2004dj.p0068.dat,E,inf,0.07,0.03033414909508149,0.9571366267012563,-2.0,1.0
3384,SNII/sn2012aw.p0007.dat,E,inf,0.07,0.03033414909508149,0.9571366267012563,-2.0,1.0
3385,SNIb/sn2009iz.p0041.dat,E,inf,0.1,1.2990983398233658,0.005530850275769523,0.19037717454990846,1.0
3386,SNII/sn2005cs.p0270.dat,E,inf,0.09000000000000001,0.4160424655792245,0.37576635235903805,-0.5153962808999926,1.0
3387,SNII/sn2005cs.p0333.dat,E,inf,0.09000000000000001,0.12264782292835873,0.6097109719383217,-1.4434487352304401,1.0
3388,SNII/sn1999em.p0158.dat,E,inf,0.09000000000000001,0.12264782292835873,0.6097109719383217,-1.4434487352304401,1.0
3389,SNIb/sn2008D.m0013.dat,E,inf,0.09000000000000001,0.21550825933385054,0.2661554286100922,-1.3324837731183217,1.0
3390,SNIIn/sn2008fq.p0028.dat,E,inf,0.08,0.01,1.1517376896165585,2.0,1.0
3391,SNII/sn2005cs.p0281.dat,E,inf,0.07,0.01,1.1509880540415656,2.0,1.0
3392,SNII/sn1999em.p0020.dat,E,inf,0.07,0.01,1.1509880540415656,2.0,1.0
3393,SNIIn/sn1998S.p0467.dat,E,inf,0.1,0.029389350268269738,0.9359995929418636,-2.0,1.0
3394,SNII/sn2004dj.p0053.dat,E,inf,0.08,0.08403624100437188,0.4687723179363075,-2.0,1.0
3395,SNII/sn2005cs.p0003.dat,E,inf,0.1,0.3202111518396209,0.5418764925872125,-0.4730675486725561,1.0
3396,SNIIn/sn2007pk.p0080.dat,E,inf,0.09000000000000001,0.34348479809535964,0.1899708966961003,-0.929003662015267,1.0
3397,SLSN-II/sn2008es.m0011.dat,E,inf,0.08,3.0,0.3759449048752714,1.1152276672426589,1.0
3398,SLSN-IIn/snPTF10scc.p0067.dat,E,inf,0.08,0.17657777455642146,0.0,-2.0,1.0
3399,Gap/sn2017be.p0037.dat,E,inf,0.1,0.25929065388996625,0.31024431926224294,-1.2180262579344412,1.0
3400,Gap/sn2015dl.p0005.dat,E,inf,0.1,0.25929065388996625,0.31024431926224294,-1.2180262579344412,1.0
3401,SNIc-bl/sn1998bw.p0373.dat,E,inf,0.11000000000000001,0.19703996171269497,0.0,-1.6491234084749609,1.0
3402,Gap/sn2000ch.p0055.dat,E,inf,0.07,0.17418349973050354,0.0,-2.0,1.0
3403,Gap/sn2017be.p0098.dat,E,inf,0.1,0.10475963768893731,0.7745879931051408,-1.2788077567276344,1.0
3404,SNIIn/sn2006bo.p0011.dat,E,inf,0.12000000000000001,0.06062707274741004,0.8925505500425298,-1.5454380300303487,1.0
3405,SLSN-I/snASASSN-15lh.p0015.dat,E,inf,0.1,1.2924779015135524,0.4341208809723844,0.4260003136339203,1.0
3406,SLSN-I/snPTF13ajg.m0008.dat,E,inf,0.1,1.2924779015135524,0.4341208809723844,0.4260003136339203,1.0
3407,SLSN-I/snSNLS-07D2bv.m0164.dat,E,inf,0.1,1.0107251710590186,0.0,0.0001003027646500454,1.0
3408,SLSN-I/snPS1-10awh.p0013.dat,E,inf,0.1,3.0,0.5464364424948127,1.066305362845664,1.0
3409,SLSN-I/snPTF13ajg.p0027.dat,E,inf,0.1,3.0,0.564919912930702,1.210798213963822,1.0
3410,SLSN-I/snPS1-11bam.p0003.dat,E,inf,0.1,3.0,0.564919912930702,1.210798213963822,1.0
3411,SNIIn/sn1988Z.p0653.dat,E,inf,0.09000000000000001,0.015888556337974567,1.007657361518821,-2.0,1.0
3412,SLSN-I/snPS1-11bam.p0005.dat,E,inf,0.11000000000000001,1.3620328729431195,0.0,0.23166065118418455,1.0
3413,SLSN-I/sn2011kf.p0051.dat,E,inf,0.11000000000000001,1.3620328729431195,0.0,0.23166065118418455,1.0
3414,SLSN-II/snCSS121015.p0027.dat,E,inf,0.09000000000000001,1.9635763579158003,0.0,0.6248427392743845,1.0
3415,Gap/sn2015dl.p0000.dat,E,inf,0.1,0.07733017380935758,0.6905935116344357,-2.0,0.9690147259877945
3416,Gap/sn2007sv.p0025.dat,E,inf,0.1,1.0026643324104216,0.4156144255109699,0.2295339199119527,1.0
3417,SLSN-II/sn2013hx.p0018.dat,E,inf,0.1,3.0,0.2275765884333938,1.0819092633737049,1.0
3418,SLSN-IIn/sn2006gy.p0084.dat,E,inf,0.11000000000000001,0.8460991631448641,0.34825973327955817,0.015166623049847965,1.0
3419,SNIIn/sn1995G.p0361.dat,E,inf,0.1,0.021521435890067837,1.0108718426600554,-2.0,1.0
3420,SLSN-IIn/sn2006gy.p0055.dat,E,inf,0.08,0.20091246755905667,0.0,-2.0,1.0
3421,SLSN-IIn/sn2006gy.p0109.dat,E,inf,0.08,0.20091246755905667,0.0,-2.0,1.0
3422,SLSN-IIn/sn2006gy.p0027.dat,E,inf,0.08,0.1878472158334764,0.0,-2.0,1.0
3423,SNIc-bl/sn2002ap.p0129.dat,E,inf,0.1,0.483261214210877,0.0,-0.8705186168812926,1.0
3424,SLSN-IIn/sn2006gy.p0023.dat,E,inf,0.1,0.11657510185676902,0.61785376526055,-1.4921880391475932,1.0
3425,SLSN-I/snSCP06F6.m0016.dat,E,inf,0.11000000000000001,2.3731675513460133,0.0,0.7199294460007827,1.0
3426,SLSN-II/snCSS121015.m0002.dat,E,inf,0.07,0.01,1.1561752893788226,2.0,0.9965082951924938
3427,Gap/sn2007sv.p0031.dat,E,inf,0.08,0.01,1.0909762076609102,-1.6392476900277944,1.0
3428,SLSN-II/snCSS121015.m0003.dat,E,inf,0.1,2.6849957281454815,0.03058606708921496,0.7255490149923598,1.0
3429,Gap/sn2001ac.p0013.dat,E,inf,0.08,0.01,1.0909762076609102,-1.6392476900277944,1.0
3430,Gap/sn2000ch.p0028.dat,E,inf,0.08,0.1757140342899993,0.0,-2.0,1.0
3431,Gap/sn2015dl.p0119.dat,E,inf,0.09000000000000001,0.40982340224575464,0.24014037181863762,-0.7095063515686837,1.0
3432,SLSN-II/sn2013hx.p0002.dat,E,inf,0.07,0.01,1.1567098951895145,2.0,0.9965082951924938
3433,Gap/sn2019abn.m0013.dat,E,inf,0.08,0.8323111262040329,0.0,-0.24258375542334032,1.0
3434,Gap/snLSQ13zm.p0244.dat,E,inf,0.08,0.18463066507782963,0.0,-2.0,1.0
3435,SNIIn/sn2005kj.p0115.dat,E,inf,0.07,0.01,1.1494549195073198,2.0,1.0
